A:A90:9001	Ligand	white
A:SER:27	h1.1x35	#78C5D5
A:PRO:28	h1.1x36	#78C5D5
A:TRP:29	h1.1x37	#78C5D5
A:PHE:30	h1.1x38	#78C5D5
A:ALA:31	h1.1x39	#78C5D5
A:ALA:32	h1.1x40	#78C5D5
A:SER:33	h1.1x41	#78C5D5
A:PHE:34	h1.1x42	#78C5D5
A:CYS:35	h1.1x43	#78C5D5
A:VAL:36	h1.1x44	#78C5D5
A:VAL:37	h1.1x45	#78C5D5
A:GLY:38	h1.1x46	#78C5D5
A:LEU:39	h1.1x47	#78C5D5
A:ALA:40	h1.1x48	#78C5D5
A:SER:41	h1.1x49	#78C5D5
A:ASN:42	h1.1x50	#78C5D5
A:LEU:43	h1.1x51	#78C5D5
A:LEU:44	h1.1x52	#78C5D5
A:ALA:45	h1.1x53	#78C5D5
A:LEU:46	h1.1x54	#78C5D5
A:SER:47	h1.1x55	#78C5D5
A:VAL:48	h1.1x56	#78C5D5
A:LEU:49	h1.1x57	#78C5D5
A:ALA:50	h1.1x58	#78C5D5
A:GLY:51	h1.1x59	#78C5D5
A:ALA:52	h1.1x60	#78C5D5
A:ARG:53	h1.1x61	#78C5D5
A:SER:61	h2.2x37	#459BA8
A:SER:62	h2.2x38	#459BA8
A:PHE:63	h2.2x39	#459BA8
A:LEU:64	h2.2x40	#459BA8
A:THR:65	h2.2x41	#459BA8
A:PHE:66	h2.2x42	#459BA8
A:LEU:67	h2.2x43	#459BA8
A:CYS:68	h2.2x44	#459BA8
A:GLY:69	h2.2x45	#459BA8
A:LEU:70	h2.2x46	#459BA8
A:VAL:71	h2.2x47	#459BA8
A:LEU:72	h2.2x48	#459BA8
A:THR:73	h2.2x49	#459BA8
A:ASP:74	h2.2x50	#459BA8
A:PHE:75	h2.2x51	#459BA8
A:LEU:76	h2.2x52	#459BA8
A:GLY:77	h2.2x53	#459BA8
A:LEU:78	h2.2x54	#459BA8
A:LEU:79	h2.2x55	#459BA8
A:VAL:80	h2.2x551	#459BA8
A:THR:81	h2.2x56	#459BA8
A:GLY:82	h2.2x57	#459BA8
A:THR:83	h2.2x58	#459BA8
A:ILE:84	h2.2x59	#459BA8
A:VAL:85	h2.2x60	#459BA8
A:VAL:86	h2.2x61	#459BA8
A:SER:87	h2.2x62	#459BA8
A:GLN:88	h2.2x63	#459BA8
A:HIS:89	h2.2x64	#459BA8
A:ALA:90	h2.2x65	#459BA8
A:ALA:91	h2.2x66	#459BA8
A:GLU:94	h23.23x49	white
A:TRP:95	h23.23x50	white
A:HIS:96	h23.23x501	white
A:ALA:97	h23.23x51	white
A:VAL:98	h23.23x52	white
A:CYS:102	h3.3x22	#79C268
A:ARG:103	h3.3x23	#79C268
A:LEU:104	h3.3x24	#79C268
A:CYS:105	h3.3x25	#79C268
A:ARG:106	h3.3x26	#79C268
A:PHE:107	h3.3x27	#79C268
A:MET:108	h3.3x28	#79C268
A:GLY:109	h3.3x29	#79C268
A:VAL:110	h3.3x30	#79C268
A:VAL:111	h3.3x31	#79C268
A:MET:112	h3.3x32	#79C268
A:ILE:113	h3.3x33	#79C268
A:PHE:114	h3.3x34	#79C268
A:PHE:115	h3.3x35	#79C268
A:GLY:116	h3.3x36	#79C268
A:LEU:117	h3.3x37	#79C268
A:SER:118	h3.3x38	#79C268
A:PRO:119	h3.3x39	#79C268
A:LEU:120	h3.3x40	#79C268
A:LEU:121	h3.3x41	#79C268
A:LEU:122	h3.3x42	#79C268
A:GLY:123	h3.3x43	#79C268
A:ALA:124	h3.3x44	#79C268
A:ALA:125	h3.3x45	#79C268
A:MET:126	h3.3x46	#79C268
A:ALA:127	h3.3x47	#79C268
A:SER:128	h3.3x48	#79C268
A:GLU:129	h3.3x49	#79C268
A:ARG:130	h3.3x50	#79C268
A:TYR:131	h3.3x51	#79C268
A:LEU:132	h3.3x52	#79C268
A:GLY:133	h3.3x53	#79C268
A:ILE:134	h3.3x54	#79C268
A:THR:135	h3.3x55	#79C268
A:ARG:136	h3.3x56	#79C268
A:PRO:137	h34.34x50	white
A:PHE:138	h34.34x51	white
A:SER:139	h34.34x52	white
A:ARG:140	h34.34x53	white
A:PRO:141	h34.34x54	white
A:ALA:142	h34.34x55	white
A:VAL:143	h34.34x56	white
A:ALA:144	h34.34x57	white
A:SER:145	h4.4x38	#C5D846
A:GLN:146	h4.4x39	#C5D846
A:ARG:147	h4.4x40	#C5D846
A:ARG:148	h4.4x41	#C5D846
A:ALA:149	h4.4x42	#C5D846
A:TRP:150	h4.4x43	#C5D846
A:ALA:151	h4.4x44	#C5D846
A:THR:152	h4.4x45	#C5D846
A:VAL:153	h4.4x46	#C5D846
A:GLY:154	h4.4x47	#C5D846
A:LEU:155	h4.4x48	#C5D846
A:VAL:156	h4.4x49	#C5D846
A:TRP:157	h4.4x50	#C5D846
A:ALA:158	h4.4x51	#C5D846
A:ALA:159	h4.4x52	#C5D846
A:ALA:160	h4.4x53	#C5D846
A:LEU:161	h4.4x54	#C5D846
A:ALA:162	h4.4x55	#C5D846
A:LEU:163	h4.4x56	#C5D846
A:GLY:164	h4.4x57	#C5D846
A:LEU:165	h4.4x58	#C5D846
A:LEU:166	h4.4x59	#C5D846
A:PRO:167	h4.4x60	#C5D846
A:LEU:168	h4.4x61	#C5D846
A:LEU:169	h4.4x62	#C5D846
A:GLY:170	h4.4x63	#C5D846
A:CYS:183	h45.45x50	white
A:PHE:184	h45.45x51	white
A:LEU:185	h45.45x52	white
A:GLU:190	h5.5x33	#F5D63D
A:SER:191	h5.5x34	#F5D63D
A:GLY:192	h5.5x35	#F5D63D
A:ASP:193	h5.5x36	#F5D63D
A:VAL:194	h5.5x37	#F5D63D
A:ALA:195	h5.5x38	#F5D63D
A:PHE:196	h5.5x39	#F5D63D
A:GLY:197	h5.5x40	#F5D63D
A:LEU:198	h5.5x41	#F5D63D
A:LEU:199	h5.5x42	#F5D63D
A:PHE:200	h5.5x43	#F5D63D
A:SER:201	h5.5x44	#F5D63D
A:MET:202	h5.5x45	#F5D63D
A:LEU:203	h5.5x46	#F5D63D
A:GLY:204	h5.5x47	#F5D63D
A:GLY:205	h5.5x48	#F5D63D
A:LEU:206	h5.5x49	#F5D63D
A:SER:207	h5.5x50	#F5D63D
A:VAL:208	h5.5x51	#F5D63D
A:GLY:209	h5.5x52	#F5D63D
A:LEU:210	h5.5x53	#F5D63D
A:SER:211	h5.5x54	#F5D63D
A:PHE:212	h5.5x55	#F5D63D
A:LEU:213	h5.5x56	#F5D63D
A:LEU:214	h5.5x57	#F5D63D
A:ASN:215	h5.5x58	#F5D63D
A:THR:216	h5.5x59	#F5D63D
A:VAL:217	h5.5x60	#F5D63D
A:SER:218	h5.5x61	#F5D63D
A:VAL:219	h5.5x62	#F5D63D
A:ALA:220	h5.5x63	#F5D63D
A:THR:221	h5.5x64	#F5D63D
A:LEU:222	h5.5x65	#F5D63D
A:CYS:223	h5.5x66	#F5D63D
A:HIS:224	h5.5x67	#F5D63D
A:VAL:225	h5.5x68	#F5D63D
A:TYR:226	h5.5x69	#F5D63D
A:HIS:227	h5.5x70	#F5D63D
A:GLY:228	h5.5x71	#F5D63D
A:ARG:237	h6.6x28	#F18B32
A:ASP:238	h6.6x29	#F18B32
A:SER:239	h6.6x30	#F18B32
A:GLU:240	h6.6x31	#F18B32
A:VAL:241	h6.6x32	#F18B32
A:GLU:242	h6.6x33	#F18B32
A:MET:243	h6.6x34	#F18B32
A:MET:244	h6.6x35	#F18B32
A:ALA:245	h6.6x36	#F18B32
A:GLN:246	h6.6x37	#F18B32
A:ALA:247	h6.6x38	#F18B32
A:LEU:248	h6.6x39	#F18B32
A:GLY:249	h6.6x40	#F18B32
A:ILE:250	h6.6x41	#F18B32
A:MET:251	h6.6x42	#F18B32
A:VAL:252	h6.6x43	#F18B32
A:VAL:253	h6.6x44	#F18B32
A:ALA:254	h6.6x45	#F18B32
A:SER:255	h6.6x46	#F18B32
A:VAL:256	h6.6x461	#F18B32
A:CYS:257	h6.6x47	#F18B32
A:TRP:258	h6.6x48	#F18B32
A:LEU:259	h6.6x49	#F18B32
A:PRO:260	h6.6x50	#F18B32
A:LEU:261	h6.6x51	#F18B32
A:LEU:262	h6.6x52	#F18B32
A:VAL:263	h6.6x53	#F18B32
A:PHE:264	h6.6x54	#F18B32
A:ILE:265	h6.6x55	#F18B32
A:ALA:266	h6.6x56	#F18B32
A:GLN:267	h6.6x57	#F18B32
A:THR:268	h6.6x58	#F18B32
A:VAL:269	h6.6x59	#F18B32
A:LEU:270	h6.6x60	#F18B32
A:ARG:271	h6.6x61	#F18B32
A:SER:283	h7.7x27	#E868A1
A:ARG:284	h7.7x28	#E868A1
A:THR:285	h7.7x29	#E868A1
A:THR:286	h7.7x30	#E868A1
A:GLU:287	h7.7x31	#E868A1
A:LYS:288	h7.7x32	#E868A1
A:GLU:289	h7.7x33	#E868A1
A:LEU:290	h7.7x34	#E868A1
A:LEU:291	h7.7x35	#E868A1
A:ILE:292	h7.7x36	#E868A1
A:TYR:293	h7.7x37	#E868A1
A:LEU:294	h7.7x38	#E868A1
A:ARG:295	h7.7x39	#E868A1
A:VAL:296	h7.7x40	#E868A1
A:ALA:297	h7.7x41	#E868A1
A:THR:298	h7.7x42	#E868A1
A:TRP:299	h7.7x43	#E868A1
A:ASN:300	h7.7x45	#E868A1
A:GLN:301	h7.7x46	#E868A1
A:ILE:302	h7.7x47	#E868A1
A:LEU:303	h7.7x48	#E868A1
A:ASP:304	h7.7x49	#E868A1
A:PRO:305	h7.7x50	#E868A1
A:TRP:306	h7.7x51	#E868A1
A:VAL:307	h7.7x52	#E868A1
A:TYR:308	h7.7x53	#E868A1
A:ILE:309	h7.7x54	#E868A1
A:LEU:310	h7.7x55	#E868A1
A:PHE:311	h7.7x56	#E868A1
A:ARG:312	h8.8x47	#C063A6
A:ARG:313	h8.8x48	#C063A6
A:ALA:314	h8.8x49	#C063A6
A:VAL:315	h8.8x50	#C063A6
A:LEU:316	h8.8x51	#C063A6
A:ARG:317	h8.8x52	#C063A6
A:ARG:318	h8.8x53	#C063A6
A:LEU:319	h8.8x54	#C063A6
A:GLN:320	h8.8x55	#C063A6
A:PRO:321	h8.8x56	#C063A6
A:ARG:322	h8.8x57	#C063A6
A:LEU:323	h8.8x58	#C063A6
