# total_frames:1 beg:0 end:0 stride:1 interaction_types:hp,sb,pc,ps,ts,vdw,hb
# Columns: frame, interaction_type, atom_1, atom_2[, atom_3[, atom_4]]
0	sb	D:GLU:255:OE1	D:LYS:247:NZ
0	sb	D:GLU:334:OE2	D:HIS:375:NE2
0	sb	D:ARG:307:NH1	D:GLU:238:OE2
0	sb	D:GLU:453:OE1	D:LYS:454:NZ
0	sb	D:ASP:381:OD1	D:LYS:271:NZ
0	sb	D:ARG:483:NH1	D:GLU:409:OE2
0	sb	D:ARG:483:NH1	D:GLU:409:OE1
0	sb	D:GLU:450:OE2	D:LYS:454:NZ
0	sb	D:GLU:236:OE1	D:HIS:227:NE2
0	sb	D:GLU:352:OE2	D:HIS:490:ND1
0	sb	D:GLU:453:OE2	D:LYS:454:NZ
0	sb	D:ARG:307:NH2	D:GLU:238:OE2
0	sb	D:GLU:316:OE2	D:LYS:378:NZ
0	sb	D:GLU:316:OE1	D:LYS:378:NZ
0	sb	D:ARG:483:NH2	D:GLU:409:OE2
0	sb	D:ASP:381:OD2	D:LYS:271:NZ
0	sb	D:GLU:258:OE2	D:HIS:246:NE2
0	sb	D:ARG:483:NH2	D:GLU:409:OE1
0	sb	D:GLU:236:OE2	D:HIS:227:NE2
0	pc	D:ARG:367:NH2	D:TRP:405:CD2
0	pc	D:HIS:295:ND1	D:TYR:353:CE1
0	pc	D:ARG:386:NH2	D:PHE:359:CE1
0	pc	D:ARG:367:NH1	D:TRP:405:CD2
0	pc	D:ARG:386:NH1	D:PHE:359:CE1
0	pc	D:ARG:332:NH1	D:TYR:435:CE1
0	pc	D:HIS:295:NE2	D:TYR:353:CE1
0	pc	D:ARG:362:NH1	D:PHE:416:CE1
0	pc	D:LYS:263:NZ	D:TYR:264:CE1
0	pc	D:ARG:239:NH1	D:TYR:312:CE1
0	pc	D:LYS:357:NZ	D:TYR:353:CE1
0	pc	D:ARG:239:NH2	D:TYR:312:CE1
0	pc	D:ARG:332:NH2	D:TYR:435:CE1
0	pc	D:ARG:362:NH2	D:PHE:416:CE1
0	ps	D:PHE:497:CE1	D:TYR:342:CE1
0	vdw	D:HOH:1956:O	D:HOH:1991:O
0	vdw	D:HOH:1827:O	D:HOH:1956:O
0	vdw	D:HOH:1956:O	D:LYS:285:CE
0	vdw	D:HOH:1906:O	D:PRO:230:CB
0	vdw	D:HOH:1832:O	D:PRO:230:CB
0	vdw	D:GLU:281:CD	D:HOH:1994:O
0	vdw	D:GLU:281:OE1	D:HOH:1994:O
0	vdw	D:HOH:1951:O	D:HOH:1994:O
0	vdw	D:HOH:1987:O	D:MET:228:CB
0	vdw	D:HOH:1987:O	D:MET:228:CG
0	vdw	D:HOH:1981:O	D:LYS:356:CD
0	vdw	D:HOH:1981:O	D:LYS:357:NZ
0	vdw	D:HOH:1950:O	D:LYS:357:CE
0	vdw	D:HOH:1851:O	D:HOH:1950:O
0	vdw	D:GLU:292:CD	D:HOH:1836:O
0	vdw	D:GLU:292:OE2	D:HOH:1836:O
0	vdw	D:HOH:1942:O	D:HOH:1964:O
0	vdw	D:HOH:1827:O	D:HOH:1964:O
0	vdw	D:HOH:1964:O	D:VAL:289:CG2
0	vdw	D:HOH:1976:O	D:HOH:1991:O
0	vdw	D:HOH:1991:O	D:LYS:285:CE
0	vdw	D:HOH:1965:O	D:HOH:1976:O
0	vdw	D:HOH:1911:O	D:HOH:1991:O
0	vdw	D:HOH:1913:O	D:HOH:1945:O
0	vdw	D:HOH:1893:O	D:HOH:1913:O
0	vdw	D:HOH:1913:O	D:HOH:1948:O
0	vdw	D:HOH:1913:O	D:TRP:235:NE1
0	vdw	D:HOH:1913:O	D:TRP:235:CD1
0	vdw	D:HOH:1836:O	D:HOH:1945:O
0	vdw	D:HOH:1945:O	D:HOH:1992:O
0	vdw	D:HOH:1836:O	D:HOH:1942:O
0	vdw	D:HOH:1945:O	D:TRP:235:NE1
0	vdw	D:HOH:1945:O	D:TYR:232:CD2
0	vdw	D:HOH:1992:O	D:TYR:232:CD2
0	vdw	D:ALA:288:C	D:HOH:1836:O
0	vdw	D:HOH:1945:O	D:TRP:235:CE2
0	vdw	D:GLU:292:CG	D:HOH:1836:O
0	vdw	D:HOH:1945:O	D:TRP:235:CZ2
0	vdw	D:ALA:288:O	D:HOH:1836:O
0	vdw	D:ALA:288:CB	D:HOH:1827:O
0	vdw	D:ALA:288:CB	D:TYR:232:CE2
0	vdw	D:HOH:1827:O	D:LYS:285:CG
0	vdw	D:HOH:1827:O	D:LYS:285:C
0	vdw	D:HOH:1827:O	D:LYS:285:O
0	vdw	D:HOH:1893:O	D:LYS:234:CG
0	vdw	D:HOH:1893:O	D:TYR:232:CA
0	vdw	D:HOH:1893:O	D:LYS:234:N
0	vdw	D:HOH:1893:O	D:LYS:234:CA
0	vdw	D:HOH:1893:O	D:LYS:234:CB
0	vdw	D:ASP:233:N	D:HOH:1893:O
0	vdw	D:HOH:1893:O	D:TYR:232:CB
0	vdw	D:HOH:1948:O	D:LYS:234:CD
0	vdw	D:HOH:1893:O	D:TYR:232:C
0	vdw	D:LEU:284:CB	D:TYR:232:CE1
0	vdw	D:HOH:1832:O	D:TYR:232:OH
0	vdw	D:HOH:1832:O	D:HOH:1951:O
0	vdw	D:HOH:1832:O	D:HOH:1906:O
0	vdw	D:GLU:281:O	D:HOH:1832:O
0	vdw	D:GLU:281:C	D:HOH:1832:O
0	vdw	D:HOH:1951:O	D:HOH:1969:O
0	vdw	D:HOH:1918:O	D:HOH:1969:O
0	vdw	D:HOH:1949:O	D:HOH:1969:O
0	vdw	D:HOH:1905:O	D:HOH:1918:O
0	vdw	D:ASP:233:CB	D:HOH:1939:O
0	vdw	D:ASP:233:CG	D:HOH:1939:O
0	vdw	D:ASP:233:OD1	D:HOH:1939:O
0	vdw	D:ASN:231:C	D:HOH:1939:O
0	vdw	D:ASN:231:O	D:HOH:1939:O
0	vdw	D:ASN:231:CB	D:HOH:1939:O
0	vdw	D:ASP:233:N	D:HOH:1939:O
0	vdw	D:ASN:231:C	D:GLU:236:OE2
0	vdw	D:HOH:1906:O	D:PRO:230:O
0	vdw	D:ASN:231:CA	D:GLU:236:OE2
0	vdw	D:GLU:281:CG	D:HOH:1906:O
0	vdw	D:GLU:281:CB	D:HOH:1840:O
0	vdw	D:GLU:281:CG	D:HOH:1840:O
0	vdw	D:GLU:281:CD	D:HOH:1840:O
0	vdw	D:GLU:281:OE1	D:HOH:1840:O
0	vdw	D:GLU:281:CB	D:HOH:1915:O
0	vdw	D:GLU:279:CD	D:HOH:1848:O
0	vdw	D:GLU:279:OE1	D:HOH:1848:O
0	vdw	D:HOH:1915:O	D:HOH:1949:O
0	vdw	D:HOH:1848:O	D:HOH:1912:O
0	vdw	D:HIS:227:ND1	D:HOH:1906:O
0	vdw	D:GLU:236:OE1	D:HIS:227:CE1
0	vdw	D:HOH:1987:O	D:MET:228:N
0	vdw	D:HOH:1987:O	D:MET:228:CA
0	vdw	D:GLU:281:OE2	D:HOH:1987:O
0	vdw	D:GLU:281:CG	D:HOH:1987:O
0	vdw	D:GLU:281:CD	D:HOH:1987:O
0	vdw	D:GLU:281:OE2	D:HOH:1840:O
0	vdw	D:HOH:1840:O	D:HOH:1867:O
0	vdw	D:HOH:1840:O	D:HOH:1915:O
0	vdw	D:GLU:488:CG	D:HOH:1926:O
0	vdw	D:HOH:1926:O	D:SER:485:CB
0	vdw	D:HOH:1926:O	D:SER:485:OG
0	vdw	D:HOH:1961:O	D:HOH:1995:O
0	vdw	D:GLU:352:CD	D:HOH:1961:O
0	vdw	D:GLU:352:OE1	D:HOH:1961:O
0	vdw	D:HOH:1845:O	D:HOH:2004:O
0	vdw	D:HOH:2004:O	D:LYS:356:CA
0	vdw	D:GLU:355:CB	D:HOH:1845:O
0	vdw	D:GLU:355:CG	D:HOH:1845:O
0	vdw	D:GLU:355:OE1	D:HOH:1845:O
0	vdw	D:GLU:355:CD	D:HOH:1845:O
0	vdw	D:GLU:352:O	D:HOH:1845:O
0	vdw	D:GLU:352:CG	D:HOH:1845:O
0	vdw	D:HOH:1931:O	D:HOH:2010:O
0	vdw	D:HOH:1847:O	D:HOH:2010:O
0	vdw	D:HOH:2010:O	D:ILE:418:CB
0	vdw	D:HOH:1891:O	D:TYR:353:CE1
0	vdw	D:HOH:1891:O	D:LYS:294:O
0	vdw	D:HIS:295:CD2	D:TYR:353:CD1
0	vdw	D:LEU:354:O	D:PHE:359:N
0	vdw	D:LEU:354:O	D:PHE:359:CB
0	vdw	D:LEU:354:O	D:PHE:359:CA
0	vdw	D:HOH:1828:O	D:SER:417:CA
0	vdw	D:HOH:1828:O	D:ILE:418:N
0	vdw	D:HOH:1828:O	D:HOH:1931:O
0	vdw	D:HOH:1828:O	D:SER:417:CB
0	vdw	D:HOH:1828:O	D:ILE:418:CG1
0	vdw	D:GLU:292:O	D:TYR:353:OH
0	vdw	D:LYS:294:O	D:TYR:353:CE1
0	vdw	D:LYS:294:O	D:TYR:353:CZ
0	vdw	D:LYS:294:O	D:TYR:353:OH
0	vdw	D:HOH:1851:O	D:TYR:353:OH
0	vdw	D:LYS:294:N	D:TYR:353:CZ
0	vdw	D:LYS:294:N	D:TYR:353:OH
0	vdw	D:HOH:1851:O	D:LYS:357:CG
0	vdw	D:HOH:1851:O	D:LYS:357:CD
0	vdw	D:HOH:1851:O	D:LYS:357:CE
0	vdw	D:HOH:1826:O	D:LYS:357:CG
0	vdw	D:HOH:1826:O	D:LYS:357:C
0	vdw	D:HOH:1826:O	D:LYS:357:O
0	vdw	D:HOH:1826:O	D:LYS:357:CB
0	vdw	D:ASN:358:O	D:HOH:1855:O
0	vdw	D:GLU:292:C	D:HOH:1851:O
0	vdw	D:GLU:292:O	D:HOH:1851:O
0	vdw	D:GLU:292:CB	D:HOH:1865:O
0	vdw	D:HOH:1851:O	D:HOH:1865:O
0	vdw	D:HOH:1826:O	D:HOH:1865:O
0	vdw	D:HOH:1865:O	D:VAL:289:C
0	vdw	D:HOH:1865:O	D:VAL:289:O
0	vdw	D:HOH:1865:O	D:ILE:293:CD1
0	vdw	D:HOH:1865:O	D:VAL:289:CG1
0	vdw	D:HOH:1826:O	D:HOH:1855:O
0	vdw	D:HOH:1852:O	D:HOH:1876:O
0	vdw	D:HOH:1855:O	D:HOH:1876:O
0	vdw	D:HOH:1876:O	D:HOH:1965:O
0	vdw	D:ARG:386:CZ	D:HOH:1852:O
0	vdw	D:ARG:386:NH2	D:HOH:1852:O
0	vdw	D:ARG:386:CZ	D:HOH:1876:O
0	vdw	D:ARG:386:NH2	D:HOH:1876:O
0	vdw	D:GLU:286:OE2	D:HOH:1876:O
0	vdw	D:HOH:1855:O	D:PHE:359:CD1
0	vdw	D:HOH:1852:O	D:ILE:360:N
0	vdw	D:HOH:1852:O	D:ILE:360:CB
0	vdw	D:HOH:1852:O	D:ILE:360:CG1
0	vdw	D:HOH:1999:O	D:LYS:294:CE
0	vdw	D:HOH:1999:O	D:LYS:294:NZ
0	vdw	D:HOH:1948:O	D:HOH:1999:O
0	vdw	D:HOH:1999:O	D:LYS:291:CG
0	vdw	D:HOH:1999:O	D:LYS:291:NZ
0	vdw	D:HOH:1999:O	D:LYS:291:CE
0	vdw	D:HOH:1837:O	D:LYS:291:C
0	vdw	D:HOH:1837:O	D:LYS:291:O
0	vdw	D:PHE:359:CE1	D:VAL:289:CG1
0	vdw	D:GLU:286:CD	D:HOH:1965:O
0	vdw	D:GLU:286:OE1	D:HOH:1965:O
0	vdw	D:GLU:286:CD	D:HOH:1911:O
0	vdw	D:GLU:286:OE1	D:HOH:1911:O
0	vdw	D:ARG:386:CB	D:GLU:286:CD
0	vdw	D:GLU:286:OE2	D:HOH:1965:O
0	vdw	D:ARG:386:CG	D:GLU:286:CD
0	vdw	D:HOH:1948:O	D:LYS:234:CB
0	vdw	D:LYS:291:CG	D:TRP:235:CD1
0	vdw	D:ALA:287:C	D:TRP:235:CH2
0	vdw	D:ALA:288:N	D:TRP:235:CH2
0	vdw	D:ALA:288:CA	D:TRP:235:CZ2
0	vdw	D:ALA:288:CA	D:TRP:235:CH2
0	vdw	D:ALA:287:O	D:LEU:301:CD2
0	vdw	D:GLU:286:CA	D:HOH:1911:O
0	vdw	D:HOH:1905:O	D:HOH:1911:O
0	vdw	D:GLU:282:C	D:HOH:1905:O
0	vdw	D:GLU:282:O	D:HOH:1905:O
0	vdw	D:GLU:286:CB	D:LEU:387:CD2
0	vdw	D:HOH:1990:O	D:LYS:234:O
0	vdw	D:LYS:291:CD	D:TRP:235:CG
0	vdw	D:LYS:291:CE	D:TRP:235:CG
0	vdw	D:LYS:291:CE	D:TRP:235:CD1
0	vdw	D:ALA:287:CB	D:TRP:235:CH2
0	vdw	D:GLU:282:CG	D:HOH:1915:O
0	vdw	D:GLU:282:CD	D:HOH:1896:O
0	vdw	D:ASP:233:CA	D:HOH:1843:O
0	vdw	D:ASP:233:C	D:HOH:1843:O
0	vdw	D:ASP:233:O	D:HOH:1843:O
0	vdw	D:GLU:236:O	D:HOH:1843:O
0	vdw	D:GLU:236:CB	D:HOH:1907:O
0	vdw	D:GLU:236:CG	D:HOH:1907:O
0	vdw	D:GLU:236:OE1	D:LEU:284:CD1
0	vdw	D:GLU:236:CD	D:HIS:227:NE2
0	vdw	D:GLU:236:OE1	D:HIS:227:CD2
0	vdw	D:GLU:236:OE1	D:HIS:227:NE2
0	vdw	D:GLU:236:CD	D:HOH:1907:O
0	vdw	D:GLU:236:OE1	D:HOH:1907:O
0	vdw	D:HOH:1907:O	D:LEU:284:CD2
0	vdw	D:LEU:284:CD2	D:VAL:304:CG2
0	vdw	D:GLU:282:N	D:HOH:1915:O
0	vdw	D:HOH:1866:O	D:VAL:280:N
0	vdw	D:HOH:1867:O	D:VAL:280:N
0	vdw	D:GLU:281:N	D:HOH:1867:O
0	vdw	D:GLU:279:CB	D:HOH:1915:O
0	vdw	D:GLU:279:OE1	D:HOH:1915:O
0	vdw	D:GLU:279:CD	D:HOH:1912:O
0	vdw	D:GLU:282:OE2	D:HOH:1896:O
0	vdw	D:HIS:227:CD2	D:LEU:284:CD1
0	vdw	D:HIS:227:NE2	D:LEU:284:CD1
0	vdw	D:HOH:1866:O	D:VAL:280:CG2
0	vdw	D:GLU:279:CB	D:HOH:1866:O
0	vdw	D:HOH:1867:O	D:HOH:1915:O
0	vdw	D:GLU:279:CA	D:HOH:1866:O
0	vdw	D:GLU:279:OE2	D:HOH:1912:O
0	vdw	D:ARG:307:NH2	D:HOH:1974:O
0	vdw	D:GLY:226:O	D:HOH:1940:O
0	vdw	D:HOH:1914:O	D:HOH:1940:O
0	vdw	D:HOH:1940:O	D:VAL:280:CG2
0	vdw	D:ASP:482:CB	D:GLN:477:OE1
0	vdw	D:HOH:1946:O	D:HOH:1995:O
0	vdw	D:HIS:490:CE1	D:HOH:1995:O
0	vdw	D:GLU:352:CD	D:HOH:1958:O
0	vdw	D:GLU:352:OE1	D:HOH:1958:O
0	vdw	D:GLU:352:OE2	D:HOH:1958:O
0	vdw	D:ALA:487:O	D:HOH:1958:O
0	vdw	D:ALA:487:CA	D:GLU:352:CD
0	vdw	D:GLU:352:OE2	D:HIS:490:CB
0	vdw	D:GLU:352:OE2	D:HIS:490:CG
0	vdw	D:HIS:490:CB	D:HOH:1958:O
0	vdw	D:GLU:352:OE2	D:HIS:490:ND1
0	vdw	D:HIS:490:ND1	D:HOH:1958:O
0	vdw	D:ALA:487:N	D:GLU:355:OE1
0	vdw	D:LYS:419:NZ	D:PRO:484:C
0	vdw	D:LYS:419:NZ	D:SER:485:CA
0	vdw	D:GLU:355:OE2	D:SER:485:CA
0	vdw	D:HOH:1847:O	D:SER:485:CA
0	vdw	D:GLU:355:OE2	D:SER:485:C
0	vdw	D:GLU:355:OE2	D:SER:485:CB
0	vdw	D:HOH:1847:O	D:SER:485:CB
0	vdw	D:GLU:355:CD	D:PHE:486:N
0	vdw	D:GLU:355:OE2	D:PHE:486:N
0	vdw	D:ILE:489:CD1	D:PRO:484:C
0	vdw	D:ARG:483:O	D:LYS:419:CE
0	vdw	D:ARG:483:O	D:LYS:419:NZ
0	vdw	D:ARG:483:C	D:LYS:419:NZ
0	vdw	D:LYS:419:NZ	D:PRO:484:O
0	vdw	D:HOH:1946:O	D:SER:349:CB
0	vdw	D:HOH:1946:O	D:SER:349:OG
0	vdw	D:HOH:1946:O	D:SER:349:CA
0	vdw	D:GLU:352:OE2	D:HOH:1946:O
0	vdw	D:HIS:490:CD2	D:HOH:1946:O
0	vdw	D:HIS:490:ND1	D:HOH:1946:O
0	vdw	D:HIS:490:CE1	D:HOH:1946:O
0	vdw	D:HIS:490:NE2	D:HOH:1946:O
0	vdw	D:HIS:490:CG	D:HOH:1946:O
0	vdw	D:GLU:352:N	D:PHE:486:CB
0	vdw	D:GLU:352:CA	D:PHE:486:CB
0	vdw	D:ALA:487:CA	D:GLU:352:CG
0	vdw	D:GLU:355:CG	D:ILE:418:CG2
0	vdw	D:GLU:355:OE1	D:SER:485:CB
0	vdw	D:GLU:355:OE1	D:PHE:486:N
0	vdw	D:GLU:355:CD	D:HOH:1847:O
0	vdw	D:GLU:355:OE2	D:HOH:1847:O
0	vdw	D:GLU:355:OE2	D:ILE:418:CG2
0	vdw	D:HOH:1847:O	D:LYS:419:CE
0	vdw	D:HOH:1847:O	D:LYS:419:NZ
0	vdw	D:GLU:355:CD	D:PHE:486:CB
0	vdw	D:GLU:355:OE2	D:PHE:486:CB
0	vdw	D:GLU:355:OE2	D:PHE:486:CA
0	vdw	D:HOH:1931:O	D:LYS:419:CG
0	vdw	D:LYS:419:CG	D:PRO:480:O
0	vdw	D:LYS:419:CD	D:PRO:480:O
0	vdw	D:LYS:419:CB	D:PRO:480:CB
0	vdw	D:HIS:295:CD2	D:TYR:353:CB
0	vdw	D:HIS:295:CD2	D:TYR:353:CG
0	vdw	D:HIS:295:NE2	D:SER:349:OG
0	vdw	D:HOH:1861:O	D:ILE:418:CD1
0	vdw	D:HOH:1931:O	D:ILE:418:CB
0	vdw	D:ILE:418:CD1	D:PHE:359:C
0	vdw	D:ILE:418:CD1	D:PHE:359:O
0	vdw	D:HOH:1861:O	D:PHE:359:O
0	vdw	D:ASP:421:OD2	D:HOH:1861:O
0	vdw	D:HOH:1861:O	D:MET:351:CE
0	vdw	D:HOH:1931:O	D:ILE:418:N
0	vdw	D:HOH:1931:O	D:LYS:419:N
0	vdw	D:HOH:1931:O	D:SER:417:CB
0	vdw	D:HOH:1931:O	D:SER:417:OG
0	vdw	D:ILE:360:CD1	D:SER:417:CA
0	vdw	D:HOH:1904:O	D:SER:417:CB
0	vdw	D:HOH:1904:O	D:SER:417:OG
0	vdw	D:GLU:409:OE2	D:HOH:1904:O
0	vdw	D:GLU:409:CG	D:HOH:1904:O
0	vdw	D:GLU:409:CD	D:HOH:1904:O
0	vdw	D:HOH:1805:O	D:LYS:294:C
0	vdw	D:HIS:295:N	D:HOH:1805:O
0	vdw	D:ILE:293:CG2	D:TYR:353:CE2
0	vdw	D:LEU:298:CD1	D:TYR:353:CD2
0	vdw	D:LEU:354:CB	D:PHE:359:O
0	vdw	D:HOH:1861:O	D:LEU:354:CB
0	vdw	D:LEU:298:CD1	D:LEU:354:CD2
0	vdw	D:ARG:386:NH1	D:ILE:360:C
0	vdw	D:ASP:421:OD2	D:ILE:360:CA
0	vdw	D:ASP:421:OD2	D:ILE:360:C
0	vdw	D:ASP:421:OD2	D:ILE:360:CG2
0	vdw	D:HOH:1819:O	D:ILE:293:O
0	vdw	D:HOH:1805:O	D:ILE:293:C
0	vdw	D:HOH:1805:O	D:ILE:293:O
0	vdw	D:HOH:1805:O	D:LYS:294:CA
0	vdw	D:ILE:293:CD1	D:PHE:359:CD1
0	vdw	D:ILE:293:CB	D:PHE:382:CE1
0	vdw	D:ILE:293:CG1	D:PHE:382:CE1
0	vdw	D:ILE:293:CG2	D:PHE:382:CE1
0	vdw	D:ILE:293:CG2	D:PHE:382:CZ
0	vdw	D:ILE:293:CG2	D:LEU:298:CD1
0	vdw	D:ARG:386:NH2	D:PHE:359:CD2
0	vdw	D:ARG:386:NH2	D:PHE:359:CE2
0	vdw	D:ARG:386:NH2	D:PHE:359:CZ
0	vdw	D:MET:290:CG	D:PHE:359:CZ
0	vdw	D:PHE:359:CE2	D:PHE:382:C
0	vdw	D:PHE:359:CE2	D:PHE:382:O
0	vdw	D:PHE:359:CE2	D:PHE:382:CB
0	vdw	D:PHE:359:CZ	D:PHE:382:O
0	vdw	D:GLY:383:N	D:PHE:359:CE2
0	vdw	D:GLY:383:CA	D:PHE:359:CE2
0	vdw	D:PHE:359:CE2	D:PHE:382:CD1
0	vdw	D:PHE:359:CZ	D:PHE:382:CD1
0	vdw	D:ARG:386:CZ	D:ILE:360:O
0	vdw	D:ARG:386:NH1	D:ILE:360:O
0	vdw	D:ARG:386:NH2	D:ILE:360:O
0	vdw	D:ARG:386:NH1	D:HOH:1870:O
0	vdw	D:ARG:386:NH1	D:ILE:360:CB
0	vdw	D:ARG:386:CD	D:HOH:1870:O
0	vdw	D:ARG:362:CD	D:HOH:1870:O
0	vdw	D:ARG:362:NE	D:HOH:1870:O
0	vdw	D:GLN:300:CD	D:HOH:1837:O
0	vdw	D:GLN:300:NE2	D:HOH:1837:O
0	vdw	D:GLN:300:NE2	D:HOH:1975:O
0	vdw	D:HOH:1837:O	D:LEU:301:O
0	vdw	D:HOH:1819:O	D:HOH:1837:O
0	vdw	D:HOH:1819:O	D:MET:290:O
0	vdw	D:LEU:301:O	D:LYS:291:CD
0	vdw	D:LEU:301:O	D:LYS:291:CE
0	vdw	D:HOH:1819:O	D:LEU:301:N
0	vdw	D:HOH:1819:O	D:LEU:301:CB
0	vdw	D:GLN:300:CG	D:HOH:1837:O
0	vdw	D:LEU:387:CD1	D:MET:290:SD
0	vdw	D:LEU:387:CG	D:MET:290:SD
0	vdw	D:ARG:386:CB	D:GLU:286:OE2
0	vdw	D:ARG:386:NE	D:GLU:286:OE2
0	vdw	D:ARG:386:CG	D:GLU:286:OE2
0	vdw	D:ARG:386:CB	D:GLU:286:CG
0	vdw	D:HOH:1975:O	D:LYS:291:NZ
0	vdw	D:HOH:1990:O	D:LEU:302:O
0	vdw	D:HOH:1975:O	D:HOH:1990:O
0	vdw	D:LEU:302:O	D:TRP:235:CB
0	vdw	D:LEU:301:O	D:LYS:291:NZ
0	vdw	D:HOH:1837:O	D:LYS:291:NZ
0	vdw	D:HOH:1990:O	D:TRP:261:CH2
0	vdw	D:LYS:291:CE	D:TRP:235:CB
0	vdw	D:GLU:286:CG	D:LEU:387:CD2
0	vdw	D:ARG:386:C	D:HOH:1873:O
0	vdw	D:ARG:386:O	D:HOH:1873:O
0	vdw	D:ARG:386:O	D:MET:278:SD
0	vdw	D:ARG:386:O	D:MET:278:CE
0	vdw	D:HOH:1873:O	D:MET:278:CE
0	vdw	D:HOH:1838:O	D:HOH:1873:O
0	vdw	D:HOH:1889:O	D:TYR:264:OH
0	vdw	D:HOH:1889:O	D:TYR:264:CE2
0	vdw	D:HOH:1889:O	D:TYR:264:CZ
0	vdw	D:TRP:235:CE3	D:VAL:304:CG2
0	vdw	D:GLY:303:CA	D:TRP:235:O
0	vdw	D:GLY:303:C	D:TRP:235:O
0	vdw	D:TRP:235:O	D:VAL:304:N
0	vdw	D:TRP:235:CZ3	D:VAL:304:CG2
0	vdw	D:HOH:1907:O	D:VAL:304:CG2
0	vdw	D:TYR:312:O	D:VAL:304:CB
0	vdw	D:ILE:313:CD1	D:VAL:304:CG1
0	vdw	D:ALA:287:CB	D:TRP:235:CZ3
0	vdw	D:PHE:283:CD1	D:THR:306:CG2
0	vdw	D:PHE:283:CE1	D:THR:306:CG2
0	vdw	D:PHE:283:CG	D:PHE:311:CE1
0	vdw	D:PHE:283:CG	D:PHE:311:CD1
0	vdw	D:PHE:283:CD1	D:PHE:311:CD1
0	vdw	D:MET:278:SD	D:PHE:283:CA
0	vdw	D:MET:278:SD	D:PHE:283:CB
0	vdw	D:MET:278:CE	D:PHE:283:CA
0	vdw	D:PHE:283:CB	D:PHE:311:CE1
0	vdw	D:PHE:283:CD2	D:PHE:311:CE1
0	vdw	D:LEU:387:C	D:MET:278:SD
0	vdw	D:LEU:387:O	D:MET:278:SD
0	vdw	D:LEU:387:O	D:PHE:283:CD2
0	vdw	D:PHE:283:CD2	D:PHE:311:CD1
0	vdw	D:LEU:387:CA	D:MET:278:SD
0	vdw	D:MET:278:SD	D:MET:388:N
0	vdw	D:MET:278:CB	D:THR:389:OG1
0	vdw	D:HOH:1896:O	D:THR:389:CG2
0	vdw	D:HOH:1896:O	D:THR:389:CB
0	vdw	D:HOH:1896:O	D:THR:389:OG1
0	vdw	D:THR:277:OG1	D:THR:389:OG1
0	vdw	D:MET:278:N	D:THR:389:OG1
0	vdw	D:HOH:1835:O	D:TYR:393:CD1
0	vdw	D:GLU:236:CA	D:VAL:304:O
0	vdw	D:GLU:236:C	D:VAL:304:O
0	vdw	D:MET:237:N	D:VAL:304:O
0	vdw	D:MET:237:CA	D:VAL:304:O
0	vdw	D:HOH:1859:O	D:VAL:304:O
0	vdw	D:MET:237:O	D:VAL:304:O
0	vdw	D:HOH:1907:O	D:THR:306:CB
0	vdw	D:HOH:1907:O	D:THR:306:CG2
0	vdw	D:HOH:1907:O	D:THR:306:OG1
0	vdw	D:HOH:1859:O	D:HOH:1907:O
0	vdw	D:PHE:311:CD2	D:THR:306:CB
0	vdw	D:MET:278:O	D:PHE:311:CE1
0	vdw	D:MET:278:O	D:PHE:311:CZ
0	vdw	D:HOH:1809:O	D:PHE:311:CE1
0	vdw	D:HOH:1809:O	D:PHE:311:CZ
0	vdw	D:HOH:1896:O	D:MET:278:CA
0	vdw	D:MET:278:CA	D:THR:389:OG1
0	vdw	D:HOH:1809:O	D:MET:278:C
0	vdw	D:HOH:1809:O	D:MET:278:O
0	vdw	D:HOH:1859:O	D:HOH:2006:O
0	vdw	D:GLU:238:OE2	D:HOH:2006:O
0	vdw	D:ARG:307:CZ	D:HOH:2006:O
0	vdw	D:ARG:307:NH1	D:HOH:2006:O
0	vdw	D:ARG:307:N	D:HOH:1874:O
0	vdw	D:HOH:1859:O	D:THR:306:N
0	vdw	D:HOH:1859:O	D:MET:237:O
0	vdw	D:CYS:305:CA	D:HOH:1859:O
0	vdw	D:CYS:305:C	D:HOH:1859:O
0	vdw	D:HOH:1914:O	D:THR:306:O
0	vdw	D:PHE:311:CE2	D:THR:306:O
0	vdw	D:HOH:1874:O	D:THR:306:C
0	vdw	D:PHE:311:CD2	D:THR:306:CA
0	vdw	D:ARG:307:NE	D:GLU:238:OE2
0	vdw	D:ARG:307:CZ	D:GLU:238:OE2
0	vdw	D:ARG:307:CB	D:GLU:238:OE2
0	vdw	D:ARG:307:CD	D:GLU:238:OE2
0	vdw	D:ARG:307:NH1	D:GLU:238:OE2
0	vdw	D:ARG:307:NE	D:GLU:238:CD
0	vdw	D:ARG:307:NE	D:GLU:238:OE1
0	vdw	D:ARG:307:CZ	D:GLU:238:CD
0	vdw	D:ARG:307:CA	D:HOH:1914:O
0	vdw	D:ARG:307:CD	D:GLU:238:CD
0	vdw	D:ARG:307:CD	D:GLU:238:OE1
0	vdw	D:ARG:307:CA	D:HOH:1874:O
0	vdw	D:GLY:226:N	D:HOH:1914:O
0	vdw	D:ARG:307:O	D:HOH:1914:O
0	vdw	D:ARG:307:C	D:HOH:1914:O
0	vdw	D:GLN:477:OE1	D:HOH:2002:O
0	vdw	D:ASP:482:O	D:HOH:2002:O
0	vdw	D:ALA:492:CA	D:HOH:1923:O
0	vdw	D:ILE:489:CD1	D:PRO:484:CB
0	vdw	D:ILE:489:CD1	D:PRO:484:CG
0	vdw	D:ALA:474:C	D:PRO:484:CD
0	vdw	D:ALA:474:O	D:PRO:484:CD
0	vdw	D:ALA:474:CB	D:PRO:484:CD
0	vdw	D:ARG:483:CG	D:GLN:477:CB
0	vdw	D:HIS:490:CE1	D:HOH:1978:O
0	vdw	D:HIS:490:NE2	D:HOH:1978:O
0	vdw	D:HIS:490:CD2	D:SER:349:CB
0	vdw	D:HOH:1978:O	D:THR:345:CG2
0	vdw	D:HIS:490:CD2	D:SER:349:N
0	vdw	D:HIS:490:CD2	D:SER:349:CA
0	vdw	D:HIS:490:CD2	D:SER:348:OG
0	vdw	D:HIS:490:CD2	D:THR:345:O
0	vdw	D:HIS:490:CA	D:SER:348:CB
0	vdw	D:HIS:490:CA	D:SER:348:OG
0	vdw	D:HIS:490:CB	D:SER:348:OG
0	vdw	D:PRO:484:O	D:VAL:422:CG2
0	vdw	D:CYS:475:SG	D:VAL:422:CG1
0	vdw	D:ARG:483:NE	D:GLN:477:O
0	vdw	D:ARG:483:CG	D:CYS:475:O
0	vdw	D:ARG:483:CD	D:CYS:475:O
0	vdw	D:ALA:474:O	D:ARG:483:CG
0	vdw	D:HOH:1831:O	D:TRP:478:O
0	vdw	D:HIS:295:CE1	D:SER:349:OG
0	vdw	D:MET:351:C	D:PHE:486:CB
0	vdw	D:MET:351:CB	D:PHE:486:CG
0	vdw	D:MET:351:CB	D:PHE:486:CD1
0	vdw	D:PHE:486:CD2	D:VAL:422:CG2
0	vdw	D:PHE:486:CE2	D:VAL:422:CG2
0	vdw	D:PHE:486:CZ	D:VAL:422:CG2
0	vdw	D:PHE:486:CZ	D:VAL:422:N
0	vdw	D:PHE:486:CZ	D:VAL:422:CA
0	vdw	D:ASP:421:CB	D:PHE:486:CE2
0	vdw	D:PHE:425:CB	D:PHE:486:CE1
0	vdw	D:PHE:425:CG	D:PHE:486:CE1
0	vdw	D:ASP:421:C	D:PHE:486:CZ
0	vdw	D:ASP:421:O	D:PHE:486:CZ
0	vdw	D:ARG:483:NH1	D:LYS:419:C
0	vdw	D:ARG:483:NH1	D:LYS:419:O
0	vdw	D:ARG:483:CD	D:LYS:419:O
0	vdw	D:ARG:483:NH2	D:GLU:409:OE1
0	vdw	D:ARG:483:NH1	D:GLU:409:OE2
0	vdw	D:ARG:483:CZ	D:TRP:423:CE3
0	vdw	D:ARG:483:NH2	D:TRP:423:CE3
0	vdw	D:ARG:483:NH1	D:GLU:409:CD
0	vdw	D:ARG:483:NH2	D:GLU:409:CD
0	vdw	D:ALA:407:CB	D:ARG:483:NH1
0	vdw	D:ARG:483:NH2	D:TRP:478:O
0	vdw	D:ARG:483:CZ	D:GLN:477:O
0	vdw	D:ARG:483:NH2	D:GLN:477:O
0	vdw	D:GLU:409:OE1	D:HOH:1831:O
0	vdw	D:HOH:1831:O	D:HOH:1944:O
0	vdw	D:HOH:1831:O	D:HOH:1996:O
0	vdw	D:GLU:409:CB	D:HOH:1831:O
0	vdw	D:HOH:1831:O	D:PRO:408:CB
0	vdw	D:GLU:409:N	D:HOH:1831:O
0	vdw	D:HOH:1944:O	D:HOH:1996:O
0	vdw	D:HOH:1944:O	D:HOH:2000:O
0	vdw	D:HOH:1944:O	D:PRO:408:C
0	vdw	D:GLU:409:N	D:HOH:1944:O
0	vdw	D:ALA:350:CB	D:LEU:298:CG
0	vdw	D:ALA:350:CB	D:LEU:298:CD2
0	vdw	D:ALA:350:CB	D:VAL:379:CG2
0	vdw	D:ALA:350:CB	D:ASN:297:CB
0	vdw	D:ALA:350:CB	D:ASN:297:O
0	vdw	D:ASP:421:CB	D:MET:351:CE
0	vdw	D:LEU:364:CD2	D:MET:351:CE
0	vdw	D:MET:351:CB	D:PHE:486:CD2
0	vdw	D:MET:351:CB	D:PHE:486:CE1
0	vdw	D:MET:351:CB	D:PHE:486:CZ
0	vdw	D:MET:351:CG	D:PHE:486:CE1
0	vdw	D:MET:351:CE	D:PHE:486:CE2
0	vdw	D:MET:351:CE	D:PHE:486:CZ
0	vdw	D:ASP:421:CG	D:HIS:361:N
0	vdw	D:ASP:421:CG	D:HIS:361:CB
0	vdw	D:ASP:421:CG	D:HOH:1817:O
0	vdw	D:HOH:1817:O	D:SER:420:C
0	vdw	D:ASP:421:N	D:HOH:1817:O
0	vdw	D:HOH:1813:O	D:SER:420:C
0	vdw	D:SER:410:OG	D:SER:420:CB
0	vdw	D:ALA:407:CB	D:SER:420:CB
0	vdw	D:GLU:409:CA	D:HOH:1944:O
0	vdw	D:GLU:409:CB	D:HOH:1944:O
0	vdw	D:HIS:295:O	D:HOH:1822:O
0	vdw	D:HOH:1822:O	D:LYS:378:CE
0	vdw	D:HOH:1822:O	D:LYS:378:NZ
0	vdw	D:HIS:295:O	D:HOH:1805:O
0	vdw	D:HOH:1822:O	D:LEU:298:O
0	vdw	D:LEU:298:CA	D:VAL:379:O
0	vdw	D:LEU:298:CD2	D:PHE:382:CD2
0	vdw	D:LEU:298:CD2	D:PHE:382:CE2
0	vdw	D:LEU:298:CD2	D:VAL:379:CB
0	vdw	D:ASP:421:OD2	D:HIS:361:N
0	vdw	D:ASP:421:OD1	D:HIS:361:CB
0	vdw	D:ASP:421:OD2	D:HIS:361:CB
0	vdw	D:ARG:362:N	D:ASP:421:OD1
0	vdw	D:ARG:362:CA	D:ASP:421:OD1
0	vdw	D:ASP:421:OD1	D:HOH:1817:O
0	vdw	D:ASP:421:OD1	D:HOH:1811:O
0	vdw	D:ARG:362:CA	D:HOH:1817:O
0	vdw	D:HOH:1817:O	D:PHE:416:CD2
0	vdw	D:HOH:1817:O	D:HOH:1929:O
0	vdw	D:HOH:1817:O	D:SER:420:CB
0	vdw	D:HOH:1817:O	D:SER:420:OG
0	vdw	D:LYS:415:C	D:SER:410:OG
0	vdw	D:LYS:415:O	D:SER:410:OG
0	vdw	D:ARG:362:NE	D:PHE:416:CG
0	vdw	D:ARG:362:CZ	D:PHE:416:CG
0	vdw	D:LYS:415:O	D:SER:410:CA
0	vdw	D:LYS:415:O	D:SER:410:CB
0	vdw	D:HOH:1805:O	D:LEU:298:C
0	vdw	D:HOH:1805:O	D:LEU:298:O
0	vdw	D:PHE:382:CE2	D:VAL:299:O
0	vdw	D:PHE:382:CZ	D:VAL:299:O
0	vdw	D:HOH:1880:O	D:VAL:299:O
0	vdw	D:GLN:300:N	D:GLU:316:OE1
0	vdw	D:LEU:298:C	D:VAL:379:O
0	vdw	D:HOH:1908:O	D:PHE:382:CD1
0	vdw	D:HOH:1908:O	D:PHE:382:CE1
0	vdw	D:HOH:1908:O	D:PHE:382:CZ
0	vdw	D:HIS:361:CE1	D:PHE:382:CA
0	vdw	D:HIS:361:CD2	D:PHE:382:CA
0	vdw	D:HIS:361:NE2	D:PHE:382:CA
0	vdw	D:HIS:361:CD2	D:PHE:382:CB
0	vdw	D:HIS:361:CG	D:PHE:382:CA
0	vdw	D:HIS:361:CG	D:PHE:382:CB
0	vdw	D:GLY:383:N	D:HIS:361:C
0	vdw	D:GLY:383:N	D:HIS:361:O
0	vdw	D:GLY:383:CA	D:HIS:361:O
0	vdw	D:HIS:361:O	D:HOH:1816:O
0	vdw	D:ARG:362:CD	D:SER:385:OG
0	vdw	D:ARG:362:CG	D:HOH:1839:O
0	vdw	D:ARG:362:CD	D:HOH:1839:O
0	vdw	D:ARG:362:CG	D:PHE:416:CG
0	vdw	D:ARG:362:CG	D:PHE:416:CD2
0	vdw	D:ARG:362:CB	D:HOH:1816:O
0	vdw	D:ARG:362:NE	D:PHE:416:CD1
0	vdw	D:ARG:362:CZ	D:PHE:416:CD1
0	vdw	D:ARG:362:CZ	D:PHE:416:CE1
0	vdw	D:ARG:362:NH2	D:PHE:416:CD1
0	vdw	D:ARG:362:NH2	D:PHE:416:CE1
0	vdw	D:ARG:362:CZ	D:HOH:1839:O
0	vdw	D:ARG:362:NH1	D:HOH:1839:O
0	vdw	D:GLN:300:C	D:HOH:1880:O
0	vdw	D:HOH:1880:O	D:LEU:301:N
0	vdw	D:HOH:1880:O	D:LEU:301:CA
0	vdw	D:GLN:300:O	D:THR:315:CB
0	vdw	D:GLN:300:O	D:THR:315:CA
0	vdw	D:GLN:300:O	D:GLU:316:N
0	vdw	D:HOH:1880:O	D:HOH:1908:O
0	vdw	D:HOH:1908:O	D:MET:290:CE
0	vdw	D:HOH:1830:O	D:HOH:1880:O
0	vdw	D:HOH:1875:O	D:HOH:1908:O
0	vdw	D:ASP:381:CA	D:HOH:1908:O
0	vdw	D:HOH:1908:O	D:PHE:382:N
0	vdw	D:HOH:1908:O	D:PHE:382:O
0	vdw	D:HOH:1908:O	D:PHE:382:CG
0	vdw	D:HOH:1880:O	D:THR:315:CG2
0	vdw	D:ASP:381:C	D:HOH:1908:O
0	vdw	D:GLY:383:C	D:HOH:1816:O
0	vdw	D:HOH:1816:O	D:LEU:384:N
0	vdw	D:HOH:1816:O	D:SER:385:N
0	vdw	D:SER:385:CA	D:TYR:253:CZ
0	vdw	D:SER:385:CB	D:TYR:253:OH
0	vdw	D:SER:385:CA	D:TYR:253:CE2
0	vdw	D:HOH:1816:O	D:SER:385:CB
0	vdw	D:HOH:1816:O	D:SER:385:OG
0	vdw	D:ALA:399:CB	D:ASN:414:ND2
0	vdw	D:ILE:314:O	D:LEU:302:CA
0	vdw	D:ILE:314:O	D:LEU:302:CB
0	vdw	D:ILE:314:O	D:LEU:302:N
0	vdw	D:GLY:303:N	D:ILE:314:O
0	vdw	D:ILE:314:O	D:LEU:301:CD1
0	vdw	D:GLY:303:O	D:ILE:314:O
0	vdw	D:ILE:313:CG2	D:LEU:301:CD1
0	vdw	D:HOH:1838:O	D:SER:385:O
0	vdw	D:HOH:1838:O	D:MET:388:O
0	vdw	D:HOH:1879:O	D:SER:385:O
0	vdw	D:HOH:1879:O	D:MET:388:O
0	vdw	D:MET:237:CE	D:TRP:261:CD2
0	vdw	D:MET:237:CE	D:TRP:261:CE2
0	vdw	D:MET:237:CE	D:TRP:261:CZ2
0	vdw	D:GLY:303:CA	D:MET:237:SD
0	vdw	D:GLY:303:O	D:ILE:314:N
0	vdw	D:GLY:303:O	D:ILE:314:CA
0	vdw	D:GLY:303:O	D:ILE:314:CB
0	vdw	D:GLY:303:O	D:ILE:314:CD1
0	vdw	D:TYR:312:O	D:VAL:304:CA
0	vdw	D:TYR:312:O	D:VAL:304:C
0	vdw	D:CYS:305:N	D:TYR:312:O
0	vdw	D:ILE:313:CD1	D:PHE:283:CZ
0	vdw	D:PHE:283:CE2	D:PHE:311:CD1
0	vdw	D:PHE:283:CZ	D:PHE:311:CD1
0	vdw	D:LEU:387:CB	D:PHE:283:CE2
0	vdw	D:HOH:1814:O	D:LEU:387:O
0	vdw	D:ASP:276:OD1	D:HOH:1814:O
0	vdw	D:HOH:1809:O	D:HOH:1814:O
0	vdw	D:ASP:276:CG	D:HOH:1814:O
0	vdw	D:HOH:1814:O	D:HOH:1869:O
0	vdw	D:ASP:276:CB	D:HOH:1814:O
0	vdw	D:ASP:276:OD1	D:MET:388:CA
0	vdw	D:ASP:276:OD1	D:MET:388:C
0	vdw	D:ASP:276:OD1	D:THR:389:N
0	vdw	D:ASP:276:CG	D:MET:388:CA
0	vdw	D:ASP:276:CG	D:THR:389:N
0	vdw	D:ASP:276:OD2	D:THR:389:N
0	vdw	D:HOH:1980:O	D:MET:388:C
0	vdw	D:HOH:1980:O	D:MET:388:CB
0	vdw	D:HOH:1980:O	D:THR:389:N
0	vdw	D:HOH:1835:O	D:THR:389:O
0	vdw	D:THR:277:OG1	D:THR:389:C
0	vdw	D:GLY:390:N	D:THR:277:OG1
0	vdw	D:GLY:390:CA	D:THR:277:OG1
0	vdw	D:HOH:1980:O	D:THR:389:C
0	vdw	D:GLY:390:N	D:HOH:1980:O
0	vdw	D:GLY:390:CA	D:HOH:1980:O
0	vdw	D:ASP:276:OD2	D:GLY:390:N
0	vdw	D:ASP:276:OD2	D:GLY:390:CA
0	vdw	D:HOH:1842:O	D:THR:392:N
0	vdw	D:HOH:1842:O	D:TYR:393:N
0	vdw	D:HOH:1835:O	D:HOH:1842:O
0	vdw	D:HOH:1842:O	D:TYR:393:CA
0	vdw	D:GLY:390:O	D:HOH:1842:O
0	vdw	D:ASP:391:CA	D:HOH:1842:O
0	vdw	D:HOH:1842:O	D:TYR:393:O
0	vdw	D:GLY:390:C	D:HOH:1842:O
0	vdw	D:ASP:391:C	D:HOH:1842:O
0	vdw	D:HOH:1834:O	D:LYS:263:CB
0	vdw	D:HOH:1834:O	D:TRP:261:CD1
0	vdw	D:HOH:1935:O	D:TRP:261:NE1
0	vdw	D:HOH:1834:O	D:HOH:1935:O
0	vdw	D:MET:237:CE	D:TRP:261:CD1
0	vdw	D:MET:237:CE	D:TRP:261:NE1
0	vdw	D:ASP:241:O	D:HOH:1834:O
0	vdw	D:ASP:241:CB	D:HOH:1834:O
0	vdw	D:ASP:241:CG	D:HOH:1935:O
0	vdw	D:HOH:1834:O	D:LYS:262:CB
0	vdw	D:HOH:1834:O	D:LYS:263:N
0	vdw	D:ASP:241:CA	D:HOH:1834:O
0	vdw	D:ASP:241:C	D:HOH:1834:O
0	vdw	D:ILE:242:CG1	D:MET:237:CE
0	vdw	D:ILE:242:CD1	D:MET:237:CE
0	vdw	D:CYS:305:SG	D:MET:237:C
0	vdw	D:CYS:305:SG	D:MET:237:O
0	vdw	D:CYS:305:SG	D:GLU:238:C
0	vdw	D:CYS:305:SG	D:ILE:314:CD1
0	vdw	D:CYS:305:O	D:PHE:311:CA
0	vdw	D:CYS:305:O	D:PHE:311:CB
0	vdw	D:CYS:305:CA	D:HOH:1874:O
0	vdw	D:CYS:305:C	D:HOH:1874:O
0	vdw	D:CYS:305:CB	D:HOH:1874:O
0	vdw	D:CYS:305:O	D:TYR:312:N
0	vdw	D:CYS:305:CB	D:TYR:312:CB
0	vdw	D:CYS:305:O	D:PHE:311:C
0	vdw	D:HOH:1809:O	D:HOH:1820:O
0	vdw	D:ASP:276:C	D:HOH:1809:O
0	vdw	D:HOH:1809:O	D:MET:278:N
0	vdw	D:ASP:276:C	D:HOH:1820:O
0	vdw	D:HOH:1820:O	D:HOH:1869:O
0	vdw	D:ASP:276:O	D:HOH:1809:O
0	vdw	D:ASP:276:O	D:HOH:1820:O
0	vdw	D:ASP:276:CB	D:HOH:1809:O
0	vdw	D:ASP:276:N	D:HOH:1820:O
0	vdw	D:ASP:276:CA	D:HOH:1820:O
0	vdw	D:HOH:1820:O	D:PRO:310:CA
0	vdw	D:ASP:276:CG	D:GLY:390:N
0	vdw	D:ASP:276:CG	D:HOH:1892:O
0	vdw	D:ASP:241:OD1	D:HOH:1924:O
0	vdw	D:GLU:238:CA	D:HOH:1932:O
0	vdw	D:ARG:239:N	D:HOH:1932:O
0	vdw	D:CYS:305:CA	D:MET:237:O
0	vdw	D:CYS:305:CB	D:MET:237:O
0	vdw	D:HOH:1874:O	D:THR:306:N
0	vdw	D:GLU:308:N	D:HOH:1874:O
0	vdw	D:HOH:1853:O	D:HOH:1874:O
0	vdw	D:ARG:239:NH2	D:GLU:308:C
0	vdw	D:GLU:308:C	D:HOH:1960:O
0	vdw	D:HOH:1924:O	D:THR:240:CB
0	vdw	D:HOH:1924:O	D:THR:240:CG2
0	vdw	D:GLU:238:CD	D:HOH:1932:O
0	vdw	D:GLU:238:OE1	D:HOH:1932:O
0	vdw	D:GLU:308:OE2	D:HOH:1932:O
0	vdw	D:HOH:1874:O	D:HOH:1932:O
0	vdw	D:ARG:239:CG	D:HOH:1932:O
0	vdw	D:GLU:308:CB	D:HOH:1960:O
0	vdw	D:ARG:239:CZ	D:GLU:308:CB
0	vdw	D:GLU:308:CA	D:HOH:1960:O
0	vdw	D:ALA:492:O	D:HOH:1923:O
0	vdw	D:ALA:492:C	D:HOH:1923:O
0	vdw	D:GLU:470:O	D:HOH:1966:O
0	vdw	D:GLU:470:C	D:HOH:1966:O
0	vdw	D:PHE:493:C	D:THR:345:OG1
0	vdw	D:PHE:493:O	D:THR:345:OG1
0	vdw	D:LEU:471:CD1	D:PHE:493:CE2
0	vdw	D:LEU:471:CD1	D:PHE:493:CZ
0	vdw	D:LEU:471:CD1	D:MET:496:CE
0	vdw	D:ARG:473:O	D:HOH:1818:O
0	vdw	D:GLN:477:C	D:HOH:1886:O
0	vdw	D:HOH:1886:O	D:TRP:478:N
0	vdw	D:HOH:1886:O	D:TRP:478:CA
0	vdw	D:HOH:1886:O	D:TRP:478:CB
0	vdw	D:HOH:1886:O	D:HOH:1937:O
0	vdw	D:PHE:493:CB	D:THR:345:OG1
0	vdw	D:ILE:489:CG2	D:SER:348:CB
0	vdw	D:LEU:471:CD1	D:PHE:493:CD2
0	vdw	D:ILE:489:CG2	D:PHE:425:CE2
0	vdw	D:PHE:425:CE2	D:PHE:493:CE2
0	vdw	D:ILE:489:CG2	D:PHE:425:CZ
0	vdw	D:CYS:475:SG	D:VAL:422:O
0	vdw	D:CYS:475:O	D:TRP:423:CA
0	vdw	D:CYS:475:CB	D:VAL:422:O
0	vdw	D:CYS:475:O	D:TRP:423:CE3
0	vdw	D:CYS:475:CB	D:GLY:426:CA
0	vdw	D:TRP:423:CE3	D:TRP:476:CA
0	vdw	D:TRP:423:CZ3	D:TRP:476:CA
0	vdw	D:TRP:423:CE3	D:TRP:476:C
0	vdw	D:TRP:423:CZ3	D:TRP:476:C
0	vdw	D:TRP:423:CZ3	D:TRP:476:O
0	vdw	D:ARG:457:NE	D:TRP:476:O
0	vdw	D:ARG:457:CZ	D:TRP:476:O
0	vdw	D:ARG:457:NH2	D:TRP:476:O
0	vdw	D:GLN:477:CA	D:HOH:1886:O
0	vdw	D:TRP:423:CH2	D:TRP:476:O
0	vdw	D:HOH:1807:O	D:TRP:478:CB
0	vdw	D:HOH:1807:O	D:TRP:478:CE3
0	vdw	D:ASN:297:CB	D:GLN:346:O
0	vdw	D:LEU:364:CD2	D:PHE:425:CA
0	vdw	D:LEU:364:CD2	D:PHE:425:CB
0	vdw	D:PRO:408:CD	D:TRP:423:CD2
0	vdw	D:PRO:408:CD	D:TRP:423:CE3
0	vdw	D:PRO:408:CD	D:TRP:423:CZ3
0	vdw	D:ALA:407:CB	D:TRP:423:CB
0	vdw	D:ALA:407:CA	D:TRP:423:CG
0	vdw	D:ALA:407:CB	D:TRP:423:CG
0	vdw	D:ALA:407:CA	D:TRP:423:CD2
0	vdw	D:TRP:423:CZ3	D:TRP:476:CB
0	vdw	D:TRP:423:CD2	D:TRP:476:CD1
0	vdw	D:PRO:408:CB	D:TRP:478:CZ3
0	vdw	D:PRO:408:CB	D:TRP:478:CH2
0	vdw	D:PRO:408:CG	D:TRP:478:CZ3
0	vdw	D:PRO:408:CG	D:TRP:423:CH2
0	vdw	D:PRO:408:CD	D:TRP:423:CH2
0	vdw	D:PRO:408:CG	D:TRP:478:CE3
0	vdw	D:PRO:408:CD	D:TRP:423:CZ2
0	vdw	D:HOH:2000:O	D:TRP:478:CZ2
0	vdw	D:GLU:453:N	D:TRP:478:CZ3
0	vdw	D:GLU:453:CB	D:TRP:478:CH2
0	vdw	D:GLU:453:CG	D:TRP:478:CH2
0	vdw	D:LEU:452:C	D:TRP:478:CZ3
0	vdw	D:GLU:453:CA	D:TRP:478:CZ3
0	vdw	D:GLU:453:CA	D:TRP:478:CH2
0	vdw	D:HOH:2000:O	D:TYR:449:OH
0	vdw	D:ASN:297:ND2	D:HOH:1825:O
0	vdw	D:ASN:297:ND2	D:VAL:377:O
0	vdw	D:ASN:297:ND2	D:GLN:346:OE1
0	vdw	D:GLN:346:OE1	D:HOH:1825:O
0	vdw	D:ASN:297:ND2	D:GLN:346:CB
0	vdw	D:ILE:347:CG2	D:LEU:428:CD2
0	vdw	D:ILE:347:CG2	D:PHE:425:CD1
0	vdw	D:ILE:347:CG2	D:PHE:425:CE1
0	vdw	D:LEU:364:CD1	D:LEU:428:CD2
0	vdw	D:ASP:421:O	D:LEU:364:CD2
0	vdw	D:HOH:1813:O	D:SER:420:O
0	vdw	D:ALA:424:CB	D:HOH:1811:O
0	vdw	D:ALA:424:CB	D:TRP:405:O
0	vdw	D:ALA:424:CB	D:LEU:364:O
0	vdw	D:ALA:407:N	D:HOH:1813:O
0	vdw	D:HOH:1813:O	D:THR:406:CA
0	vdw	D:HOH:1813:O	D:THR:406:C
0	vdw	D:HOH:1813:O	D:TRP:405:O
0	vdw	D:ALA:407:CA	D:TRP:423:CD1
0	vdw	D:PRO:408:O	D:TYR:449:CE1
0	vdw	D:LYS:378:CE	D:PRO:296:O
0	vdw	D:GLU:316:OE2	D:LYS:378:CE
0	vdw	D:GLU:316:CD	D:LYS:378:NZ
0	vdw	D:GLU:316:OE1	D:LYS:378:NZ
0	vdw	D:GLU:316:OE2	D:LYS:378:NZ
0	vdw	D:LYS:378:CD	D:MET:318:SD
0	vdw	D:HOH:1916:O	D:LYS:378:CE
0	vdw	D:ASN:297:C	D:LYS:378:CA
0	vdw	D:ASN:297:C	D:LYS:378:CB
0	vdw	D:ASN:297:C	D:LYS:378:CG
0	vdw	D:ASN:297:O	D:LYS:378:CA
0	vdw	D:ASN:297:O	D:LYS:378:C
0	vdw	D:ASN:297:O	D:LYS:378:CB
0	vdw	D:ASN:297:O	D:VAL:379:N
0	vdw	D:LYS:378:CB	D:VAL:299:CG2
0	vdw	D:HIS:361:CD2	D:VAL:379:CG1
0	vdw	D:HIS:361:NE2	D:VAL:379:CG1
0	vdw	D:ASN:368:O	D:VAL:379:CA
0	vdw	D:ALA:380:O	D:HIS:361:NE2
0	vdw	D:HOH:1811:O	D:LEU:364:N
0	vdw	D:HOH:1811:O	D:LEU:364:CA
0	vdw	D:HOH:1811:O	D:LEU:364:CB
0	vdw	D:ASP:363:C	D:HOH:1862:O
0	vdw	D:HOH:1862:O	D:LEU:364:N
0	vdw	D:ALA:424:CB	D:LEU:364:CB
0	vdw	D:ASP:363:C	D:HOH:1882:O
0	vdw	D:HOH:1811:O	D:HOH:1929:O
0	vdw	D:ARG:362:C	D:HOH:1811:O
0	vdw	D:ARG:362:O	D:HOH:1929:O
0	vdw	D:HOH:1929:O	D:HOH:1938:O
0	vdw	D:HOH:1813:O	D:HOH:1929:O
0	vdw	D:LEU:411:CG	D:THR:406:CG2
0	vdw	D:LEU:411:CD2	D:THR:406:CG2
0	vdw	D:PHE:401:CE2	D:SER:410:O
0	vdw	D:GLU:316:CD	D:HOH:1917:O
0	vdw	D:GLU:316:OE2	D:HOH:1916:O
0	vdw	D:GLU:316:OE2	D:HOH:1917:O
0	vdw	D:ALA:380:CB	D:VAL:299:CG2
0	vdw	D:LEU:370:CD2	D:VAL:299:CG2
0	vdw	D:HOH:1830:O	D:VAL:299:CB
0	vdw	D:VAL:299:N	D:VAL:379:O
0	vdw	D:VAL:299:CG2	D:VAL:379:O
0	vdw	D:ALA:380:CA	D:HOH:1830:O
0	vdw	D:ALA:380:C	D:HOH:1830:O
0	vdw	D:ALA:380:CB	D:HOH:1830:O
0	vdw	D:ALA:380:CB	D:LEU:370:CD2
0	vdw	D:ALA:380:N	D:ASN:368:O
0	vdw	D:ALA:380:CA	D:ASN:368:O
0	vdw	D:ALA:380:O	D:HIS:361:CE1
0	vdw	D:ASP:381:C	D:HIS:361:CE1
0	vdw	D:ASP:381:O	D:HIS:361:CE1
0	vdw	D:ALA:380:O	D:ASN:368:CB
0	vdw	D:ASP:381:O	D:HOH:1802:O
0	vdw	D:ALA:380:O	D:ASN:368:O
0	vdw	D:ASP:363:CG	D:HOH:1816:O
0	vdw	D:ASP:363:OD2	D:HOH:1816:O
0	vdw	D:ASP:363:CB	D:HOH:1802:O
0	vdw	D:ASP:363:CG	D:HOH:1802:O
0	vdw	D:ASP:363:OD2	D:HOH:1802:O
0	vdw	D:ASN:368:ND2	D:ASP:363:CB
0	vdw	D:ASP:363:CG	D:TYR:253:OH
0	vdw	D:ASP:363:OD2	D:TYR:253:CZ
0	vdw	D:ASP:363:OD2	D:TYR:253:OH
0	vdw	D:ASP:363:CA	D:HOH:1882:O
0	vdw	D:ASP:363:CB	D:HOH:1882:O
0	vdw	D:ASP:363:CG	D:HOH:1882:O
0	vdw	D:ASP:363:OD2	D:TYR:253:CE1
0	vdw	D:ASP:363:N	D:HOH:1811:O
0	vdw	D:ASP:363:CA	D:HOH:1862:O
0	vdw	D:ARG:362:O	D:HOH:1925:O
0	vdw	D:ASP:363:OD1	D:HOH:1925:O
0	vdw	D:HOH:1839:O	D:HOH:1925:O
0	vdw	D:ASP:363:OD1	D:TYR:253:OH
0	vdw	D:ASP:363:OD1	D:HOH:1882:O
0	vdw	D:ASP:363:OD1	D:HOH:1989:O
0	vdw	D:HOH:1839:O	D:HOH:1989:O
0	vdw	D:HOH:1925:O	D:HOH:1989:O
0	vdw	D:HOH:1925:O	D:PRO:402:CG
0	vdw	D:HOH:1925:O	D:PRO:402:CD
0	vdw	D:HOH:1925:O	D:HOH:1938:O
0	vdw	D:HOH:1846:O	D:HOH:2008:O
0	vdw	D:GLU:316:CA	D:HOH:1846:O
0	vdw	D:GLU:316:C	D:HOH:1846:O
0	vdw	D:HOH:1846:O	D:PHE:317:N
0	vdw	D:HOH:1846:O	D:PHE:317:CB
0	vdw	D:HOH:1846:O	D:THR:267:C
0	vdw	D:HOH:1846:O	D:THR:267:O
0	vdw	D:GLU:316:CG	D:HOH:1917:O
0	vdw	D:HOH:1830:O	D:VAL:299:CG1
0	vdw	D:GLU:316:O	D:VAL:299:CG1
0	vdw	D:HOH:1815:O	D:THR:315:CB
0	vdw	D:HOH:1810:O	D:THR:315:CB
0	vdw	D:HOH:1830:O	D:HOH:1875:O
0	vdw	D:ASP:381:CA	D:HOH:1830:O
0	vdw	D:ASP:381:CA	D:HOH:1875:O
0	vdw	D:ASP:381:OD1	D:HOH:1875:O
0	vdw	D:HOH:1875:O	D:HOH:1934:O
0	vdw	D:HOH:1810:O	D:HOH:1830:O
0	vdw	D:ASP:381:N	D:HOH:1830:O
0	vdw	D:ASP:381:CB	D:HOH:1802:O
0	vdw	D:ASP:381:CB	D:MG:1801:MG
0	vdw	D:LEU:384:CD2	D:TYR:253:CG
0	vdw	D:LEU:384:CD2	D:TYR:253:CD1
0	vdw	D:ASP:381:OD1	D:LYS:271:NZ
0	vdw	D:LEU:384:CD2	D:LYS:271:CD
0	vdw	D:LEU:384:CD2	D:LYS:271:NZ
0	vdw	D:ASN:368:OD1	D:ASP:381:CB
0	vdw	D:LEU:384:CD2	D:TYR:253:CB
0	vdw	D:HOH:1802:O	D:LEU:384:CB
0	vdw	D:HOH:1802:O	D:TYR:253:CE1
0	vdw	D:ASN:368:ND2	D:HOH:1802:O
0	vdw	D:HOH:1989:O	D:TYR:253:OH
0	vdw	D:GLY:398:C	D:HOH:1977:O
0	vdw	D:GLY:398:O	D:HOH:1977:O
0	vdw	D:GLY:398:N	D:HOH:1977:O
0	vdw	D:HOH:1920:O	D:LEU:266:CD2
0	vdw	D:HOH:1947:O	D:LEU:266:CD2
0	vdw	D:THR:315:O	D:VAL:268:CB
0	vdw	D:LEU:302:CD1	D:VAL:268:CG1
0	vdw	D:LEU:302:CD1	D:THR:315:C
0	vdw	D:THR:315:O	D:VAL:268:CA
0	vdw	D:ALA:269:N	D:THR:315:O
0	vdw	D:ILE:314:CG2	D:VAL:268:CB
0	vdw	D:ALA:269:O	D:THR:315:O
0	vdw	D:HOH:1815:O	D:THR:315:N
0	vdw	D:HOH:1815:O	D:THR:315:CG2
0	vdw	D:HOH:1815:O	D:THR:315:OG1
0	vdw	D:ALA:269:O	D:ILE:314:C
0	vdw	D:ALA:269:O	D:THR:315:N
0	vdw	D:ALA:269:CB	D:THR:315:OG1
0	vdw	D:HOH:1810:O	D:THR:315:OG1
0	vdw	D:HOH:1815:O	D:HOH:1934:O
0	vdw	D:HOH:1815:O	D:ILE:313:O
0	vdw	D:HOH:1815:O	D:LYS:271:CB
0	vdw	D:HOH:1934:O	D:LYS:271:CB
0	vdw	D:HOH:1934:O	D:LYS:271:CD
0	vdw	D:HOH:1934:O	D:LYS:271:CE
0	vdw	D:HOH:1815:O	D:LYS:271:N
0	vdw	D:ASP:381:OD1	D:HOH:1934:O
0	vdw	D:ALA:269:C	D:HOH:1815:O
0	vdw	D:ALA:269:O	D:HOH:1815:O
0	vdw	D:LEU:384:CG	D:TYR:253:CG
0	vdw	D:MET:388:CE	D:TYR:253:CD2
0	vdw	D:HOH:1952:O	D:MET:388:CE
0	vdw	D:HOH:1879:O	D:HOH:1980:O
0	vdw	D:HOH:1952:O	D:HOH:1980:O
0	vdw	D:HOH:1909:O	D:HOH:1952:O
0	vdw	D:LEU:266:O	D:TRP:261:CA
0	vdw	D:LEU:266:O	D:TRP:261:CB
0	vdw	D:LEU:266:N	D:TRP:261:O
0	vdw	D:ILE:314:CG2	D:VAL:268:CG2
0	vdw	D:ALA:269:O	D:ILE:314:CA
0	vdw	D:LYS:271:O	D:TYR:312:C
0	vdw	D:ILE:313:N	D:LYS:271:O
0	vdw	D:LYS:271:O	D:TYR:312:CA
0	vdw	D:ILE:313:O	D:VAL:270:C
0	vdw	D:ILE:313:O	D:LYS:271:N
0	vdw	D:ILE:313:O	D:VAL:270:CA
0	vdw	D:LEU:273:CG	D:PHE:311:O
0	vdw	D:LEU:273:CA	D:TYR:253:O
0	vdw	D:LEU:273:CD2	D:TYR:253:O
0	vdw	D:LEU:273:CB	D:MET:388:SD
0	vdw	D:HOH:1869:O	D:LEU:273:CB
0	vdw	D:ASP:276:OD2	D:HOH:1892:O
0	vdw	D:GLU:275:O	D:HOH:1892:O
0	vdw	D:ASP:276:CA	D:HOH:1892:O
0	vdw	D:ASP:276:CB	D:HOH:1892:O
0	vdw	D:HOH:1892:O	D:HOH:1909:O
0	vdw	D:MET:388:CE	D:TYR:253:C
0	vdw	D:MET:388:CE	D:TYR:253:O
0	vdw	D:MET:388:CE	D:TYR:253:CA
0	vdw	D:MET:388:CE	D:TYR:253:CB
0	vdw	D:ASP:391:N	D:HOH:1980:O
0	vdw	D:ASP:391:CG	D:HOH:1927:O
0	vdw	D:ASP:391:OD1	D:HOH:1927:O
0	vdw	D:HOH:1927:O	D:TYR:393:O
0	vdw	D:ASP:241:O	D:LYS:262:N
0	vdw	D:ASP:241:O	D:LYS:262:CB
0	vdw	D:ASP:241:O	D:LYS:262:CG
0	vdw	D:ILE:242:CA	D:VAL:260:O
0	vdw	D:HOH:1853:O	D:TYR:312:CG
0	vdw	D:HOH:1853:O	D:TYR:312:CD2
0	vdw	D:THR:272:CG2	D:TYR:312:CD2
0	vdw	D:THR:272:CA	D:TYR:312:CD2
0	vdw	D:HOH:1869:O	D:PHE:311:N
0	vdw	D:LEU:273:CB	D:PHE:311:O
0	vdw	D:LEU:273:N	D:PHE:311:O
0	vdw	D:HOH:1869:O	D:LYS:274:O
0	vdw	D:HOH:1869:O	D:PRO:310:CB
0	vdw	D:GLU:275:C	D:HOH:1902:O
0	vdw	D:GLU:275:O	D:HOH:1902:O
0	vdw	D:LYS:262:CD	D:THR:240:O
0	vdw	D:LYS:262:CG	D:THR:243:OG1
0	vdw	D:LYS:262:CE	D:THR:240:O
0	vdw	D:LYS:262:NZ	D:THR:240:O
0	vdw	D:ARG:239:CG	D:TYR:312:CE1
0	vdw	D:ARG:239:NE	D:HOH:1853:O
0	vdw	D:ARG:239:CZ	D:HOH:1853:O
0	vdw	D:ARG:239:NE	D:GLU:308:O
0	vdw	D:ARG:239:CZ	D:GLU:308:O
0	vdw	D:ARG:239:NH2	D:HOH:1853:O
0	vdw	D:GLU:308:O	D:HOH:1853:O
0	vdw	D:HOH:1853:O	D:PRO:310:O
0	vdw	D:ARG:239:NE	D:TYR:312:CZ
0	vdw	D:ARG:239:CZ	D:TYR:312:CZ
0	vdw	D:ARG:239:CZ	D:TYR:312:OH
0	vdw	D:HOH:1853:O	D:TYR:312:CE2
0	vdw	D:ARG:239:NH2	D:GLU:308:O
0	vdw	D:ARG:239:NH2	D:PRO:309:C
0	vdw	D:ARG:239:NH2	D:PRO:310:O
0	vdw	D:ARG:239:NH2	D:PRO:309:O
0	vdw	D:HOH:1955:O	D:PRO:309:C
0	vdw	D:HOH:1955:O	D:PRO:310:N
0	vdw	D:HOH:1955:O	D:PRO:310:CD
0	vdw	D:LEU:273:O	D:PRO:310:CB
0	vdw	D:LEU:273:O	D:PRO:310:CG
0	vdw	D:HOH:1821:O	D:PRO:310:CG
0	vdw	D:GLU:308:CD	D:HOH:1998:O
0	vdw	D:GLU:308:OE1	D:HOH:1998:O
0	vdw	D:HOH:1960:O	D:PRO:309:O
0	vdw	D:HOH:1960:O	D:HOH:1998:O
0	vdw	D:HOH:1955:O	D:PRO:309:O
0	vdw	D:HOH:2003:O	D:PRO:309:O
0	vdw	D:HOH:1960:O	D:HOH:2003:O
0	vdw	D:HOH:1955:O	D:HOH:2003:O
0	vdw	D:LEU:341:CD2	D:MET:496:C
0	vdw	D:LEU:341:CD2	D:MET:496:O
0	vdw	D:LYS:467:CB	D:MET:496:SD
0	vdw	D:ARG:473:CZ	D:HOH:1818:O
0	vdw	D:ARG:473:NH1	D:HOH:1818:O
0	vdw	D:PHE:497:CE1	D:TYR:342:CB
0	vdw	D:PHE:497:CE1	D:VAL:338:CG2
0	vdw	D:SER:501:OG	D:VAL:338:CG2
0	vdw	D:PHE:497:CD1	D:TYR:342:CA
0	vdw	D:LEU:341:CD2	D:PHE:497:CA
0	vdw	D:ALA:344:CB	D:PHE:493:CD1
0	vdw	D:ALA:344:CB	D:PHE:493:CE1
0	vdw	D:ARG:473:CA	D:HOH:1818:O
0	vdw	D:ARG:473:C	D:HOH:1818:O
0	vdw	D:ARG:473:CB	D:HOH:1818:O
0	vdw	D:HOH:1818:O	D:HOH:1937:O
0	vdw	D:HOH:1818:O	D:TRP:476:CB
0	vdw	D:ARG:473:CD	D:HOH:1818:O
0	vdw	D:ARG:457:CG	D:HOH:1818:O
0	vdw	D:HOH:1937:O	D:HOH:1984:O
0	vdw	D:ASP:455:CA	D:HOH:1984:O
0	vdw	D:ASP:455:CB	D:HOH:1984:O
0	vdw	D:ARG:457:NE	D:HOH:1937:O
0	vdw	D:ARG:457:CZ	D:HOH:1937:O
0	vdw	D:ARG:457:NH2	D:HOH:1937:O
0	vdw	D:ASP:455:O	D:HOH:1984:O
0	vdw	D:ASP:455:C	D:HOH:1984:O
0	vdw	D:ASP:455:CG	D:HOH:1807:O
0	vdw	D:ASP:455:OD1	D:HOH:1807:O
0	vdw	D:PHE:497:CZ	D:TYR:342:CD1
0	vdw	D:ALA:344:CB	D:LEU:429:CD2
0	vdw	D:LEU:429:CD1	D:PHE:493:CZ
0	vdw	D:LEU:429:CD2	D:PHE:493:CZ
0	vdw	D:LEU:429:CB	D:MET:472:CG
0	vdw	D:TRP:423:O	D:TRP:476:CD1
0	vdw	D:TRP:423:CE2	D:TRP:476:CD1
0	vdw	D:HOH:1857:O	D:TRP:476:CD2
0	vdw	D:ARG:457:CD	D:TRP:476:CB
0	vdw	D:ARG:457:NE	D:TRP:476:CB
0	vdw	D:ARG:457:CZ	D:HOH:1807:O
0	vdw	D:ARG:457:NH1	D:LEU:452:CA
0	vdw	D:ARG:457:NH1	D:LEU:452:O
0	vdw	D:ARG:457:NH1	D:HOH:1807:O
0	vdw	D:ARG:457:NH2	D:HOH:1807:O
0	vdw	D:HOH:1807:O	D:LEU:452:O
0	vdw	D:HOH:1979:O	D:LYS:454:NZ
0	vdw	D:GLN:346:CD	D:VAL:377:N
0	vdw	D:HIS:375:O	D:TYR:342:CE2
0	vdw	D:GLN:346:NE2	D:HIS:375:O
0	vdw	D:GLY:426:CA	D:TRP:476:NE1
0	vdw	D:GLY:426:C	D:TRP:476:NE1
0	vdw	D:GLY:426:C	D:TRP:476:CE2
0	vdw	D:GLY:426:O	D:MET:472:CG
0	vdw	D:GLY:426:C	D:TRP:476:CZ2
0	vdw	D:GLY:426:O	D:TRP:476:CZ2
0	vdw	D:TRP:423:O	D:TRP:476:NE1
0	vdw	D:TRP:476:NE1	D:VAL:427:N
0	vdw	D:TRP:476:NE1	D:VAL:427:CG2
0	vdw	D:HOH:1829:O	D:VAL:427:CG2
0	vdw	D:LYS:404:O	D:VAL:427:CG2
0	vdw	D:LEU:452:CD1	D:TRP:423:CZ2
0	vdw	D:HOH:1829:O	D:TRP:423:CE2
0	vdw	D:HOH:1829:O	D:TRP:423:NE1
0	vdw	D:LEU:452:CD2	D:TRP:423:CZ2
0	vdw	D:HOH:1823:O	D:LEU:452:CD1
0	vdw	D:GLN:346:OE1	D:LEU:376:CA
0	vdw	D:GLN:346:OE1	D:LEU:376:CD1
0	vdw	D:GLN:346:OE1	D:VAL:377:N
0	vdw	D:ILE:347:CG1	D:VAL:377:CG1
0	vdw	D:LEU:370:O	D:VAL:377:CA
0	vdw	D:LEU:370:O	D:VAL:377:C
0	vdw	D:LEU:370:O	D:VAL:377:CG1
0	vdw	D:CYS:369:SG	D:ILE:347:CG1
0	vdw	D:CYS:369:SG	D:ILE:347:CD1
0	vdw	D:CYS:369:SG	D:LEU:428:CD2
0	vdw	D:ILE:347:CD1	D:ILE:432:CD1
0	vdw	D:HOH:1823:O	D:THR:406:C
0	vdw	D:HOH:1823:O	D:THR:406:O
0	vdw	D:HOH:1938:O	D:THR:406:CA
0	vdw	D:HOH:1823:O	D:VAL:448:CG1
0	vdw	D:HOH:1823:O	D:ILE:403:O
0	vdw	D:HOH:1823:O	D:HOH:1829:O
0	vdw	D:HOH:1850:O	D:TYR:449:CB
0	vdw	D:HOH:1916:O	D:LEU:376:CD2
0	vdw	D:HOH:1860:O	D:HOH:1881:O
0	vdw	D:GLY:372:C	D:HOH:1860:O
0	vdw	D:GLU:373:N	D:HOH:1860:O
0	vdw	D:GLU:373:CA	D:HOH:1860:O
0	vdw	D:GLU:373:CB	D:HOH:1860:O
0	vdw	D:GLY:372:CA	D:HOH:1860:O
0	vdw	D:MET:318:CE	D:VAL:371:C
0	vdw	D:GLY:372:N	D:MET:318:CE
0	vdw	D:GLY:372:CA	D:MET:318:CE
0	vdw	D:LEU:370:O	D:LYS:378:N
0	vdw	D:LEU:370:O	D:LYS:378:O
0	vdw	D:CYS:369:CA	D:LYS:378:O
0	vdw	D:CYS:369:C	D:LYS:378:O
0	vdw	D:LEU:370:N	D:LYS:378:O
0	vdw	D:CYS:369:CB	D:LEU:323:CB
0	vdw	D:CYS:369:CB	D:LEU:323:CD2
0	vdw	D:HOH:1862:O	D:LEU:364:C
0	vdw	D:HOH:1862:O	D:LEU:364:O
0	vdw	D:ASN:368:ND2	D:ASP:363:O
0	vdw	D:ASP:363:O	D:HOH:1882:O
0	vdw	D:LEU:364:O	D:TRP:405:CD1
0	vdw	D:HOH:1862:O	D:TRP:405:CB
0	vdw	D:HOH:1862:O	D:HOH:1938:O
0	vdw	D:HOH:1862:O	D:HOH:1882:O
0	vdw	D:HOH:1938:O	D:THR:406:CB
0	vdw	D:HOH:1938:O	D:THR:406:OG1
0	vdw	D:LEU:411:CG	D:THR:406:CB
0	vdw	D:LEU:411:CD2	D:THR:406:CB
0	vdw	D:HOH:1938:O	D:PRO:402:CG
0	vdw	D:LEU:411:CD2	D:PHE:401:CB
0	vdw	D:LEU:411:CD2	D:PHE:401:CG
0	vdw	D:ILE:403:CD1	D:LEU:411:CD2
0	vdw	D:HOH:1881:O	D:HOH:1916:O
0	vdw	D:HOH:1881:O	D:MET:318:CA
0	vdw	D:HOH:1881:O	D:MET:318:SD
0	vdw	D:HOH:1916:O	D:MET:318:SD
0	vdw	D:HOH:1881:O	D:THR:319:OG1
0	vdw	D:HOH:1881:O	D:PHE:317:O
0	vdw	D:HOH:1917:O	D:PHE:317:O
0	vdw	D:HOH:1881:O	D:MET:318:C
0	vdw	D:HOH:1881:O	D:THR:319:N
0	vdw	D:HOH:1881:O	D:MET:318:CE
0	vdw	D:HOH:1916:O	D:MET:318:CE
0	vdw	D:LEU:370:CB	D:MET:318:CB
0	vdw	D:LEU:370:CB	D:MET:318:CG
0	vdw	D:LEU:370:CD2	D:MET:318:CG
0	vdw	D:ASN:368:OD1	D:HOH:1928:O
0	vdw	D:ASN:368:CG	D:MG:1801:MG
0	vdw	D:ASN:368:OD1	D:ASP:381:CG
0	vdw	D:ASN:368:OD1	D:ASP:381:OD2
0	vdw	D:ASN:368:OD1	D:MG:1801:MG
0	vdw	D:ASP:381:OD2	D:HOH:1928:O
0	vdw	D:HOH:1928:O	D:MG:1801:MG
0	vdw	D:ARG:367:O	D:HOH:1928:O
0	vdw	D:ASN:368:CB	D:ASP:363:O
0	vdw	D:HOH:1882:O	D:PRO:402:CG
0	vdw	D:ARG:367:NH2	D:HOH:1882:O
0	vdw	D:HOH:1947:O	D:THR:267:O
0	vdw	D:PHE:317:CB	D:VAL:268:CA
0	vdw	D:ASP:381:CG	D:MG:1801:MG
0	vdw	D:ASP:381:OD2	D:MG:1801:MG
0	vdw	D:ASP:381:CG	D:LYS:271:NZ
0	vdw	D:ASP:381:OD2	D:LYS:271:NZ
0	vdw	D:ASN:368:ND2	D:MG:1801:MG
0	vdw	D:HOH:1920:O	D:THR:267:N
0	vdw	D:HOH:1920:O	D:THR:267:CB
0	vdw	D:HOH:1920:O	D:HOH:1954:O
0	vdw	D:HOH:1920:O	D:HOH:1947:O
0	vdw	D:GLY:259:O	D:THR:267:CA
0	vdw	D:GLY:259:O	D:THR:267:C
0	vdw	D:PHE:317:CB	D:THR:267:O
0	vdw	D:HOH:1954:O	D:THR:267:N
0	vdw	D:GLY:259:O	D:VAL:268:N
0	vdw	D:GLY:259:CA	D:VAL:268:O
0	vdw	D:GLY:259:O	D:VAL:268:O
0	vdw	D:GLU:258:CA	D:VAL:268:O
0	vdw	D:GLU:258:C	D:VAL:268:O
0	vdw	D:GLY:259:N	D:VAL:268:O
0	vdw	D:ALA:269:CA	D:TYR:257:O
0	vdw	D:ALA:269:C	D:TYR:257:O
0	vdw	D:LYS:271:CE	D:VAL:256:CG2
0	vdw	D:GLN:252:O	D:LYS:274:CD
0	vdw	D:GLN:252:C	D:LYS:274:NZ
0	vdw	D:GLN:252:O	D:LYS:274:CE
0	vdw	D:GLN:252:O	D:LYS:274:NZ
0	vdw	D:SER:265:CA	D:VAL:260:CG1
0	vdw	D:HOH:1954:O	D:SER:265:O
0	vdw	D:LEU:266:O	D:VAL:260:CA
0	vdw	D:LEU:266:O	D:TRP:261:N
0	vdw	D:LEU:266:O	D:VAL:260:C
0	vdw	D:GLY:259:C	D:VAL:268:CG2
0	vdw	D:GLY:259:O	D:VAL:268:CG2
0	vdw	D:GLY:259:CA	D:THR:243:O
0	vdw	D:GLY:259:C	D:THR:243:O
0	vdw	D:THR:243:O	D:VAL:260:N
0	vdw	D:MET:244:SD	D:VAL:270:CG1
0	vdw	D:MET:244:CE	D:VAL:270:CG1
0	vdw	D:TYR:257:O	D:VAL:270:N
0	vdw	D:TYR:257:O	D:VAL:270:CA
0	vdw	D:VAL:256:CA	D:VAL:270:O
0	vdw	D:VAL:256:C	D:VAL:270:O
0	vdw	D:TYR:257:N	D:VAL:270:O
0	vdw	D:GLU:255:O	D:LYS:271:CA
0	vdw	D:GLU:255:O	D:LYS:271:C
0	vdw	D:TYR:257:CA	D:VAL:270:O
0	vdw	D:TYR:257:O	D:VAL:270:O
0	vdw	D:GLY:254:CA	D:THR:272:O
0	vdw	D:GLU:255:O	D:THR:272:N
0	vdw	D:GLU:255:N	D:THR:272:O
0	vdw	D:HOH:1833:O	D:THR:272:O
0	vdw	D:LYS:274:CG	D:TYR:253:O
0	vdw	D:LEU:273:C	D:TYR:253:O
0	vdw	D:LYS:274:N	D:TYR:253:O
0	vdw	D:GLY:254:CA	D:HOH:1936:O
0	vdw	D:HOH:1936:O	D:LYS:274:CG
0	vdw	D:HOH:1909:O	D:LYS:274:CD
0	vdw	D:ILE:242:C	D:VAL:260:O
0	vdw	D:ILE:242:CG2	D:VAL:260:O
0	vdw	D:THR:243:N	D:VAL:260:O
0	vdw	D:ILE:242:CG2	D:VAL:270:CG2
0	vdw	D:MET:244:CE	D:THR:272:CG2
0	vdw	D:HOH:1878:O	D:MET:244:CG
0	vdw	D:THR:272:CG2	D:TYR:312:CE2
0	vdw	D:THR:272:CB	D:TYR:312:CE2
0	vdw	D:THR:272:CG2	D:TYR:312:CZ
0	vdw	D:THR:272:CG2	D:TYR:257:CE1
0	vdw	D:THR:272:CG2	D:TYR:257:CD1
0	vdw	D:HOH:1888:O	D:THR:272:CB
0	vdw	D:HOH:1833:O	D:THR:272:OG1
0	vdw	D:HOH:1888:O	D:THR:272:OG1
0	vdw	D:THR:272:OG1	D:TYR:257:CE1
0	vdw	D:GLU:255:O	D:THR:272:OG1
0	vdw	D:HOH:1821:O	D:LEU:273:C
0	vdw	D:HOH:1821:O	D:LEU:273:O
0	vdw	D:HOH:1884:O	D:LYS:274:CA
0	vdw	D:HOH:1821:O	D:HOH:1833:O
0	vdw	D:HOH:1884:O	D:LYS:274:CB
0	vdw	D:GLU:275:N	D:HOH:1884:O
0	vdw	D:GLU:275:CB	D:HOH:1884:O
0	vdw	D:GLU:275:CG	D:HOH:1884:O
0	vdw	D:LYS:262:CE	D:THR:243:OG1
0	vdw	D:HOH:1900:O	D:ILE:502:C
0	vdw	D:GLU:466:CB	D:HOH:1903:O
0	vdw	D:HOH:1903:O	D:PRO:465:CA
0	vdw	D:GLU:466:N	D:HOH:1903:O
0	vdw	D:HOH:2001:O	D:SER:500:CB
0	vdw	D:HOH:2001:O	D:SER:500:OG
0	vdw	D:HOH:1941:O	D:HOH:2001:O
0	vdw	D:LEU:341:CD2	D:SER:500:CB
0	vdw	D:LEU:341:CD2	D:SER:500:OG
0	vdw	D:ALA:337:CB	D:HOH:2001:O
0	vdw	D:HOH:1941:O	D:HOH:1971:O
0	vdw	D:HOH:1824:O	D:HOH:1941:O
0	vdw	D:HOH:1941:O	D:HOH:1985:O
0	vdw	D:ARG:460:CB	D:TYR:469:CG
0	vdw	D:ARG:460:CB	D:TYR:469:CD2
0	vdw	D:ALA:337:O	D:HOH:1824:O
0	vdw	D:HOH:1941:O	D:LEU:341:CD2
0	vdw	D:HOH:1824:O	D:HOH:1885:O
0	vdw	D:HOH:1824:O	D:HOH:1962:O
0	vdw	D:ALA:337:CA	D:HOH:1824:O
0	vdw	D:ALA:337:C	D:HOH:1824:O
0	vdw	D:ALA:337:CB	D:HOH:1824:O
0	vdw	D:ARG:460:CA	D:TYR:469:CD1
0	vdw	D:GLU:459:C	D:TYR:469:CE1
0	vdw	D:ARG:460:N	D:TYR:469:CE1
0	vdw	D:ARG:460:CA	D:TYR:469:CE1
0	vdw	D:GLU:459:C	D:TYR:469:CZ
0	vdw	D:ARG:460:N	D:TYR:469:CZ
0	vdw	D:ARG:460:CA	D:TYR:469:CZ
0	vdw	D:MET:458:O	D:TYR:469:CE1
0	vdw	D:MET:458:O	D:TYR:469:CZ
0	vdw	D:ARG:460:CB	D:TYR:469:CD1
0	vdw	D:ARG:460:CB	D:TYR:469:CE1
0	vdw	D:MET:458:O	D:TYR:469:OH
0	vdw	D:GLU:459:CA	D:TYR:469:OH
0	vdw	D:GLU:459:C	D:TYR:469:OH
0	vdw	D:ARG:460:N	D:TYR:469:OH
0	vdw	D:CYS:464:SG	D:MET:472:CE
0	vdw	D:HOH:1857:O	D:TRP:476:CZ3
0	vdw	D:TRP:476:CZ2	D:VAL:427:CA
0	vdw	D:MET:458:CE	D:TRP:476:CZ2
0	vdw	D:MET:458:CE	D:TRP:476:CH2
0	vdw	D:ARG:457:C	D:HOH:1857:O
0	vdw	D:HOH:1857:O	D:TRP:476:CE3
0	vdw	D:ARG:457:CA	D:HOH:1857:O
0	vdw	D:HOH:1857:O	D:TYR:440:CE2
0	vdw	D:HOH:1857:O	D:TYR:440:CZ
0	vdw	D:HOH:1857:O	D:TYR:440:OH
0	vdw	D:HOH:1857:O	D:MET:458:N
0	vdw	D:LEU:451:O	D:TYR:456:CA
0	vdw	D:LEU:451:C	D:TYR:456:CB
0	vdw	D:LEU:451:O	D:TYR:456:N
0	vdw	D:LEU:451:O	D:TYR:456:CB
0	vdw	D:LEU:451:CB	D:TYR:456:CB
0	vdw	D:HIS:375:CG	D:VAL:339:CG1
0	vdw	D:LEU:327:CD2	D:MET:343:SD
0	vdw	D:ILE:432:CG2	D:LEU:340:CD2
0	vdw	D:MET:458:CE	D:TYR:440:CE1
0	vdw	D:TRP:405:CD1	D:VAL:427:CB
0	vdw	D:MET:458:CE	D:TRP:430:CG
0	vdw	D:HOH:1829:O	D:TYR:440:CE1
0	vdw	D:HOH:1829:O	D:TYR:440:CZ
0	vdw	D:HOH:1829:O	D:TYR:440:OH
0	vdw	D:LEU:452:CD2	D:TYR:440:OH
0	vdw	D:LYS:404:O	D:TYR:440:CE1
0	vdw	D:HOH:1829:O	D:LYS:404:C
0	vdw	D:HOH:1829:O	D:LYS:404:O
0	vdw	D:MET:458:CG	D:TYR:440:CE2
0	vdw	D:GLU:450:OE2	D:HOH:1897:O
0	vdw	D:HOH:1887:O	D:HOH:1897:O
0	vdw	D:ASN:374:N	D:HOH:1901:O
0	vdw	D:ASN:374:N	D:HOH:1849:O
0	vdw	D:HIS:375:N	D:HOH:1849:O
0	vdw	D:LEU:376:O	D:VAL:371:C
0	vdw	D:LEU:376:O	D:VAL:371:CG1
0	vdw	D:HIS:375:CA	D:HOH:1849:O
0	vdw	D:LEU:376:O	D:VAL:371:CA
0	vdw	D:ALA:366:CB	D:LEU:428:CD1
0	vdw	D:ALA:366:CB	D:GLU:431:CD
0	vdw	D:ALA:366:CB	D:GLU:431:OE2
0	vdw	D:ALA:365:C	D:LEU:428:CD1
0	vdw	D:ALA:366:N	D:LEU:428:CD1
0	vdw	D:ALA:366:CA	D:LEU:428:CD1
0	vdw	D:ALA:366:CB	D:HOH:1803:O
0	vdw	D:ALA:366:CB	D:GLU:431:OE1
0	vdw	D:GLU:431:CD	D:TRP:405:NE1
0	vdw	D:GLU:431:OE2	D:TRP:405:NE1
0	vdw	D:TRP:405:NE1	D:VAL:427:CG1
0	vdw	D:ALA:365:CB	D:TRP:405:NE1
0	vdw	D:GLU:431:CD	D:HOH:1803:O
0	vdw	D:GLU:431:OE2	D:HOH:1803:O
0	vdw	D:GLU:431:CD	D:HOH:1808:O
0	vdw	D:GLU:431:CD	D:TRP:405:CZ2
0	vdw	D:TRP:405:CD1	D:VAL:427:CG1
0	vdw	D:PRO:439:CG	D:VAL:427:CG1
0	vdw	D:HOH:1804:O	D:LYS:404:CA
0	vdw	D:HOH:1804:O	D:LYS:404:CB
0	vdw	D:LYS:404:CB	D:TYR:440:CD1
0	vdw	D:ILE:403:CG2	D:VAL:448:CB
0	vdw	D:HOH:1850:O	D:TYR:449:N
0	vdw	D:HOH:1850:O	D:VAL:448:N
0	vdw	D:HOH:1850:O	D:SER:446:O
0	vdw	D:HOH:1850:O	D:LEU:445:O
0	vdw	D:HOH:1850:O	D:SER:446:C
0	vdw	D:GLY:372:C	D:TYR:320:CD1
0	vdw	D:TYR:320:N	D:VAL:371:O
0	vdw	D:TYR:320:CB	D:VAL:371:C
0	vdw	D:TYR:320:CB	D:VAL:371:O
0	vdw	D:TYR:320:CB	D:VAL:371:CG1
0	vdw	D:TYR:320:CA	D:VAL:371:O
0	vdw	D:GLY:372:O	D:TYR:320:CD1
0	vdw	D:GLY:372:O	D:HOH:1849:O
0	vdw	D:GLY:321:O	D:LEU:370:CA
0	vdw	D:GLY:321:O	D:LEU:370:C
0	vdw	D:GLY:321:O	D:VAL:371:N
0	vdw	D:LEU:323:CA	D:VAL:371:CG2
0	vdw	D:LEU:323:CD1	D:VAL:371:CG2
0	vdw	D:TYR:320:CB	D:VAL:371:CB
0	vdw	D:CYS:369:O	D:LEU:323:N
0	vdw	D:CYS:369:O	D:LEU:323:CB
0	vdw	D:ALA:366:O	D:LEU:323:CB
0	vdw	D:ASN:322:CA	D:CYS:369:O
0	vdw	D:ASN:322:C	D:CYS:369:O
0	vdw	D:CYS:369:O	D:LEU:323:CA
0	vdw	D:ALA:366:N	D:HOH:1803:O
0	vdw	D:ALA:366:CA	D:HOH:1803:O
0	vdw	D:ALA:366:C	D:HOH:1803:O
0	vdw	D:ARG:367:N	D:HOH:1803:O
0	vdw	D:ARG:367:CA	D:HOH:1803:O
0	vdw	D:ARG:367:CA	D:HOH:1812:O
0	vdw	D:ARG:367:CA	D:HOH:1877:O
0	vdw	D:ALA:366:N	D:GLU:431:CD
0	vdw	D:ALA:366:N	D:GLU:431:OE2
0	vdw	D:ALA:366:CA	D:GLU:431:OE2
0	vdw	D:ALA:365:CB	D:HOH:1803:O
0	vdw	D:ARG:367:NH1	D:HOH:1803:O
0	vdw	D:ARG:367:NH1	D:TRP:405:CE2
0	vdw	D:ARG:367:NH1	D:TRP:405:CZ2
0	vdw	D:ARG:367:NH1	D:TRP:405:CZ3
0	vdw	D:HOH:1803:O	D:TRP:405:CZ2
0	vdw	D:ARG:367:CG	D:HOH:1803:O
0	vdw	D:ARG:367:NH1	D:HOH:1806:O
0	vdw	D:ARG:367:NH1	D:TRP:405:CH2
0	vdw	D:ALA:365:CB	D:TRP:405:CD1
0	vdw	D:GLU:431:OE1	D:HOH:1803:O
0	vdw	D:ARG:367:NH2	D:TRP:405:CD2
0	vdw	D:ARG:367:NH2	D:TRP:405:CE3
0	vdw	D:ARG:367:NH2	D:PRO:402:CB
0	vdw	D:HOH:1804:O	D:TRP:405:CZ3
0	vdw	D:PRO:439:CG	D:TRP:405:CZ2
0	vdw	D:PRO:439:CD	D:TRP:405:CZ2
0	vdw	D:GLU:431:OE1	D:TRP:405:CZ2
0	vdw	D:HOH:1808:O	D:TRP:405:CZ2
0	vdw	D:HOH:1804:O	D:PRO:402:C
0	vdw	D:HOH:1804:O	D:ILE:403:N
0	vdw	D:HOH:1804:O	D:ILE:403:C
0	vdw	D:HOH:1804:O	D:LYS:404:N
0	vdw	D:ILE:403:CG2	D:LEU:445:O
0	vdw	D:HOH:1804:O	D:ILE:403:CA
0	vdw	D:HOH:1968:O	D:MET:318:O
0	vdw	D:HOH:1968:O	D:THR:319:CA
0	vdw	D:ASN:322:CB	D:HOH:1812:O
0	vdw	D:ARG:367:C	D:HOH:1812:O
0	vdw	D:ARG:367:O	D:HOH:1812:O
0	vdw	D:ARG:367:CB	D:HOH:1812:O
0	vdw	D:ARG:367:CB	D:HOH:1877:O
0	vdw	D:HOH:1812:O	D:HOH:1877:O
0	vdw	D:ARG:367:CB	D:HOH:1803:O
0	vdw	D:ASN:322:CG	D:HOH:1812:O
0	vdw	D:ARG:367:CD	D:HOH:1806:O
0	vdw	D:HOH:1968:O	D:PHE:317:CZ
0	vdw	D:HOH:1954:O	D:THR:267:OG1
0	vdw	D:GLU:258:OE1	D:THR:267:CG2
0	vdw	D:GLU:258:CG	D:THR:267:CG2
0	vdw	D:PHE:317:CG	D:THR:267:CG2
0	vdw	D:PHE:317:CD2	D:THR:267:CG2
0	vdw	D:LEU:248:CD1	D:PHE:317:CE1
0	vdw	D:GLU:255:CA	D:GLY:250:CA
0	vdw	D:GLY:254:O	D:HOH:1883:O
0	vdw	D:GLY:251:O	D:HOH:1883:O
0	vdw	D:GLN:252:OE1	D:HOH:1921:O
0	vdw	D:LYS:245:CE	D:VAL:260:CG2
0	vdw	D:LYS:245:NZ	D:VAL:260:CG2
0	vdw	D:GLU:258:O	D:LYS:245:N
0	vdw	D:GLU:258:O	D:LYS:245:CA
0	vdw	D:GLU:258:O	D:LYS:245:CB
0	vdw	D:GLU:258:O	D:LYS:245:C
0	vdw	D:HIS:246:O	D:TYR:257:CA
0	vdw	D:GLU:258:N	D:HIS:246:O
0	vdw	D:GLU:258:N	D:LEU:248:CG
0	vdw	D:LYS:247:CA	D:VAL:256:O
0	vdw	D:LYS:247:C	D:VAL:256:O
0	vdw	D:LYS:247:CG	D:VAL:256:O
0	vdw	D:LEU:248:N	D:VAL:256:O
0	vdw	D:LEU:248:CA	D:VAL:256:O
0	vdw	D:GLY:249:N	D:VAL:256:O
0	vdw	D:GLY:249:O	D:VAL:256:N
0	vdw	D:GLY:249:O	D:VAL:256:CA
0	vdw	D:GLY:249:O	D:VAL:256:O
0	vdw	D:LEU:248:CB	D:VAL:256:O
0	vdw	D:GLY:254:C	D:HOH:1883:O
0	vdw	D:GLU:255:CG	D:HOH:1936:O
0	vdw	D:GLU:255:N	D:HOH:1833:O
0	vdw	D:GLU:255:CB	D:HOH:1833:O
0	vdw	D:GLU:255:CG	D:HOH:1833:O
0	vdw	D:GLU:255:CA	D:GLY:249:O
0	vdw	D:GLU:255:C	D:GLY:249:O
0	vdw	D:HOH:1883:O	D:HOH:1936:O
0	vdw	D:HOH:1936:O	D:LYS:274:CE
0	vdw	D:HOH:1878:O	D:MET:244:N
0	vdw	D:HOH:1888:O	D:TYR:257:CE1
0	vdw	D:HOH:1888:O	D:TYR:257:CZ
0	vdw	D:HOH:1888:O	D:TYR:257:OH
0	vdw	D:LYS:245:O	D:TYR:257:CD2
0	vdw	D:LYS:247:CA	D:TYR:257:CD2
0	vdw	D:LYS:247:CB	D:TYR:257:CD2
0	vdw	D:LYS:247:N	D:TYR:257:CD2
0	vdw	D:GLU:255:OE2	D:HOH:1833:O
0	vdw	D:GLU:255:OE2	D:HOH:1888:O
0	vdw	D:HOH:1833:O	D:HOH:1888:O
0	vdw	D:GLU:255:CD	D:HOH:1833:O
0	vdw	D:HOH:1833:O	D:HOH:1936:O
0	vdw	D:HOH:1878:O	D:MET:244:CB
0	vdw	D:HOH:1890:O	D:HOH:1985:O
0	vdw	D:GLY:463:O	D:HOH:1890:O
0	vdw	D:HOH:1890:O	D:HOH:1962:O
0	vdw	D:GLY:463:C	D:HOH:1890:O
0	vdw	D:ARG:460:CB	D:HOH:1895:O
0	vdw	D:GLU:459:C	D:HOH:1895:O
0	vdw	D:ARG:460:N	D:HOH:1895:O
0	vdw	D:GLU:459:CA	D:HOH:1895:O
0	vdw	D:GLU:459:CB	D:HOH:1895:O
0	vdw	D:ASN:336:CG	D:HOH:1922:O
0	vdw	D:ASN:336:OD1	D:HOH:1922:O
0	vdw	D:HOH:1922:O	D:VAL:338:CG1
0	vdw	D:ALA:337:N	D:HOH:1922:O
0	vdw	D:ALA:337:CA	D:HOH:1922:O
0	vdw	D:ALA:337:CB	D:HOH:1922:O
0	vdw	D:HOH:1922:O	D:VAL:338:N
0	vdw	D:ASN:336:CB	D:HOH:1922:O
0	vdw	D:ASN:336:ND2	D:HOH:1922:O
0	vdw	D:ALA:337:CA	D:HOH:1962:O
0	vdw	D:ALA:337:CB	D:HOH:1962:O
0	vdw	D:HOH:1962:O	D:HOH:1972:O
0	vdw	D:HOH:1962:O	D:LEU:340:CD1
0	vdw	D:CYS:464:N	D:HOH:1972:O
0	vdw	D:CYS:464:CA	D:HOH:1972:O
0	vdw	D:ALA:433:CA	D:HOH:1972:O
0	vdw	D:ALA:433:CB	D:HOH:1972:O
0	vdw	D:ALA:433:O	D:HOH:1972:O
0	vdw	D:GLY:463:C	D:HOH:1972:O
0	vdw	D:GLU:459:C	D:HOH:1864:O
0	vdw	D:GLU:459:O	D:HOH:1864:O
0	vdw	D:ARG:460:C	D:HOH:1970:O
0	vdw	D:HOH:1854:O	D:MET:458:C
0	vdw	D:GLU:459:N	D:HOH:1854:O
0	vdw	D:GLU:334:O	D:VAL:339:CG2
0	vdw	D:LEU:340:CD1	D:TYR:435:CZ
0	vdw	D:LEU:340:CD1	D:TYR:435:OH
0	vdw	D:ALA:433:CB	D:PRO:461:CG
0	vdw	D:MET:458:SD	D:TRP:430:CG
0	vdw	D:MET:458:SD	D:TRP:430:CD1
0	vdw	D:MET:458:SD	D:TRP:430:CE2
0	vdw	D:MET:458:SD	D:TRP:430:NE1
0	vdw	D:HOH:1864:O	D:TRP:430:NE1
0	vdw	D:MET:458:CG	D:TYR:440:CD2
0	vdw	D:HOH:1854:O	D:MET:458:CA
0	vdw	D:HOH:1854:O	D:MET:458:CB
0	vdw	D:HOH:1841:O	D:MET:458:CG
0	vdw	D:ILE:443:CD1	D:TYR:456:CE2
0	vdw	D:ILE:443:CD1	D:TYR:456:OH
0	vdw	D:HOH:1841:O	D:TYR:456:OH
0	vdw	D:HIS:375:CD2	D:VAL:339:CG1
0	vdw	D:HIS:375:ND1	D:TYR:326:OH
0	vdw	D:HIS:375:CE1	D:TYR:326:OH
0	vdw	D:GLU:334:OE2	D:HIS:375:CE1
0	vdw	D:MET:343:CE	D:TYR:326:CE2
0	vdw	D:GLU:431:O	D:GLY:436:N
0	vdw	D:GLU:431:O	D:GLY:436:CA
0	vdw	D:MET:458:SD	D:TRP:430:CD2
0	vdw	D:MET:458:SD	D:TYR:440:N
0	vdw	D:PRO:439:N	D:TRP:430:CZ3
0	vdw	D:PRO:439:CA	D:TRP:430:CZ3
0	vdw	D:MET:458:SD	D:TRP:430:CZ2
0	vdw	D:SER:438:C	D:TRP:430:CZ3
0	vdw	D:SER:438:O	D:TRP:430:CZ3
0	vdw	D:MET:437:CB	D:TRP:430:CZ3
0	vdw	D:MET:437:C	D:TRP:430:CZ3
0	vdw	D:MET:437:O	D:TRP:430:CZ3
0	vdw	D:LYS:404:CE	D:TYR:440:CB
0	vdw	D:LYS:404:CG	D:TYR:440:CD1
0	vdw	D:HOH:1841:O	D:TYR:440:CA
0	vdw	D:ILE:443:CG2	D:LEU:451:CD1
0	vdw	D:GLN:447:OE1	D:HOH:1887:O
0	vdw	D:HOH:1901:O	D:HOH:1919:O
0	vdw	D:HOH:1849:O	D:HOH:1901:O
0	vdw	D:HOH:1919:O	D:TYR:326:CE1
0	vdw	D:HOH:1919:O	D:TYR:326:CZ
0	vdw	D:HOH:1919:O	D:TYR:326:OH
0	vdw	D:HOH:1849:O	D:HOH:1919:O
0	vdw	D:GLU:334:OE2	D:HOH:1919:O
0	vdw	D:HOH:1919:O	D:HOH:1957:O
0	vdw	D:HOH:2005:O	D:TYR:326:CE1
0	vdw	D:HOH:1993:O	D:TYR:326:CE1
0	vdw	D:GLU:334:OE2	D:TYR:326:OH
0	vdw	D:ILE:432:CA	D:LEU:327:CD1
0	vdw	D:LEU:327:CB	D:TYR:435:CA
0	vdw	D:LEU:327:CB	D:TYR:435:C
0	vdw	D:GLU:431:CG	D:HOH:1808:O
0	vdw	D:GLU:431:OE1	D:HOH:1808:O
0	vdw	D:HOH:1808:O	D:PRO:439:CD
0	vdw	D:HOH:1808:O	D:HOH:1930:O
0	vdw	D:HOH:1808:O	D:MET:437:C
0	vdw	D:HOH:1808:O	D:MET:437:O
0	vdw	D:HOH:1808:O	D:SER:438:CA
0	vdw	D:PRO:439:CG	D:TRP:405:CH2
0	vdw	D:PRO:439:CD	D:TRP:405:CH2
0	vdw	D:HOH:1804:O	D:LYS:404:CG
0	vdw	D:LYS:404:CD	D:PRO:439:O
0	vdw	D:LYS:404:CE	D:PRO:439:O
0	vdw	D:HOH:1973:O	D:PRO:439:C
0	vdw	D:ILE:443:O	D:LYS:404:CE
0	vdw	D:GLU:373:OE1	D:TYR:320:CE1
0	vdw	D:GLU:373:OE1	D:TYR:320:OH
0	vdw	D:GLU:373:OE1	D:HOH:1901:O
0	vdw	D:HOH:1957:O	D:TYR:320:CE2
0	vdw	D:HOH:1957:O	D:TYR:320:CD2
0	vdw	D:HOH:1871:O	D:TYR:326:CB
0	vdw	D:HOH:1993:O	D:TYR:326:CD1
0	vdw	D:HOH:1806:O	D:LEU:324:CD2
0	vdw	D:HOH:1877:O	D:LEU:324:CD2
0	vdw	D:HOH:1808:O	D:LEU:324:CD1
0	vdw	D:GLY:436:CA	D:LEU:324:CD1
0	vdw	D:GLY:436:C	D:LEU:324:CD1
0	vdw	D:GLY:436:O	D:LEU:324:CD1
0	vdw	D:HOH:1806:O	D:HOH:1930:O
0	vdw	D:HOH:1930:O	D:TRP:405:CH2
0	vdw	D:HOH:1856:O	D:HOH:1930:O
0	vdw	D:HOH:1806:O	D:HOH:1868:O
0	vdw	D:HOH:1930:O	D:HOH:1986:O
0	vdw	D:HOH:1856:O	D:TRP:405:CH2
0	vdw	D:HOH:1856:O	D:SER:438:OG
0	vdw	D:HOH:1856:O	D:SER:438:CB
0	vdw	D:HOH:1968:O	D:THR:319:C
0	vdw	D:HOH:1968:O	D:THR:319:O
0	vdw	D:HOH:1871:O	D:TYR:320:C
0	vdw	D:HOH:1871:O	D:TYR:320:O
0	vdw	D:GLY:321:CA	D:HOH:1871:O
0	vdw	D:GLY:321:C	D:HOH:1871:O
0	vdw	D:ASN:322:N	D:HOH:1871:O
0	vdw	D:ASN:322:O	D:HOH:1871:O
0	vdw	D:HOH:1871:O	D:TYR:326:CA
0	vdw	D:HOH:1871:O	D:TYR:326:N
0	vdw	D:ASN:322:CG	D:HOH:1877:O
0	vdw	D:ASN:322:ND2	D:HOH:1877:O
0	vdw	D:ASN:322:OD1	D:HOH:1877:O
0	vdw	D:HOH:1868:O	D:HOH:1877:O
0	vdw	D:HOH:1868:O	D:HOH:1959:O
0	vdw	D:GLY:321:N	D:HOH:1968:O
0	vdw	D:GLY:249:C	D:HOH:1898:O
0	vdw	D:GLY:250:N	D:HOH:1898:O
0	vdw	D:GLY:250:O	D:HOH:1898:O
0	vdw	D:GLY:250:O	D:HOH:1988:O
0	vdw	D:GLU:258:OE2	D:HIS:246:CE1
0	vdw	D:HOH:2009:O	D:LEU:248:CA
0	vdw	D:HOH:2009:O	D:LEU:248:C
0	vdw	D:HOH:2009:O	D:LEU:248:O
0	vdw	D:GLY:249:CA	D:HOH:1898:O
0	vdw	D:HIS:246:CA	D:HOH:1899:O
0	vdw	D:HOH:1899:O	D:LYS:247:N
0	vdw	D:LYS:247:CB	D:TYR:257:CE2
0	vdw	D:HOH:1899:O	D:LYS:247:CB
0	vdw	D:GLU:255:OE1	D:LYS:247:CD
0	vdw	D:GLU:255:OE1	D:LYS:247:CE
0	vdw	D:GLU:255:CD	D:LYS:247:NZ
0	vdw	D:GLU:255:OE1	D:LYS:247:NZ
0	vdw	D:ARG:460:NH1	D:HOH:1970:O
0	vdw	D:ARG:460:O	D:HOH:1970:O
0	vdw	D:PRO:461:CB	D:THR:434:CG2
0	vdw	D:GLU:459:CG	D:HOH:1963:O
0	vdw	D:GLU:459:CD	D:HOH:1963:O
0	vdw	D:GLU:459:OE1	D:HOH:1963:O
0	vdw	D:GLU:459:OE2	D:HOH:1963:O
0	vdw	D:GLU:459:CG	D:HOH:1854:O
0	vdw	D:HOH:1854:O	D:HOH:1963:O
0	vdw	D:TYR:435:OH	D:VAL:335:O
0	vdw	D:TYR:435:CZ	D:VAL:335:O
0	vdw	D:TYR:435:CE1	D:VAL:335:O
0	vdw	D:ARG:332:CZ	D:TYR:435:CD2
0	vdw	D:HOH:1854:O	D:HOH:1864:O
0	vdw	D:GLU:459:CG	D:HOH:1864:O
0	vdw	D:HOH:1841:O	D:HOH:1854:O
0	vdw	D:HOH:1841:O	D:HOH:1910:O
0	vdw	D:HOH:1841:O	D:PRO:441:CD
0	vdw	D:HOH:1910:O	D:PRO:441:CG
0	vdw	D:HOH:1910:O	D:PRO:441:CD
0	vdw	D:HOH:1910:O	D:HOH:1967:O
0	vdw	D:HOH:1910:O	D:PRO:441:C
0	vdw	D:HOH:1910:O	D:PRO:441:O
0	vdw	D:GLU:334:CD	D:HOH:1844:O
0	vdw	D:GLU:334:OE1	D:HOH:1844:O
0	vdw	D:GLU:334:OE2	D:HOH:1844:O
0	vdw	D:CYS:330:SG	D:VAL:335:CG2
0	vdw	D:HOH:1844:O	D:VAL:335:CG2
0	vdw	D:CYS:330:CB	D:VAL:335:CG2
0	vdw	D:CYS:330:SG	D:VAL:335:CB
0	vdw	D:CYS:330:SG	D:TYR:435:CD1
0	vdw	D:CYS:330:SG	D:TYR:435:CE1
0	vdw	D:ARG:332:CZ	D:TYR:435:CB
0	vdw	D:ARG:332:NH2	D:TYR:435:CB
0	vdw	D:ARG:332:NE	D:TYR:435:CG
0	vdw	D:ARG:332:CZ	D:TYR:435:CG
0	vdw	D:ARG:332:CG	D:TYR:435:CE1
0	vdw	D:HOH:1982:O	D:THR:434:O
0	vdw	D:HOH:1872:O	D:TYR:435:C
0	vdw	D:MET:437:CB	D:TRP:430:CH2
0	vdw	D:HOH:1953:O	D:MET:437:CB
0	vdw	D:SER:438:O	D:TRP:430:CH2
0	vdw	D:HOH:1973:O	D:PRO:441:CA
0	vdw	D:HOH:1997:O	D:PRO:441:CG
0	vdw	D:HOH:1844:O	D:HOH:2005:O
0	vdw	D:CYS:330:CB	D:HOH:1844:O
0	vdw	D:HOH:1993:O	D:HOH:2005:O
0	vdw	D:HOH:1957:O	D:HOH:2005:O
0	vdw	D:CYS:330:CA	D:HOH:1844:O
0	vdw	D:CYS:330:C	D:HOH:1844:O
0	vdw	D:ASN:331:N	D:HOH:1844:O
0	vdw	D:ASN:331:CA	D:HOH:1844:O
0	vdw	D:ASN:331:CB	D:HOH:1844:O
0	vdw	D:HOH:1993:O	D:TYR:326:C
0	vdw	D:HOH:1993:O	D:TYR:326:O
0	vdw	D:CYS:330:CB	D:HOH:1993:O
0	vdw	D:HOH:1993:O	D:TYR:326:CA
0	vdw	D:HOH:1943:O	D:HOH:1993:O
0	vdw	D:GLU:329:C	D:HOH:1993:O
0	vdw	D:CYS:330:N	D:HOH:1993:O
0	vdw	D:CYS:330:CA	D:HOH:1993:O
0	vdw	D:LEU:327:C	D:TYR:435:O
0	vdw	D:ARG:328:CA	D:TYR:435:O
0	vdw	D:ARG:328:CA	D:HOH:1863:O
0	vdw	D:HOH:1894:O	D:LEU:327:O
0	vdw	D:ARG:328:CG	D:TYR:435:O
0	vdw	D:ARG:328:NE	D:GLY:436:C
0	vdw	D:ARG:328:CG	D:HOH:1872:O
0	vdw	D:HOH:1872:O	D:TYR:435:O
0	vdw	D:ARG:328:CZ	D:GLY:436:O
0	vdw	D:ARG:328:NH2	D:GLY:436:O
0	vdw	D:HOH:1953:O	D:SER:438:N
0	vdw	D:HOH:1973:O	D:SER:438:C
0	vdw	D:HOH:1973:O	D:SER:438:O
0	vdw	D:HOH:1973:O	D:SER:438:CB
0	vdw	D:HOH:1953:O	D:SER:438:O
0	vdw	D:LYS:404:NZ	D:PRO:439:O
0	vdw	D:LYS:404:NZ	D:TYR:440:O
0	vdw	D:HOH:1973:O	D:LYS:404:NZ
0	vdw	D:HOH:1973:O	D:PRO:439:O
0	vdw	D:ILE:443:O	D:LYS:404:NZ
0	vdw	D:ASP:444:N	D:HOH:1858:O
0	vdw	D:ASP:444:CB	D:HOH:1858:O
0	vdw	D:GLU:329:OE1	D:HOH:1943:O
0	vdw	D:ARG:328:NH1	D:HOH:1986:O
0	vdw	D:ARG:328:NE	D:GLY:436:O
0	vdw	D:ARG:328:NH1	D:HOH:2007:O
0	vdw	D:ARG:328:CZ	D:HOH:1986:O
0	vdw	D:ARG:328:NH2	D:HOH:1986:O
0	vdw	D:HOH:1959:O	D:HOH:1986:O
0	vdw	D:HOH:1986:O	D:HOH:2007:O
0	vdw	D:HOH:1959:O	D:HOH:2007:O
0	vdw	D:HOH:1899:O	D:HOH:1983:O
0	vdw	D:HOH:1967:O	D:HOH:1997:O
0	vdw	D:CYS:330:O	D:HOH:1894:O
0	vdw	D:ARG:332:NE	D:HOH:1894:O
0	vdw	D:ARG:332:NH2	D:HOH:1894:O
0	vdw	D:ARG:332:NH2	D:HOH:1982:O
0	vdw	D:ARG:332:NH2	D:HOH:1863:O
0	vdw	D:ARG:328:C	D:HOH:1894:O
0	vdw	D:ARG:328:O	D:HOH:1894:O
0	vdw	D:HOH:1863:O	D:HOH:1894:O
0	vdw	D:HOH:1953:O	D:MET:437:CE
0	vdw	D:ARG:328:C	D:HOH:1863:O
0	vdw	D:ARG:328:O	D:HOH:1863:O
0	vdw	D:HOH:1863:O	D:HOH:1872:O
0	vdw	D:HOH:1872:O	D:HOH:1933:O
0	vdw	D:HOH:1953:O	D:PRO:441:CB
0	hbbb	D:GLU:355:N	D:LEU:354:N
0	hbbb	D:LYS:356:N	D:LYS:357:N
0	hbsb	D:ARG:483:NH1	D:LYS:419:O
0	hbbb	D:ALA:424:O	D:LEU:428:N
0	hbbb	D:ALA:380:O	D:PHE:382:N
0	hbbb	D:CYS:475:N	D:TRP:476:N
0	hbbb	D:ALA:287:N	D:GLU:286:O
0	hbbb	D:ILE:418:N	D:LYS:419:N
0	hbbb	D:CYS:305:N	D:THR:306:N
0	hbbb	D:MET:290:N	D:VAL:289:N
0	hbbb	D:ALA:337:N	D:ASN:336:O
0	hbbb	D:ASP:325:N	D:LEU:324:N
0	hbss	D:GLU:488:OE1	D:SER:485:OG
0	hbbb	D:LEU:266:N	D:THR:267:N
0	hbbb	D:ASP:444:N	D:ILE:443:N
0	hbss	D:GLU:334:OE2	D:TYR:326:OH
0	hbbb	D:LEU:384:O	D:SER:385:N
0	hbbb	D:GLY:249:N	D:LEU:248:N
0	hbbb	D:ALA:474:O	D:TRP:476:N
0	hbbb	D:GLU:373:O	D:HIS:375:N
0	hbbb	D:LEU:324:O	D:TYR:326:N
0	hbbb	D:LYS:415:N	D:PHE:416:N
0	hbsb	D:ALA:344:O	D:SER:348:OG
0	hbbb	D:ASP:276:O	D:THR:277:N
0	hbbb	D:GLY:303:O	D:ILE:314:N
0	hbbb	D:GLN:300:N	D:VAL:299:N
0	hbbb	D:GLU:258:N	D:GLY:259:N
0	hbsb	D:TRP:476:NE1	D:VAL:427:N
0	hbbb	D:HIS:490:O	D:PHE:493:N
0	hbbb	D:ILE:313:N	D:ILE:314:N
0	hbbb	D:ILE:418:O	D:LYS:419:N
0	hbbb	D:ILE:347:O	D:MET:351:N
0	hbbb	D:ALA:344:O	D:THR:345:N
0	hbsb	D:ASN:231:ND2	D:SER:229:O
0	hbbb	D:ALA:337:N	D:VAL:338:N
0	hbbb	D:ARG:362:N	D:HIS:361:O
0	hbbb	D:GLN:498:O	D:GLU:499:N
0	hbbb	D:MET:343:O	D:THR:345:N
0	hbsb	D:ARG:483:NE	D:GLN:477:O
0	hbbb	D:ILE:314:N	D:THR:315:N
0	hbbb	D:LYS:271:N	D:THR:272:N
0	hbbb	D:ASP:421:N	D:SER:417:O
0	hbbb	D:GLU:355:O	D:LYS:356:N
0	hbbb	D:ALA:487:O	D:GLN:491:N
0	hbbb	D:ASP:455:N	D:LYS:454:O
0	hbbb	D:LEU:284:N	D:PHE:283:N
0	hbbb	D:ASN:374:O	D:LEU:376:N
0	hbbb	D:GLU:494:N	D:THR:495:N
0	hbbb	D:ALA:492:N	D:GLU:488:O
0	hbbb	D:LYS:467:N	D:VAL:468:N
0	hbsb	D:MET:278:N	D:THR:277:OG1
0	hbbb	D:ARG:332:N	D:ASN:331:O
0	hbbb	D:ARG:328:O	D:GLU:329:N
0	hbbb	D:MET:496:N	D:THR:495:N
0	hbbb	D:GLN:252:O	D:TYR:253:N
0	hbbb	D:GLY:249:O	D:GLY:250:N
0	hbbb	D:HIS:490:N	D:ILE:489:O
0	hbbb	D:LEU:341:N	D:VAL:339:O
0	hbbb	D:LYS:291:N	D:VAL:289:O
0	hbbb	D:MET:351:O	D:TYR:353:N
0	hbss	D:ASN:322:ND2	D:ASP:325:OD2
0	hbbb	D:LEU:387:N	D:MET:388:N
0	hbbb	D:ASN:336:O	D:VAL:338:N
0	hbbb	D:GLU:236:N	D:TRP:235:N
0	hbbb	D:LEU:471:N	D:MET:472:N
0	hbbb	D:ASN:231:N	D:PRO:230:N
0	hbbb	D:MET:318:N	D:PHE:317:O
0	hbbb	D:ARG:460:N	D:GLU:459:O
0	hbbb	D:ALA:412:N	D:LEU:411:N
0	hbbb	D:ASP:241:N	D:THR:240:N
0	hbbb	D:ARG:307:N	D:GLU:308:N
0	hbbb	D:THR:319:O	D:TYR:320:N
0	hbsb	D:SER:348:OG	D:SER:349:N
0	hbbb	D:ILE:360:N	D:PHE:359:N
0	hbbb	D:ASP:455:N	D:LEU:452:O
0	hbbb	D:LEU:452:N	D:VAL:448:O
0	hbsb	D:ASP:276:OD2	D:THR:389:N
0	hbbb	D:ILE:313:N	D:TYR:312:O
0	hbbb	D:THR:389:O	D:THR:392:N
0	hbsb	D:ARG:362:N	D:ASP:421:OD1
0	hbbb	D:GLU:355:N	D:TYR:353:O
0	hbbb	D:LEU:376:N	D:VAL:377:N
0	hbbb	D:GLN:477:N	D:TRP:476:N
0	hbbb	D:HIS:361:N	D:ILE:360:O
0	hbbb	D:ALA:365:O	D:ASN:368:N
0	hbbb	D:LYS:262:N	D:LYS:263:N
0	hbbb	D:ASP:363:N	D:HIS:361:O
0	hbbb	D:THR:406:N	D:TRP:405:O
0	hbbb	D:LEU:327:N	D:TYR:326:N
0	hbbb	D:ASP:381:O	D:LEU:384:N
0	hbbb	D:CYS:464:N	D:GLY:463:O
0	hbbb	D:TYR:320:N	D:VAL:371:O
0	hbbb	D:GLU:409:N	D:PRO:408:N
0	hbss	D:ARG:473:NE	D:TYR:469:OH
0	hbbb	D:GLN:498:N	D:PHE:497:N
0	hbbb	D:MET:472:O	D:TRP:476:N
0	hbbb	D:LYS:357:O	D:PHE:359:N
0	hbbb	D:ALA:344:N	D:MET:343:N
0	hbbb	D:ASP:276:N	D:GLU:275:N
0	hbbb	D:LEU:354:N	D:MET:351:O
0	hbbb	D:LEU:266:O	D:VAL:268:N
0	hbbb	D:LEU:370:O	D:VAL:371:N
0	hbbb	D:ASP:391:O	D:THR:392:N
0	hbbb	D:ASP:241:N	D:GLU:238:O
0	hbbb	D:MET:437:O	D:SER:438:N
0	hbbb	D:GLN:300:N	D:LEU:298:O
0	hbsb	D:MET:437:N	D:THR:434:OG1
0	hbbb	D:LEU:428:N	D:VAL:427:N
0	hbsb	D:SER:417:N	D:SER:420:OG
0	hbbb	D:ALA:474:N	D:CYS:475:N
0	hbbb	D:GLN:498:O	D:SER:501:N
0	hbbb	D:ALA:287:N	D:ALA:288:N
0	hbbb	D:GLU:453:N	D:LEU:452:N
0	hbbb	D:TYR:257:O	D:VAL:270:N
0	hbss	D:ASN:297:ND2	D:GLN:346:OE1
0	hbss	D:ARG:386:NE	D:GLU:286:OE2
0	hbsb	D:ARG:460:NE	D:CYS:464:O
0	hbbb	D:GLU:450:O	D:LEU:452:N
0	hbsb	D:GLU:488:N	D:SER:485:OG
0	hbbb	D:ALA:424:N	D:TRP:423:N
0	hbbb	D:GLN:333:O	D:GLU:334:N
0	hbbb	D:LEU:340:N	D:VAL:339:O
0	hbbb	D:LYS:378:N	D:VAL:377:N
0	hbbb	D:ARG:483:N	D:ASP:482:N
0	hbbb	D:ILE:293:N	D:MET:290:O
0	hbbb	D:MET:496:N	D:PHE:497:N
0	hbbb	D:GLN:498:N	D:MET:496:O
0	hbbb	D:GLY:426:N	D:PHE:425:O
0	hbbb	D:ALA:492:N	D:GLN:491:N
0	hbbb	D:TRP:476:O	D:TRP:478:N
0	hbss	D:THR:277:OG1	D:THR:389:OG1
0	hbbb	D:ALA:269:O	D:VAL:270:N
0	hbbb	D:ASN:297:O	D:VAL:379:N
0	hbbb	D:GLY:383:N	D:LEU:384:N
0	hbbb	D:LEU:429:N	D:PHE:425:O
0	hbbb	D:CYS:464:N	D:PRO:461:O
0	hbbb	D:GLY:426:N	D:TRP:423:O
0	hbbb	D:GLN:333:N	D:GLU:334:N
0	hbbb	D:GLU:282:O	D:LYS:285:N
0	hbbb	D:ILE:432:N	D:LEU:429:O
0	hbbb	D:ILE:432:O	D:TYR:435:N
0	hbbb	D:ALA:433:N	D:ILE:432:N
0	hbbb	D:ALA:287:O	D:MET:290:N
0	hbbb	D:PHE:311:N	D:PRO:310:O
0	hbbb	D:GLU:292:N	D:VAL:289:O
0	hbbb	D:ILE:403:N	D:PRO:402:N
0	hbbb	D:GLU:470:N	D:LEU:471:N
0	hbbb	D:ASP:455:N	D:TYR:456:N
0	hbbb	D:ALA:350:N	D:SER:349:N
0	hbbb	D:GLU:286:N	D:PHE:283:O
0	hbbb	D:CYS:475:O	D:TRP:476:N
0	hbbb	D:GLY:303:N	D:ILE:314:O
0	hbsb	D:SER:348:OG	D:THR:345:O
0	hbbb	D:LEU:428:O	D:LEU:429:N
0	hbbb	D:ARG:386:N	D:LEU:384:O
0	hbbb	D:ASN:358:N	D:PHE:359:N
0	hbbb	D:GLY:254:N	D:TYR:253:N
0	hbbb	D:GLY:249:N	D:LEU:248:O
0	hbbb	D:PRO:465:O	D:TYR:469:N
0	hbbb	D:LEU:354:O	D:PHE:359:N
0	hbbb	D:ALA:487:N	D:GLU:488:N
0	hbsb	D:ALA:395:N	D:THR:394:OG1
0	hbss	D:ASN:368:OD1	D:ASP:381:OD2
0	hbbb	D:LYS:404:N	D:TRP:405:N
0	hbbb	D:ALA:350:N	D:MET:351:N
0	hbbb	D:LYS:291:N	D:MET:290:N
0	hbbb	D:ALA:487:N	D:PHE:486:N
0	hbbb	D:ARG:457:N	D:TYR:456:O
0	hbbb	D:MET:237:N	D:VAL:304:O
0	hbbb	D:LEU:445:N	D:SER:446:N
0	hbbb	D:CYS:305:O	D:TYR:312:N
0	hbbb	D:GLU:409:O	D:TYR:413:N
0	hbbb	D:GLU:466:N	D:LYS:467:N
0	hbsb	D:GLU:292:O	D:TYR:353:OH
0	hbbb	D:ALA:287:O	D:LYS:291:N
0	hbbb	D:GLU:462:O	D:GLY:463:N
0	hbbb	D:GLU:236:N	D:MET:237:N
0	hbbb	D:ILE:347:O	D:SER:349:N
0	hbsb	D:ASN:297:N	D:HIS:295:ND1
0	hbbb	D:ALA:350:O	D:MET:351:N
0	hbbb	D:ASP:381:O	D:PHE:382:N
0	hbbb	D:GLU:450:O	D:LEU:451:N
0	hbsb	D:GLN:491:O	D:THR:495:OG1
0	hbbb	D:HIS:375:O	D:VAL:377:N
0	hbbb	D:MET:278:N	D:THR:277:N
0	hbbb	D:ALA:344:O	D:SER:348:N
0	hbbb	D:ALA:424:N	D:VAL:422:O
0	hbss	D:ASP:381:OD1	D:LYS:271:NZ
0	hbbb	D:HIS:227:O	D:MET:228:N
0	hbbb	D:GLU:431:N	D:LEU:428:O
0	hbbb	D:ARG:473:O	D:CYS:475:N
0	hbsb	D:ARG:239:NH2	D:GLU:308:O
0	hbsb	D:ASP:421:OD2	D:HIS:361:N
0	hbbb	D:ALA:412:N	D:TYR:413:N
0	hbbb	D:ALA:287:N	D:GLU:286:N
0	hbbb	D:ALA:474:N	D:MET:472:O
0	hbbb	D:ILE:403:N	D:LYS:404:N
0	hbbb	D:ASP:391:N	D:GLY:390:N
0	hbbb	D:GLY:426:O	D:VAL:427:N
0	hbbb	D:GLN:447:O	D:VAL:448:N
0	hbbb	D:GLU:352:N	D:TYR:353:N
0	hbbb	D:GLY:463:N	D:PRO:461:O
0	hbbb	D:ASN:336:N	D:VAL:335:N
0	hbbb	D:ARG:367:O	D:ASN:368:N
0	hbbb	D:ARG:332:N	D:ASN:331:N
0	hbbb	D:MET:351:N	D:SER:348:O
0	hbsb	D:LYS:294:N	D:TYR:353:OH
0	hbbb	D:LEU:340:O	D:LEU:341:N
0	hbbb	D:PHE:486:N	D:SER:485:O
0	hbbb	D:GLY:436:N	D:TYR:435:O
0	hbbb	D:ARG:362:O	D:ASP:363:N
0	hbbb	D:LEU:445:O	D:SER:446:N
0	hbbb	D:THR:319:N	D:TYR:320:N
0	hbbb	D:GLN:346:N	D:THR:345:N
0	hbbb	D:ARG:307:O	D:GLU:308:N
0	hbsb	D:GLU:279:N	D:GLU:282:OE2
0	hbbb	D:ILE:242:O	D:MET:244:N
0	hbsb	D:ASP:276:OD1	D:THR:389:N
0	hbbb	D:HIS:295:O	D:LEU:298:N
0	hbbb	D:GLY:436:N	D:TYR:435:N
0	hbbb	D:LYS:271:N	D:VAL:270:O
0	hbbb	D:LEU:471:N	D:LYS:467:O
0	hbbb	D:ILE:242:N	D:THR:240:O
0	hbbb	D:ASN:368:N	D:CYS:369:N
0	hbss	D:GLU:236:OE1	D:HIS:227:NE2
0	hbbb	D:ASP:421:O	D:PHE:425:N
0	hbbb	D:ASN:331:O	D:GLN:333:N
0	hbbb	D:ASN:322:O	D:LEU:323:N
0	hbbb	D:SER:420:O	D:VAL:422:N
0	hbbb	D:PHE:317:N	D:THR:315:O
0	hbbb	D:SER:417:O	D:SER:420:N
0	hbbb	D:GLU:494:N	D:PHE:493:N
0	hbbb	D:GLU:281:N	D:VAL:280:O
0	hbsb	D:ARG:483:O	D:LYS:419:NZ
0	hbbb	D:PHE:497:O	D:SER:501:N
0	hbbb	D:GLU:255:O	D:THR:272:N
0	hbbb	D:TYR:469:N	D:VAL:468:N
0	hbbb	D:GLU:450:O	D:LYS:454:N
0	hbss	D:ARG:483:NH2	D:GLU:409:OE1
0	hbbb	D:GLY:250:O	D:GLY:251:N
0	hbbb	D:HIS:246:N	D:LYS:245:O
0	hbbb	D:GLU:431:N	D:ILE:432:N
0	hbbb	D:TRP:261:N	D:VAL:260:N
0	hbbb	D:CYS:330:N	D:GLU:329:N
0	hbbb	D:ARG:307:N	D:THR:306:O
0	hbbb	D:GLN:491:N	D:HIS:490:O
0	hbbb	D:ALA:287:N	D:PHE:283:O
0	hbbb	D:ASP:444:O	D:SER:446:N
0	hbbb	D:HIS:490:N	D:ILE:489:N
0	hbbb	D:ALA:350:N	D:GLN:346:O
0	hbbb	D:LEU:384:N	D:SER:385:N
0	hbsb	D:SER:417:O	D:SER:420:OG
0	hbbb	D:GLU:453:N	D:LYS:454:N
0	hbbb	D:GLU:258:N	D:TYR:257:O
0	hbbb	D:ALA:424:O	D:PHE:425:N
0	hbbb	D:ALA:380:N	D:VAL:379:N
0	hbbb	D:LEU:428:N	D:PHE:425:O
0	hbbb	D:PHE:493:O	D:THR:495:N
0	hbbb	D:GLU:470:N	D:TYR:469:N
0	hbbb	D:ASN:336:O	D:VAL:339:N
0	hbsb	D:ARG:457:NE	D:TRP:476:O
0	hbbb	D:ALA:424:N	D:TRP:423:O
0	hbbb	D:LEU:341:O	D:THR:345:N
0	hbbb	D:LYS:234:N	D:TRP:235:N
0	hbbb	D:GLU:499:N	D:THR:495:O
0	hbbb	D:GLY:442:N	D:TYR:440:O
0	hbbb	D:GLU:286:N	D:LYS:285:N
0	hbsb	D:GLN:346:NE2	D:HIS:375:O
0	hbsb	D:ARG:239:NE	D:GLU:308:O
0	hbbb	D:ALA:395:O	D:HIS:396:N
0	hbbb	D:ASP:233:O	D:LYS:234:N
0	hbbb	D:ALA:433:N	D:LEU:429:O
0	hbbb	D:GLU:470:O	D:LEU:471:N
0	hbsb	D:LYS:294:O	D:TYR:353:OH
0	hbbb	D:SER:500:O	D:SER:501:N
0	hbbb	D:ALA:487:N	D:PHE:486:O
0	hbbb	D:ALA:269:N	D:VAL:270:N
0	hbbb	D:LYS:404:O	D:TRP:405:N
0	hbbb	D:LEU:471:N	D:VAL:468:O
0	hbsb	D:ALA:487:N	D:GLU:355:OE1
0	hbbb	D:TRP:423:N	D:VAL:422:N
0	hbss	D:LYS:263:NZ	D:TYR:264:OH
0	hbbb	D:LYS:356:O	D:LYS:357:N
0	hbsb	D:ARG:457:NH1	D:TYR:456:O
0	hbsb	D:GLN:447:N	D:SER:446:OG
0	hbbb	D:GLU:355:O	D:LYS:357:N
0	hbbb	D:ARG:328:N	D:LEU:327:N
0	hbbb	D:GLU:282:O	D:GLU:286:N
0	hbbb	D:GLU:431:N	D:TRP:430:O
0	hbbb	D:PHE:311:O	D:TYR:312:N
0	hbsb	D:ALA:487:N	D:SER:485:OG
0	hbbb	D:LEU:340:N	D:LEU:341:N
0	hbbb	D:TYR:257:N	D:VAL:270:O
0	hbbb	D:ARG:328:N	D:GLU:329:N
0	hbbb	D:GLY:436:N	D:MET:437:N
0	hbbb	D:GLU:450:N	D:LEU:451:N
0	hbbb	D:ALA:344:N	D:THR:345:N
0	hbsb	D:ASP:241:OD2	D:GLU:238:N
0	hbbb	D:LEU:323:N	D:LEU:324:N
0	hbbb	D:GLU:255:O	D:VAL:256:N
0	hbbb	D:ARG:386:O	D:LEU:387:N
0	hbbb	D:LEU:323:O	D:LEU:327:N
0	hbbb	D:ARG:239:O	D:ILE:242:N
0	hbbb	D:ARG:239:N	D:THR:240:N
0	hbbb	D:LEU:266:N	D:SER:265:N
0	hbbb	D:GLU:470:N	D:LYS:467:O
0	hbbb	D:GLU:431:O	D:THR:434:N
0	hbbb	D:THR:394:N	D:TYR:393:O
0	hbsb	D:TYR:435:OH	D:VAL:335:O
0	hbbb	D:GLY:426:O	D:TRP:430:N
0	hbbb	D:ALA:424:N	D:ASP:421:O
0	hbbb	D:GLN:498:O	D:SER:500:N
0	hbbb	D:ASP:482:N	D:PRO:480:O
0	hbbb	D:HIS:375:N	D:LEU:376:N
0	hbbb	D:GLU:499:O	D:ILE:502:N
0	hbbb	D:GLN:447:N	D:LEU:445:O
0	hbbb	D:GLU:450:N	D:TYR:449:O
0	hbss	D:ASP:381:OD2	D:LYS:271:NZ
0	hbbb	D:GLU:334:N	D:VAL:335:N
0	hbbb	D:LEU:301:O	D:LEU:302:N
0	hbbb	D:LEU:341:N	D:TYR:342:N
0	hbbb	D:GLY:426:N	D:PHE:425:N
0	hbbb	D:GLN:346:N	D:THR:345:O
0	hbbb	D:LEU:266:N	D:TYR:264:O
0	hbbb	D:GLU:292:N	D:ILE:293:N
0	hbbb	D:LYS:262:N	D:TRP:261:N
0	hbbb	D:SER:420:O	D:TRP:423:N
0	hbbb	D:GLU:352:O	D:TYR:353:N
0	hbbb	D:LEU:445:O	D:VAL:448:N
0	hbbb	D:ASP:325:N	D:LEU:323:O
0	hbbb	D:GLU:236:O	D:MET:237:N
0	hbbb	D:LYS:262:N	D:VAL:260:O
0	hbss	D:ASN:368:OD1	D:MG:1801:MG
0	hbbb	D:SER:348:N	D:SER:349:N
0	hbbb	D:ASP:381:N	D:PHE:382:N
0	hbbb	D:ASP:325:N	D:TYR:326:N
0	hbbb	D:LEU:340:N	D:VAL:339:N
0	hbss	D:HIS:396:ND1	D:THR:394:OG1
0	hbbb	D:GLU:470:O	D:MET:472:N
0	hbbb	D:LYS:378:O	D:VAL:379:N
0	hbbb	D:LYS:262:O	D:LYS:263:N
0	hbbb	D:ASP:325:O	D:TYR:326:N
0	hbsb	D:HIS:396:N	D:THR:394:OG1
0	hbbb	D:ARG:367:N	D:ASN:368:N
0	hbbb	D:GLU:281:N	D:GLU:282:N
0	hbbb	D:CYS:305:N	D:TYR:312:O
0	hbbb	D:GLU:499:N	D:SER:500:N
0	hbbb	D:GLU:352:N	D:MET:351:O
0	hbbb	D:THR:267:N	D:VAL:268:N
0	hbbb	D:LEU:284:N	D:LYS:285:N
0	hbbb	D:LEU:428:N	D:LEU:429:N
0	hbbb	D:ALA:395:N	D:HIS:396:N
0	hbsb	D:GLN:346:NE2	D:TYR:342:O
0	hbbb	D:GLN:447:N	D:VAL:448:N
0	hbbb	D:LEU:327:N	D:TYR:326:O
0	hbbb	D:ASN:414:N	D:TYR:413:O
0	hbbb	D:LYS:467:N	D:PRO:465:O
0	hbbb	D:GLU:352:N	D:MET:351:N
0	hbbb	D:ALA:288:O	D:VAL:289:N
0	hbss	D:ASN:479:ND2	D:SER:481:OG
0	hbbb	D:ASN:297:N	D:PRO:296:O
0	hbbb	D:LYS:378:N	D:VAL:377:O
0	hbbb	D:ALA:412:N	D:LEU:411:O
0	hbbb	D:LEU:341:N	D:VAL:338:O
0	hbbb	D:LYS:291:N	D:MET:290:O
0	hbbb	D:GLY:303:O	D:VAL:304:N
0	hbbb	D:PRO:480:N	D:SER:481:N
0	hbsb	D:ARG:328:NH2	D:GLY:436:O
0	hbbb	D:GLU:459:N	D:MET:458:O
0	hbbb	D:MET:244:N	D:THR:243:N
0	hbbb	D:TYR:449:N	D:VAL:448:N
0	hbbb	D:ASN:414:O	D:LYS:415:N
0	hbbb	D:ALA:492:N	D:ILE:489:O
0	hbbb	D:ALA:424:O	D:VAL:427:N
0	hbbb	D:THR:243:O	D:VAL:260:N
0	hbbb	D:ASN:374:O	D:HIS:375:N
0	hbbb	D:SER:265:N	D:TYR:264:N
0	hbbb	D:GLY:372:N	D:VAL:371:O
0	hbbb	D:ALA:344:N	D:MET:343:O
0	hbsb	D:ASN:331:OD1	D:GLU:334:N
0	hbbb	D:ASP:276:N	D:GLU:275:O
0	hbbb	D:GLU:466:O	D:LYS:467:N
0	hbbb	D:ASN:336:N	D:GLU:334:O
0	hbbb	D:HIS:295:N	D:LYS:294:O
0	hbbb	D:CYS:369:N	D:LEU:370:N
0	hbbb	D:GLU:450:O	D:GLU:453:N
0	hbbb	D:MET:244:N	D:THR:243:O
0	hbbb	D:THR:434:O	D:TYR:435:N
0	hbbb	D:PRO:439:O	D:TYR:440:N
0	hbbb	D:GLY:426:O	D:LEU:428:N
0	hbsb	D:MET:278:N	D:THR:389:OG1
0	hbbb	D:GLU:282:N	D:PHE:283:N
0	hbsb	D:LEU:341:O	D:THR:345:OG1
0	hbbb	D:THR:267:O	D:VAL:268:N
0	hbbb	D:LYS:454:O	D:TYR:456:N
0	hbbb	D:ALA:344:N	D:TYR:342:O
0	hbbb	D:LYS:400:O	D:PHE:401:N
0	hbbb	D:ALA:288:N	D:GLU:286:O
0	hbbb	D:ALA:424:N	D:PHE:425:N
0	hbsb	D:ILE:418:N	D:SER:417:OG
0	hbss	D:GLU:255:OE1	D:LYS:247:NZ
0	hbbb	D:GLN:447:N	D:SER:446:N
0	hbbb	D:LEU:451:N	D:LEU:452:N
0	hbbb	D:LEU:429:N	D:TRP:430:N
0	hbbb	D:LYS:245:N	D:MET:244:N
0	hbbb	D:SER:500:N	D:SER:501:N
0	hbbb	D:GLN:346:N	D:TYR:342:O
0	hbbb	D:LEU:451:N	D:VAL:448:O
0	hbbb	D:LEU:411:N	D:SER:410:O
0	hbsb	D:ASP:444:OD1	D:LEU:445:N
0	hbsb	D:ILE:443:O	D:LYS:404:NZ
0	hbbb	D:GLN:252:N	D:TYR:253:N
0	hbbb	D:LYS:419:O	D:VAL:422:N
0	hbbb	D:LEU:324:O	D:LEU:327:N
0	hbbb	D:ASP:241:N	D:ILE:242:N
0	hbbb	D:GLU:308:N	D:PRO:309:N
0	hbsb	D:ARG:386:N	D:SER:385:OG
0	hbbb	D:GLU:292:N	D:LYS:291:O
0	hbbb	D:LYS:262:N	D:TRP:261:O
0	hbsb	D:SER:417:OG	D:SER:420:N
0	hbsb	D:TRP:423:O	D:TRP:476:NE1
0	hbbb	D:MET:496:O	D:PHE:497:N
0	hbbb	D:ALA:433:N	D:THR:434:N
0	hbbb	D:GLU:236:N	D:TRP:235:O
0	hbbb	D:ASN:414:N	D:TYR:413:N
0	hbss	D:HIS:295:NE2	D:SER:349:OG
0	hbbb	D:ASP:482:N	D:SER:481:N
0	hbbb	D:PHE:425:N	D:TRP:423:O
0	hbbb	D:ASP:421:O	D:VAL:422:N
0	hbbb	D:GLY:436:N	D:THR:434:O
0	hbbb	D:MET:343:N	D:TYR:342:O
0	hbbb	D:ASP:233:N	D:LYS:234:N
0	hbbb	D:LEU:387:N	D:SER:385:O
0	hbbb	D:THR:392:N	D:TYR:393:N
0	hbbb	D:ILE:314:O	D:THR:315:N
0	hbbb	D:GLY:321:O	D:VAL:371:N
0	hbbb	D:PHE:497:O	D:SER:500:N
0	hbbb	D:LYS:263:N	D:TYR:264:N
0	hbbb	D:ASN:374:N	D:HIS:375:N
0	hbbb	D:ASP:421:N	D:SER:420:N
0	hbbb	D:GLY:259:O	D:VAL:268:N
0	hbsb	D:ALA:380:O	D:HIS:361:NE2
0	hbbb	D:ASN:297:N	D:LEU:298:N
0	hbbb	D:MET:343:N	D:TYR:342:N
0	hbsb	D:ARG:307:N	D:THR:306:OG1
0	hbbb	D:LEU:323:O	D:LEU:324:N
0	hbbb	D:CYS:464:N	D:GLY:463:N
0	hbbb	D:GLU:334:O	D:VAL:335:N
0	hbbb	D:LEU:411:N	D:SER:410:N
0	hbbb	D:GLU:466:O	D:VAL:468:N
0	hbbb	D:LEU:266:N	D:SER:265:O
0	hbbb	D:GLN:477:O	D:TRP:478:N
0	hbbb	D:LYS:419:N	D:SER:417:O
0	hbbb	D:ALA:433:N	D:ILE:432:O
0	hbbb	D:CYS:475:N	D:MET:472:O
0	hbbb	D:PHE:416:O	D:SER:417:N
0	hbbb	D:GLU:279:O	D:GLU:281:N
0	hbbb	D:GLU:286:O	D:VAL:289:N
0	hbbb	D:LEU:266:O	D:THR:267:N
0	hbbb	D:HIS:375:O	D:LEU:376:N
0	hbbb	D:ASP:363:N	D:LEU:364:N
0	hbbb	D:ALA:407:O	D:LEU:411:N
0	hbbb	D:ALA:380:O	D:ASP:381:N
0	hbsb	D:HIS:361:ND1	D:LEU:364:N
0	hbbb	D:GLN:346:N	D:ILE:347:N
0	hbbb	D:TRP:423:N	D:VAL:422:O
0	hbbb	D:PRO:465:O	D:VAL:468:N
0	hbbb	D:ARG:239:O	D:THR:240:N
0	hbbb	D:GLU:258:O	D:GLY:259:N
0	hbbb	D:ILE:432:O	D:THR:434:N
0	hbsb	D:ARG:239:NH2	D:PRO:310:O
0	hbsb	D:GLU:488:OE1	D:SER:485:N
0	hbbb	D:LYS:262:O	D:SER:265:N
0	hbbb	D:PHE:425:O	D:VAL:427:N
0	hbbb	D:LEU:298:N	D:VAL:299:N
0	hbsb	D:LYS:419:NZ	D:PRO:484:O
0	hbbb	D:LEU:284:N	D:PHE:283:O
0	hbbb	D:ARG:386:N	D:SER:385:N
0	hbbb	D:LEU:284:O	D:LYS:285:N
0	hbbb	D:ILE:502:N	D:SER:500:O
0	hbbb	D:ASN:479:N	D:TRP:478:N
0	hbbb	D:CYS:475:N	D:LEU:471:O
0	hbss	D:ASN:479:ND2	D:ASP:482:OD2
0	hbsb	D:ASP:276:OD1	D:MET:278:N
0	hbsb	D:ARG:457:NH1	D:LEU:452:O
0	hbbb	D:HIS:490:N	D:PHE:486:O
0	hbbb	D:ASP:455:N	D:LYS:454:N
0	hbbb	D:MET:351:N	D:SER:349:O
0	hbbb	D:ARG:473:O	D:TRP:476:N
0	hbbb	D:GLU:494:O	D:MET:496:N
0	hbbb	D:ILE:360:N	D:PHE:359:O
0	hbbb	D:ASP:233:N	D:TYR:232:N
0	hbbb	D:ALA:474:O	D:GLN:477:N
0	hbsb	D:ALA:397:O	D:HIS:396:NE2
0	hbbb	D:ALA:366:O	D:ARG:367:N
0	hbbb	D:ARG:239:N	D:GLU:238:O
0	hbbb	D:ASN:322:O	D:LEU:324:N
0	hbbb	D:GLU:281:O	D:GLU:282:N
0	hbbb	D:GLU:488:O	D:ILE:489:N
0	hbbb	D:ALA:380:N	D:ASN:368:O
0	hbbb	D:PHE:425:N	D:VAL:422:O
0	hbbb	D:GLU:431:N	D:VAL:427:O
0	hbbb	D:ASN:358:N	D:LYS:357:O
0	hbbb	D:ALA:492:N	D:PHE:493:N
0	hbbb	D:ALA:397:N	D:HIS:396:O
0	hbbb	D:ASN:336:N	D:VAL:335:O
0	hbbb	D:ASP:455:N	D:LEU:451:O
0	hbbb	D:ALA:288:N	D:VAL:289:N
0	hbsb	D:GLY:390:N	D:THR:277:OG1
0	hbbb	D:ARG:332:N	D:GLN:333:N
0	hbbb	D:TYR:342:N	D:VAL:339:O
0	hbsb	D:ASP:363:N	D:HIS:361:ND1
0	hbss	D:GLU:316:OE2	D:LYS:378:NZ
0	hbbb	D:GLU:373:N	D:GLY:372:O
0	hbbb	D:GLU:453:N	D:TYR:449:O
0	hbbb	D:LYS:419:N	D:SER:420:N
0	hbbb	D:LEU:376:O	D:VAL:377:N
0	hbss	D:GLU:373:OE1	D:TYR:320:OH
0	hbbb	D:GLN:498:N	D:PHE:497:O
0	hbbb	D:LEU:266:N	D:TRP:261:O
0	hbbb	D:LYS:357:N	D:TYR:353:O
0	hbbb	D:GLU:431:O	D:ILE:432:N
0	hbbb	D:LEU:298:O	D:VAL:299:N
0	hbbb	D:GLU:488:N	D:ILE:489:N
0	hbbb	D:GLY:259:O	D:VAL:260:N
0	hbbb	D:LEU:340:O	D:MET:343:N
0	hbbb	D:ALA:287:N	D:LEU:284:O
0	hbbb	D:ALA:365:N	D:ASP:363:O
0	hbbb	D:LEU:429:O	D:TRP:430:N
0	hbbb	D:ASN:231:N	D:SER:229:O
0	hbbb	D:ARG:457:O	D:GLU:459:N
0	hbbb	D:CYS:369:O	D:LEU:370:N
0	hbbb	D:THR:434:N	D:TYR:435:N
0	hbbb	D:ILE:314:O	D:LEU:302:N
0	hbbb	D:GLU:329:N	D:TYR:326:O
0	hbbb	D:GLU:355:N	D:LEU:354:O
0	hbbb	D:GLU:462:N	D:PRO:461:O
0	hbbb	D:ARG:328:N	D:ASP:325:O
0	hbbb	D:PHE:493:O	D:PHE:497:N
0	hbbb	D:GLU:494:O	D:THR:495:N
0	hbbb	D:GLN:447:N	D:SER:446:O
0	hbbb	D:LEU:451:O	D:LEU:452:N
0	hbbb	D:GLU:279:O	D:GLU:282:N
0	hbbb	D:GLY:251:O	D:GLY:254:N
0	hbbb	D:LYS:245:N	D:MET:244:O
0	hbbb	D:LEU:354:N	D:TYR:353:N
0	hbbb	D:ARG:483:N	D:ASP:482:O
0	hbss	D:ASP:444:OD1	D:SER:446:OG
0	hbbb	D:LEU:341:O	D:MET:343:N
0	hbbb	D:ALA:492:O	D:PHE:493:N
0	hbbb	D:PRO:408:O	D:SER:410:N
0	hbbb	D:LEU:273:N	D:PHE:311:O
0	hbbb	D:ASP:276:N	D:LYS:274:O
0	hbbb	D:ARG:473:N	D:GLU:470:O
0	hbsb	D:ASP:233:OD1	D:LYS:234:N
0	hbbb	D:LEU:354:O	D:LYS:356:N
0	hbbb	D:ARG:239:O	D:ASP:241:N
0	hbbb	D:ILE:347:N	D:SER:348:N
0	hbbb	D:GLU:292:N	D:LYS:291:N
0	hbbb	D:LYS:274:N	D:TYR:253:O
0	hbbb	D:ASP:482:N	D:SER:481:O
0	hbbb	D:GLU:255:N	D:GLY:254:O
0	hbbb	D:ASP:421:N	D:LYS:419:O
0	hbbb	D:ARG:473:N	D:TYR:469:O
0	hbbb	D:ILE:313:O	D:LYS:271:N
0	hbbb	D:LEU:452:O	D:LYS:454:N
0	hbbb	D:GLY:390:N	D:THR:389:O
0	hbsb	D:ARG:457:NH2	D:TRP:476:O
0	hbbb	D:GLU:292:O	D:LYS:294:N
0	hbsb	D:LYS:404:NZ	D:PRO:439:O
0	hbbb	D:GLU:281:O	D:LEU:284:N
0	hbbb	D:LYS:467:O	D:VAL:468:N
0	hbbb	D:GLU:499:O	D:SER:500:N
0	hbbb	D:ARG:483:N	D:PRO:480:O
0	hbbb	D:GLY:303:N	D:LEU:302:N
0	hbbb	D:LYS:415:N	D:TYR:413:O
0	hbbb	D:CYS:305:O	D:THR:306:N
0	hbbb	D:ARG:386:N	D:LEU:387:N
0	hbbb	D:ALA:366:N	D:ARG:367:N
0	hbbb	D:ASP:421:O	D:TRP:423:N
0	hbbb	D:GLU:355:N	D:LYS:356:N
0	hbbb	D:ASN:231:O	D:TYR:232:N
0	hbbb	D:PRO:484:O	D:SER:485:N
0	hbbb	D:MET:318:N	D:THR:319:N
0	hbbb	D:GLU:488:O	D:HIS:490:N
0	hbbb	D:ILE:293:N	D:LYS:291:O
0	hbbb	D:GLN:491:O	D:THR:495:N
0	hbbb	D:LEU:273:N	D:THR:272:N
0	hbss	D:ASP:381:OD2	D:MG:1801:MG
0	hbbb	D:LYS:262:O	D:TYR:264:N
0	hbbb	D:ASP:444:N	D:ILE:443:O
0	hbbb	D:LYS:285:N	D:PHE:283:O
0	hbbb	D:ILE:432:N	D:TRP:430:O
0	hbbb	D:ASP:391:N	D:THR:389:O
0	hbbb	D:GLY:426:N	D:VAL:427:N
0	hbbb	D:GLY:251:N	D:GLY:254:O
0	hbbb	D:LEU:323:O	D:TYR:326:N
0	hbbb	D:ILE:489:N	D:PHE:486:O
0	hbbb	D:GLN:491:N	D:HIS:490:N
0	hbbb	D:GLU:281:O	D:LYS:285:N
0	hbbb	D:GLY:383:N	D:PHE:382:N
0	hbbb	D:VAL:338:N	D:VAL:339:N
0	hbbb	D:ASN:414:N	D:SER:410:O
0	hbbb	D:MET:472:N	D:TYR:469:O
0	hbsb	D:MET:458:O	D:TYR:469:OH
0	hbbb	D:ALA:424:O	D:GLY:426:N
0	hbsb	D:THR:434:OG1	D:TRP:430:O
0	hbbb	D:ARG:473:N	D:MET:472:N
0	hbbb	D:GLN:498:N	D:GLU:494:O
0	hbsb	D:LYS:262:NZ	D:THR:240:O
0	hbbb	D:GLN:252:N	D:GLY:251:O
0	hbbb	D:MET:496:N	D:PHE:493:O
0	hbbb	D:GLU:431:O	D:GLY:436:N
0	hbbb	D:GLY:383:N	D:PHE:382:O
0	hbbb	D:GLN:346:O	D:ILE:347:N
0	hbbb	D:LEU:451:O	D:TYR:456:N
0	hbbb	D:GLN:491:N	D:GLU:488:O
0	hbbb	D:ASP:325:N	D:LEU:324:O
0	hbbb	D:GLY:442:N	D:ILE:443:N
0	hbbb	D:GLN:300:O	D:LEU:302:N
0	hbbb	D:ARG:328:N	D:LEU:324:O
0	hbbb	D:ASN:479:O	D:SER:481:N
0	hbbb	D:ALA:474:N	D:LEU:471:O
0	hbbb	D:LYS:271:N	D:VAL:270:N
0	hbbb	D:ASN:479:N	D:PRO:480:N
0	hbbb	D:ALA:344:N	D:LEU:341:O
0	hbbb	D:GLY:254:N	D:TYR:253:O
0	hbbb	D:ARG:362:N	D:HIS:361:N
0	hbbb	D:GLN:498:N	D:GLU:499:N
0	hbbb	D:GLU:450:N	D:TYR:449:N
0	hbbb	D:ARG:386:N	D:SER:385:O
0	hbss	D:ARG:307:NH1	D:GLU:238:OE2
0	hbbb	D:LEU:354:N	D:TYR:353:O
0	hbss	D:ARG:307:NE	D:GLU:238:OE2
0	hbbb	D:MET:388:O	D:THR:389:N
0	hbss	D:GLN:491:OE1	D:THR:495:OG1
0	hbbb	D:MET:318:O	D:TYR:320:N
0	hbbb	D:ALA:288:O	D:LYS:291:N
0	hbbb	D:GLU:450:N	D:VAL:448:O
0	hbbb	D:GLU:494:N	D:HIS:490:O
0	hbbb	D:ALA:365:O	D:ARG:367:N
0	hbbb	D:GLU:238:O	D:THR:240:N
0	hbbb	D:ILE:502:N	D:SER:501:N
0	hbbb	D:GLY:249:O	D:VAL:256:N
0	hbbb	D:ASP:363:O	D:LEU:364:N
0	hbbb	D:GLU:488:N	D:SER:485:O
0	hbbb	D:GLU:286:O	D:MET:290:N
0	hbbb	D:LEU:370:N	D:LYS:378:O
0	hbbb	D:ILE:403:O	D:THR:406:N
0	hbbb	D:GLN:346:O	D:SER:349:N
0	hbbb	D:GLU:470:N	D:TYR:469:O
0	hbsb	D:ARG:332:N	D:ASN:331:OD1
0	hbbb	D:GLU:275:N	D:LYS:274:O
0	hbbb	D:ASP:455:O	D:TYR:456:N
0	hbbb	D:GLU:488:N	D:PHE:486:O
0	hbbb	D:ALA:344:N	D:LEU:340:O
0	hbsb	D:ASN:336:OD1	D:VAL:338:N
0	hbbb	D:ALA:366:O	D:ASN:368:N
0	hbbb	D:GLU:352:O	D:LYS:356:N
0	hbbb	D:ARG:362:N	D:ASP:363:N
0	hbbb	D:ALA:474:N	D:ARG:473:O
0	hbsb	D:LYS:415:O	D:SER:410:OG
0	hbbb	D:HIS:361:N	D:ILE:360:N
0	hbbb	D:SER:349:N	D:THR:345:O
0	hbbb	D:ARG:328:N	D:TYR:326:O
0	hbbb	D:THR:406:N	D:TRP:405:N
0	hbsb	D:THR:319:OG1	D:TYR:320:N
0	hbbb	D:TRP:261:N	D:VAL:260:O
0	hbbb	D:ALA:350:O	D:TYR:353:N
0	hbbb	D:HIS:295:N	D:LYS:294:N
0	hbbb	D:GLU:281:O	D:PHE:283:N
0	hbbb	D:ASP:421:N	D:VAL:422:N
0	hbbb	D:GLU:282:O	D:PHE:283:N
0	hbbb	D:MET:343:N	D:VAL:339:O
0	hbbb	D:GLU:494:N	D:PHE:493:O
0	hbsb	D:LEU:301:O	D:LYS:291:NZ
0	hbbb	D:GLU:499:O	D:SER:501:N
0	hbbb	D:MET:228:O	D:SER:229:N
0	hbbb	D:ASP:391:N	D:THR:392:N
0	hbbb	D:ALA:487:O	D:GLU:488:N
0	hbbb	D:ASN:374:N	D:GLU:373:O
0	hbbb	D:GLY:383:O	D:SER:385:N
0	hbbb	D:ALA:412:N	D:PRO:408:O
0	hbbb	D:ILE:418:N	D:SER:417:O
0	hbbb	D:ASN:358:N	D:GLU:355:O
0	hbbb	D:ILE:293:N	D:LYS:294:N
0	hbsb	D:ASP:444:OD1	D:SER:446:N
0	hbbb	D:GLU:352:O	D:GLU:355:N
0	hbbb	D:GLN:300:O	D:GLU:316:N
0	hbbb	D:GLU:258:N	D:HIS:246:O
0	hbbb	D:GLY:390:N	D:THR:389:N
0	hbbb	D:ALA:433:O	D:THR:434:N
0	hbbb	D:CYS:330:N	D:GLU:329:O
0	hbbb	D:ALA:269:O	D:THR:315:N
0	hbbb	D:ASP:391:O	D:TYR:393:N
0	hbbb	D:GLN:346:N	D:MET:343:O
0	hbbb	D:GLU:236:N	D:TYR:232:O
0	hbbb	D:ALA:407:O	D:GLU:409:N
0	hbbb	D:LEU:248:N	D:VAL:256:O
0	hbbb	D:LEU:273:N	D:LYS:271:O
0	hbbb	D:ALA:380:N	D:VAL:379:O
0	hbsb	D:ARG:328:NE	D:GLY:436:O
0	hbss	D:GLU:431:OE2	D:TRP:405:NE1
0	hbbb	D:GLY:383:O	D:LEU:384:N
0	hbbb	D:LEU:428:O	D:TRP:430:N
0	hbbb	D:LYS:234:O	D:TRP:235:N
0	hbbb	D:ALA:350:N	D:ILE:347:O
0	hbbb	D:LEU:451:N	D:TYR:449:O
0	hbbb	D:GLU:453:N	D:LEU:452:O
0	hbbb	D:ARG:307:N	D:THR:306:N
0	hbbb	D:LEU:387:O	D:MET:388:N
0	hbsb	D:GLN:346:OE1	D:VAL:377:N
0	hbbb	D:ALA:337:O	D:VAL:339:N
0	hbss	D:HIS:375:ND1	D:TYR:326:OH
0	hbbb	D:CYS:305:N	D:VAL:304:O
0	hbbb	D:GLU:279:N	D:MET:278:O
0	hbbb	D:ARG:328:N	D:LEU:327:O
0	hbbb	D:TYR:469:N	D:VAL:468:O
0	hbsb	D:ASP:421:N	D:SER:420:OG
0	hbsb	D:GLU:355:OE1	D:PHE:486:N
0	hbbb	D:ILE:403:N	D:PRO:402:O
0	hbsb	D:THR:389:O	D:THR:392:OG1
0	hbbb	D:MET:496:O	D:SER:500:N
0	hbbb	D:GLY:436:O	D:MET:437:N
0	hbbb	D:VAL:338:O	D:VAL:339:N
0	hbbb	D:GLN:346:O	D:SER:348:N
0	hbbb	D:ALA:474:O	D:CYS:475:N
0	hbbb	D:ASN:358:O	D:PHE:359:N
0	hbsb	D:LYS:419:N	D:SER:417:OG
0	hbbb	D:ASP:444:O	D:GLN:447:N
0	hbbb	D:ALA:492:O	D:MET:496:N
0	hbbb	D:TRP:261:O	D:TYR:264:N
0	hbbb	D:ALA:365:O	D:ALA:366:N
0	hbbb	D:MET:472:N	D:VAL:468:O
0	hbbb	D:SER:348:O	D:SER:349:N
0	hbbb	D:ALA:288:O	D:GLU:292:N
0	hbbb	D:ASN:322:N	D:GLY:321:O
0	hbbb	D:LEU:471:N	D:TYR:469:O
0	hbbb	D:LEU:301:N	D:LEU:302:N
0	hbbb	D:GLY:372:N	D:LEU:376:O
0	hbbb	D:PRO:402:O	D:TRP:405:N
0	hbbb	D:SER:348:N	D:THR:345:O
0	hbbb	D:GLN:300:N	D:VAL:299:O
0	hbbb	D:ILE:313:N	D:LYS:271:O
0	hbbb	D:LEU:273:N	D:THR:272:O
0	hbbb	D:GLU:292:O	D:ILE:293:N
0	hbbb	D:LYS:419:O	D:SER:420:N
0	hbbb	D:GLU:431:N	D:TRP:430:N
0	hbbb	D:LYS:263:O	D:TYR:264:N
0	hbbb	D:GLU:409:O	D:SER:410:N
0	hbbb	D:ASP:455:N	D:GLU:453:O
0	hbbb	D:GLU:466:O	D:TYR:469:N
0	hbsb	D:GLN:300:N	D:GLU:316:OE1
0	hbbb	D:ILE:443:N	D:TYR:440:O
0	hbbb	D:ILE:403:O	D:TRP:405:N
0	hbsb	D:ASP:276:OD1	D:THR:277:N
0	hbsb	D:ARG:483:NH2	D:TRP:478:O
0	hbbb	D:LEU:452:N	D:TYR:449:O
0	hbbb	D:PRO:441:N	D:TYR:440:N
0	hbsb	D:HIS:227:ND1	D:MET:228:N
0	hbbb	D:ALA:269:N	D:THR:315:O
0	hbbb	D:GLU:316:N	D:THR:315:O
0	hbbb	D:MET:278:N	D:THR:277:O
0	hbsb	D:LYS:404:NZ	D:TYR:440:O
0	hbbb	D:GLU:470:N	D:VAL:468:O
0	hbbb	D:ASN:358:N	D:LYS:357:N
0	hbbb	D:THR:243:N	D:VAL:260:O
0	hbbb	D:LEU:471:O	D:MET:472:N
0	hbbb	D:ASN:231:N	D:PRO:230:O
0	hbsb	D:ASP:276:OD2	D:GLY:390:N
0	hbbb	D:ARG:386:N	D:GLY:383:O
0	hbbb	D:LYS:234:N	D:TYR:232:O
0	hbbb	D:GLU:373:O	D:LEU:376:N
0	hbss	D:GLU:316:OE1	D:LYS:378:NZ
0	hbbb	D:GLU:316:O	D:PHE:317:N
0	hbbb	D:ALA:474:N	D:ARG:473:N
0	hbbb	D:ASP:241:N	D:THR:240:O
0	hbbb	D:ASN:297:O	D:LEU:298:N
0	hbbb	D:ASP:381:O	D:GLY:383:N
0	hbbb	D:VAL:299:N	D:VAL:379:O
0	hbbb	D:LYS:263:N	D:TRP:261:O
0	hbbb	D:GLU:282:N	D:VAL:280:O
0	hbbb	D:GLU:281:N	D:VAL:280:N
0	hbbb	D:ASP:325:O	D:GLU:329:N
0	hbbb	D:ARG:460:N	D:PRO:461:N
0	hbbb	D:ALA:337:O	D:LEU:340:N
0	hbbb	D:LEU:248:N	D:LYS:247:O
0	hbbb	D:ALA:350:N	D:SER:349:O
0	hbsb	D:GLU:466:OE1	D:LYS:467:N
0	hbbb	D:ALA:287:O	D:VAL:289:N
0	hbsb	D:ASN:331:OD1	D:GLN:333:N
0	hbbb	D:TYR:449:N	D:VAL:448:O
0	hbbb	D:GLY:321:N	D:TYR:320:O
0	hbbb	D:SER:265:N	D:TYR:264:O
0	hbbb	D:THR:392:O	D:TYR:393:N
0	hbbb	D:GLU:355:N	D:MET:351:O
0	hbbb	D:GLU:308:N	D:THR:306:O
0	hbbb	D:ALA:424:N	D:SER:420:O
0	hbbb	D:GLU:453:N	D:LEU:451:O
0	hbbb	D:TYR:342:N	D:VAL:338:O
0	hbbb	D:GLY:321:N	D:TYR:320:N
0	hbsb	D:ALA:366:N	D:GLU:431:OE2
0	hbbb	D:ILE:418:O	D:SER:420:N
0	hbbb	D:ASN:331:O	D:VAL:335:N
0	hbbb	D:ASP:241:O	D:ILE:242:N
0	hbbb	D:ARG:332:O	D:GLN:333:N
0	hbbb	D:LYS:271:O	D:THR:272:N
0	hbbb	D:ALA:433:N	D:TRP:430:O
0	hbbb	D:ILE:293:O	D:LYS:294:N
0	hbbb	D:GLY:426:N	D:VAL:422:O
0	hbbb	D:ASN:331:N	D:CYS:330:O
0	hbsb	D:GLU:431:O	D:THR:434:OG1
0	hbsb	D:ARG:483:NH2	D:GLN:477:O
0	hbbb	D:LEU:354:O	D:LYS:357:N
0	hbbb	D:ASP:444:O	D:LEU:445:N
0	hbbb	D:ARG:457:O	D:MET:458:N
0	hbsb	D:ASN:368:ND2	D:ASP:363:O
0	hbbb	D:GLU:279:O	D:PHE:283:N
0	hbbb	D:GLU:286:N	D:LYS:285:O
0	hbbb	D:ALA:395:N	D:THR:394:O
0	hbbb	D:THR:434:N	D:TRP:430:O
0	hbsb	D:GLU:236:OE2	D:TYR:232:N
0	hbbb	D:ASN:322:O	D:TYR:326:N
0	hbsb	D:ASN:336:OD1	D:VAL:339:N
0	hbsb	D:ASN:322:OD1	D:ASP:325:N
0	hbbb	D:GLY:321:N	D:MET:318:O
0	hbbb	D:GLN:300:O	D:LEU:301:N
0	hbbb	D:LEU:429:N	D:VAL:427:O
0	hbbb	D:MET:318:O	D:THR:319:N
0	hbbb	D:GLU:292:N	D:MET:290:O
0	hbbb	D:ASP:241:O	D:LYS:262:N
0	hbbb	D:ILE:313:O	D:ILE:314:N
0	hbsb	D:GLU:355:OE2	D:PHE:486:N
0	hbbb	D:ALA:288:N	D:LEU:284:O
0	hbbb	D:MET:237:N	D:TRP:235:O
0	hbbb	D:GLY:426:O	D:LEU:429:N
0	hbsb	D:ARG:239:NH2	D:PRO:309:O
0	hbbb	D:ALA:474:N	D:GLU:470:O
0	hbbb	D:ILE:489:N	D:SER:485:O
0	hbbb	D:MET:290:N	D:VAL:289:O
0	hbbb	D:LEU:284:N	D:VAL:280:O
0	hbss	D:GLU:453:OE2	D:LYS:454:NZ
0	hbbb	D:ILE:432:N	D:LEU:428:O
0	hbbb	D:ARG:473:N	D:MET:472:O
0	hbsb	D:GLU:255:O	D:THR:272:OG1
0	hbbb	D:GLU:279:N	D:THR:277:O
0	hbsb	D:PRO:402:O	D:THR:406:OG1
0	hbbb	D:ASN:368:O	D:CYS:369:N
0	hbsb	D:PHE:497:O	D:SER:501:OG
0	hbbb	D:LYS:415:O	D:PHE:416:N
0	hbbb	D:ASN:358:N	D:LEU:354:O
0	hbbb	D:LYS:419:O	D:TRP:423:N
0	hbbb	D:GLY:442:O	D:ILE:443:N
0	hbbb	D:GLU:466:O	D:GLU:470:N
0	hbsb	D:ARG:386:NH2	D:ILE:360:O
0	hbbb	D:ALA:350:O	D:LEU:354:N
0	hbbb	D:ALA:337:O	D:VAL:338:N
0	hbbb	D:GLY:383:N	D:HIS:361:O
0	hbbb	D:ILE:242:O	D:THR:243:N
0	hbsb	D:PHE:493:O	D:THR:345:OG1
0	hbbb	D:LEU:411:N	D:PRO:408:O
0	hbbb	D:LEU:273:O	D:LYS:274:N
0	hbbb	D:ILE:443:N	D:PRO:441:O
0	hbbb	D:GLY:249:N	D:VAL:256:O
0	hbbb	D:TRP:235:O	D:VAL:304:N
0	hbbb	D:ARG:473:N	D:LEU:471:O
0	hbbb	D:ILE:502:N	D:SER:501:O
0	hbbb	D:ILE:489:O	D:PHE:493:N
0	hbbb	D:ASN:479:N	D:TRP:478:O
0	hbsb	D:ASP:276:OD2	D:THR:277:N
0	hbbb	D:ASN:297:N	D:HIS:295:O
0	hbbb	D:GLY:251:O	D:TYR:253:N
0	hbbb	D:TRP:423:O	D:VAL:427:N
0	hbbb	D:ASP:421:N	D:ILE:418:O
0	hbsb	D:ASN:322:OD1	D:LEU:324:N
0	hbbb	D:ILE:418:O	D:VAL:422:N
0	hbbb	D:GLU:258:O	D:LYS:245:N
0	hbbb	D:ASP:233:N	D:TYR:232:O
0	hbbb	D:CYS:330:N	D:TYR:326:O
0	hbbb	D:ALA:407:N	D:THR:406:O
0	hbbb	D:LEU:451:O	D:LYS:454:N
0	hbsb	D:ASN:297:ND2	D:VAL:377:O
0	hbbb	D:ALA:492:N	D:HIS:490:O
0	hbbb	D:HIS:246:O	D:LYS:247:N
0	hbbb	D:GLU:466:N	D:PRO:465:O
0	hbbb	D:CYS:464:N	D:GLU:462:O
0	hbbb	D:GLU:279:O	D:VAL:280:N
0	hbbb	D:ASN:297:N	D:PRO:296:N
0	hbbb	D:GLU:238:N	D:MET:237:O
0	hbsb	D:GLN:252:O	D:LYS:274:NZ
0	hbbb	D:LEU:266:O	D:TRP:261:N
0	hbbb	D:MET:496:N	D:THR:495:O
0	hbbb	D:ALA:287:O	D:ALA:288:N
0	hbbb	D:ASN:414:N	D:LYS:415:N
0	hbbb	D:ALA:365:N	D:LEU:364:O
0	hbbb	D:TRP:235:N	D:TYR:232:O
0	hbbb	D:GLU:409:N	D:PRO:408:O
0	hbbb	D:ALA:399:N	D:GLY:398:O
0	hbbb	D:GLN:447:O	D:LEU:451:N
0	hbbb	D:LEU:341:O	D:TYR:342:N
0	hbbb	D:ALA:492:N	D:GLN:491:O
0	hbbb	D:SER:349:O	D:TYR:353:N
0	hbbb	D:ASN:331:O	D:GLU:334:N
0	hbbb	D:PRO:480:O	D:SER:481:N
0	hbbb	D:ILE:403:O	D:LYS:404:N
0	hbbb	D:GLN:477:N	D:TRP:476:O
0	hbbb	D:ALA:337:O	D:LEU:341:N
0	hbbb	D:GLU:409:N	D:SER:410:N
0	hbbb	D:GLU:352:N	D:SER:348:O
0	hbbb	D:PHE:283:N	D:VAL:280:O
0	hbbb	D:ASN:479:O	D:ASP:482:N
0	hbbb	D:GLU:286:N	D:LEU:284:O
0	hbbb	D:LEU:428:N	D:VAL:427:O
0	hbbb	D:LYS:356:N	D:TYR:353:O
0	hbbb	D:LEU:384:O	D:LEU:387:N
0	hbbb	D:LEU:384:N	D:PHE:382:O
0	hbbb	D:ASN:336:O	D:LEU:340:N
0	hbbb	D:LYS:404:N	D:PRO:402:O
0	hbbb	D:TYR:257:N	D:VAL:256:O
0	hbbb	D:ALA:399:O	D:LYS:400:N
0	hbbb	D:LEU:340:O	D:TYR:342:N
0	hbbb	D:LEU:370:O	D:LYS:378:N
0	hbbb	D:GLY:226:O	D:HIS:227:N
0	hbbb	D:ALA:366:O	D:CYS:369:N
0	hbbb	D:GLU:431:O	D:TYR:435:N
0	hbbb	D:GLU:453:O	D:LYS:454:N
0	hbbb	D:ILE:347:N	D:MET:343:O
0	hbbb	D:GLU:329:N	D:LEU:327:O
0	hbss	D:ARG:483:NH1	D:GLU:409:OE2
0	hbbb	D:ALA:350:O	D:GLU:352:N
0	hbss	D:ASP:363:OD2	D:TYR:253:OH
0	hbbb	D:ILE:403:N	D:PHE:401:O
0	hbbb	D:GLN:491:N	D:ILE:489:O
0	hbbb	D:GLU:255:N	D:THR:272:O
0	hbbb	D:GLY:442:N	D:PRO:441:O
0	hbbb	D:ALA:288:N	D:LYS:285:O
0	hbbb	D:ILE:347:O	D:SER:348:N
0	hbbb	D:ALA:407:O	D:SER:410:N
0	hbsb	D:ARG:386:NH1	D:ILE:360:O
0	hbbb	D:GLU:352:N	D:SER:349:O
0	hbbb	D:GLY:259:N	D:VAL:268:O
0	hbbb	D:ASP:391:N	D:GLY:390:O
0	hbbb	D:ALA:412:O	D:TYR:413:N
0	hbbb	D:ALA:269:N	D:VAL:268:O
0	hbbb	D:ALA:487:N	D:SER:485:O
0	hbbb	D:CYS:369:O	D:LEU:323:N
0	hbbb	D:GLY:303:N	D:LEU:302:O
0	hbbb	D:ASP:421:N	D:SER:420:O
0	hbbb	D:SER:265:N	D:TRP:261:O
0	hbbb	D:ALA:397:O	D:GLY:398:N
0	hbbb	D:TRP:430:N	D:VAL:427:O
0	hbbb	D:THR:345:N	D:TYR:342:O
0	wb2	D:ARG:386:NH2	D:ILE:360:N	D:HOH:1876:O	D:HOH:1852:O
0	wb	D:ARG:386:NH2	D:ILE:360:N	D:HOH:1852:O
0	wb	D:GLU:308:O	D:PRO:310:O	D:HOH:1853:O
0	wb2	D:GLU:308:N	D:PRO:310:O	D:HOH:1874:O	D:HOH:1853:O
0	wb2	D:PRO:310:O	D:THR:306:N	D:HOH:1853:O	D:HOH:1874:O
0	wb2	D:ARG:307:N	D:PRO:310:O	D:HOH:1874:O	D:HOH:1853:O
0	wb	D:ARG:239:NH2	D:PRO:310:O	D:HOH:1853:O
0	wb	D:ARG:239:NE	D:PRO:310:O	D:HOH:1853:O
0	wb2	D:GLU:308:O	D:THR:306:N	D:HOH:1853:O	D:HOH:1874:O
0	wb2	D:ARG:307:N	D:GLU:308:O	D:HOH:1874:O	D:HOH:1853:O
0	wb	D:ARG:239:NH2	D:GLU:308:O	D:HOH:1853:O
0	wb	D:ARG:239:NE	D:GLU:308:O	D:HOH:1853:O
0	wb2	D:ARG:239:NH2	D:GLU:308:N	D:HOH:1853:O	D:HOH:1874:O
0	wb2	D:ARG:239:NH2	D:THR:306:N	D:HOH:1853:O	D:HOH:1874:O
0	wb2	D:ARG:239:NH2	D:ARG:307:N	D:HOH:1853:O	D:HOH:1874:O
0	wb2	D:ARG:239:NE	D:GLU:308:N	D:HOH:1853:O	D:HOH:1874:O
0	wb2	D:ARG:239:NE	D:THR:306:N	D:HOH:1853:O	D:HOH:1874:O
0	wb2	D:ARG:239:NE	D:ARG:307:N	D:HOH:1853:O	D:HOH:1874:O
0	wb2	D:GLU:459:N	D:TRP:430:NE1	D:HOH:1854:O	D:HOH:1864:O
0	wb2	D:ARG:386:NH2	D:ASN:358:O	D:HOH:1876:O	D:HOH:1855:O
0	wb	D:MET:458:N	D:TYR:440:OH	D:HOH:1857:O
0	wb	D:MET:237:O	D:THR:306:N	D:HOH:1859:O
0	wb2	D:MET:237:O	D:THR:306:OG1	D:HOH:1859:O	D:HOH:1907:O
0	wb2	D:GLU:236:OE1	D:MET:237:O	D:HOH:1907:O	D:HOH:1859:O
0	wb2	D:GLU:238:OE2	D:MET:237:O	D:HOH:2006:O	D:HOH:1859:O
0	wb2	D:ARG:307:NH1	D:MET:237:O	D:HOH:2006:O	D:HOH:1859:O
0	wb2	D:GLU:236:OE1	D:THR:306:N	D:HOH:1907:O	D:HOH:1859:O
0	wb2	D:GLU:238:OE2	D:THR:306:N	D:HOH:2006:O	D:HOH:1859:O
0	wb2	D:ARG:307:NH1	D:THR:306:N	D:HOH:2006:O	D:HOH:1859:O
0	wb2	D:GLU:373:N	D:THR:319:OG1	D:HOH:1860:O	D:HOH:1881:O
0	wb2	D:GLU:373:N	D:THR:319:N	D:HOH:1860:O	D:HOH:1881:O
0	wb	D:ASP:421:OD2	D:PHE:359:O	D:HOH:1861:O
0	wb2	D:LEU:364:O	D:THR:406:OG1	D:HOH:1862:O	D:HOH:1938:O
0	wb2	D:ARG:367:NH2	D:LEU:364:O	D:HOH:1882:O	D:HOH:1862:O
0	wb2	D:ASP:363:OD1	D:LEU:364:O	D:HOH:1882:O	D:HOH:1862:O
0	wb	D:ARG:328:O	D:ARG:332:NH2	D:HOH:1863:O
0	wb2	D:ARG:332:NH2	D:TYR:435:O	D:HOH:1863:O	D:HOH:1872:O
0	wb2	D:ARG:328:O	D:TYR:435:O	D:HOH:1863:O	D:HOH:1872:O
0	wb	D:GLU:459:O	D:TRP:430:NE1	D:HOH:1864:O
0	wb2	D:GLU:281:N	D:VAL:280:N	D:HOH:1867:O	D:HOH:1866:O
0	wb	D:GLU:281:N	D:VAL:280:N	D:HOH:1867:O
0	wb	D:LYS:274:O	D:PHE:311:N	D:HOH:1869:O
0	wb	D:ARG:362:NE	D:ARG:386:NH1	D:HOH:1870:O
0	wb	D:ASN:322:O	D:TYR:320:O	D:HOH:1871:O
0	wb	D:ASN:322:O	D:TYR:326:N	D:HOH:1871:O
0	wb	D:TYR:320:O	D:TYR:326:N	D:HOH:1871:O
0	wb2	D:GLU:238:OE1	D:GLU:308:N	D:HOH:1932:O	D:HOH:1874:O
0	wb2	D:ARG:239:N	D:GLU:308:N	D:HOH:1932:O	D:HOH:1874:O
0	wb	D:GLU:308:N	D:THR:306:N	D:HOH:1874:O
0	wb	D:ARG:307:N	D:GLU:308:N	D:HOH:1874:O
0	wb2	D:GLU:308:OE2	D:THR:306:N	D:HOH:1932:O	D:HOH:1874:O
0	wb2	D:GLU:238:OE1	D:THR:306:N	D:HOH:1932:O	D:HOH:1874:O
0	wb2	D:ARG:239:N	D:THR:306:N	D:HOH:1932:O	D:HOH:1874:O
0	wb2	D:ARG:307:N	D:GLU:308:OE2	D:HOH:1874:O	D:HOH:1932:O
0	wb2	D:ARG:307:N	D:GLU:238:OE1	D:HOH:1874:O	D:HOH:1932:O
0	wb2	D:ARG:239:N	D:ARG:307:N	D:HOH:1932:O	D:HOH:1874:O
0	wb	D:ARG:307:N	D:THR:306:N	D:HOH:1874:O
0	wb2	D:ASP:381:OD1	D:PHE:382:O	D:HOH:1875:O	D:HOH:1908:O
0	wb2	D:ASP:381:OD1	D:PHE:382:N	D:HOH:1875:O	D:HOH:1908:O
0	wb2	D:ARG:386:NH2	D:GLU:286:OE1	D:HOH:1876:O	D:HOH:1965:O
0	wb2	D:ARG:386:NH2	D:GLU:286:OE2	D:HOH:1876:O	D:HOH:1965:O
0	wb2	D:ASP:391:N	D:MET:388:O	D:HOH:1980:O	D:HOH:1879:O
0	wb2	D:GLY:390:N	D:MET:388:O	D:HOH:1980:O	D:HOH:1879:O
0	wb	D:MET:388:O	D:SER:385:O	D:HOH:1879:O
0	wb2	D:ASP:391:N	D:SER:385:O	D:HOH:1980:O	D:HOH:1879:O
0	wb2	D:GLY:390:N	D:SER:385:O	D:HOH:1980:O	D:HOH:1879:O
0	wb2	D:LEU:301:N	D:PHE:382:O	D:HOH:1880:O	D:HOH:1908:O
0	wb2	D:LEU:301:N	D:PHE:382:N	D:HOH:1880:O	D:HOH:1908:O
0	wb2	D:PHE:382:O	D:VAL:299:O	D:HOH:1908:O	D:HOH:1880:O
0	wb2	D:PHE:382:N	D:VAL:299:O	D:HOH:1908:O	D:HOH:1880:O
0	wb	D:LEU:301:N	D:VAL:299:O	D:HOH:1880:O
0	wb2	D:GLU:316:OE2	D:THR:319:OG1	D:HOH:1916:O	D:HOH:1881:O
0	wb2	D:GLU:316:OE2	D:THR:319:N	D:HOH:1916:O	D:HOH:1881:O
0	wb	D:ARG:367:NH2	D:ASP:363:OD1	D:HOH:1882:O
0	wb	D:GLY:251:O	D:GLY:254:O	D:HOH:1883:O
0	wb2	D:ARG:457:NH2	D:TRP:478:N	D:HOH:1937:O	D:HOH:1886:O
0	wb2	D:GLN:447:OE1	D:GLU:450:OE2	D:HOH:1887:O	D:HOH:1897:O
0	wb	D:GLU:255:OE2	D:THR:272:OG1	D:HOH:1888:O
0	wb	D:THR:272:OG1	D:TYR:257:OH	D:HOH:1888:O
0	wb	D:GLU:255:OE2	D:TYR:257:OH	D:HOH:1888:O
0	wb	D:ASP:276:OD2	D:GLU:275:O	D:HOH:1892:O
0	wb2	D:LYS:234:N	D:TRP:235:NE1	D:HOH:1893:O	D:HOH:1913:O
0	wb2	D:ASP:233:N	D:TRP:235:NE1	D:HOH:1893:O	D:HOH:1913:O
0	wb	D:ASP:233:N	D:LYS:234:N	D:HOH:1893:O
0	wb	D:ARG:328:O	D:CYS:330:O	D:HOH:1894:O
0	wb	D:ARG:332:NE	D:CYS:330:O	D:HOH:1894:O
0	wb	D:CYS:330:O	D:LEU:327:O	D:HOH:1894:O
0	wb	D:ARG:328:O	D:ARG:332:NE	D:HOH:1894:O
0	wb	D:ARG:328:O	D:LEU:327:O	D:HOH:1894:O
0	wb	D:ARG:332:NE	D:LEU:327:O	D:HOH:1894:O
0	wb	D:GLU:282:OE2	D:THR:389:OG1	D:HOH:1896:O
0	wb	D:ASN:374:N	D:GLU:373:OE1	D:HOH:1901:O
0	wb	D:GLU:409:OE2	D:SER:417:OG	D:HOH:1904:O
0	wb2	D:GLU:282:O	D:GLU:286:OE1	D:HOH:1905:O	D:HOH:1911:O
0	wb	D:HIS:227:ND1	D:PRO:230:O	D:HOH:1906:O
0	wb	D:GLU:236:OE1	D:THR:306:OG1	D:HOH:1907:O
0	wb	D:ARG:307:O	D:GLY:226:N	D:HOH:1914:O
0	wb	D:GLY:226:N	D:THR:306:O	D:HOH:1914:O
0	wb2	D:ARG:307:O	D:GLY:226:O	D:HOH:1914:O	D:HOH:1940:O
0	wb2	D:GLY:226:O	D:THR:306:O	D:HOH:1940:O	D:HOH:1914:O
0	wb	D:ARG:307:O	D:THR:306:O	D:HOH:1914:O
0	wb	D:GLU:279:OE1	D:GLU:282:N	D:HOH:1915:O
0	wb2	D:GLU:316:OE2	D:PHE:317:O	D:HOH:1916:O	D:HOH:1917:O
0	wb	D:GLU:316:OE2	D:PHE:317:O	D:HOH:1917:O
0	wb	D:GLU:334:OE2	D:TYR:326:OH	D:HOH:1919:O
0	wb2	D:SER:265:O	D:THR:267:N	D:HOH:1954:O	D:HOH:1920:O
0	wb	D:ALA:337:N	D:ASN:336:OD1	D:HOH:1922:O
0	wb	D:ASN:336:OD1	D:VAL:338:N	D:HOH:1922:O
0	wb	D:ALA:337:N	D:ASN:336:ND2	D:HOH:1922:O
0	wb	D:ALA:337:N	D:VAL:338:N	D:HOH:1922:O
0	wb	D:ASN:336:ND2	D:VAL:338:N	D:HOH:1922:O
0	wb2	D:ARG:362:O	D:THR:406:OG1	D:HOH:1925:O	D:HOH:1938:O
0	wb2	D:ARG:362:O	D:ASP:363:OD1	D:HOH:1925:O	D:HOH:1989:O
0	wb	D:ARG:362:O	D:ASP:363:OD1	D:HOH:1925:O
0	wb2	D:ASP:363:OD1	D:THR:406:OG1	D:HOH:1925:O	D:HOH:1938:O
0	wb	D:ASP:391:OD1	D:TYR:393:O	D:HOH:1927:O
0	wb	D:ASN:368:OD1	D:MG:1801:MG	D:HOH:1928:O
0	wb	D:ASP:381:OD2	D:MG:1801:MG	D:HOH:1928:O
0	wb	D:ARG:367:O	D:MG:1801:MG	D:HOH:1928:O
0	wb	D:ASN:368:OD1	D:ASP:381:OD2	D:HOH:1928:O
0	wb	D:ARG:367:O	D:ASN:368:OD1	D:HOH:1928:O
0	wb	D:ARG:367:O	D:ASP:381:OD2	D:HOH:1928:O
0	wb2	D:ARG:362:O	D:THR:406:OG1	D:HOH:1929:O	D:HOH:1938:O
0	wb	D:ILE:418:N	D:LYS:419:N	D:HOH:1931:O
0	wb	D:LYS:419:N	D:SER:417:OG	D:HOH:1931:O
0	wb	D:ILE:418:N	D:SER:417:OG	D:HOH:1931:O
0	wb	D:GLU:238:OE1	D:GLU:308:OE2	D:HOH:1932:O
0	wb	D:ARG:239:N	D:GLU:308:OE2	D:HOH:1932:O
0	wb	D:ARG:239:N	D:GLU:238:OE1	D:HOH:1932:O
0	wb2	D:ARG:457:NH2	D:ASP:455:O	D:HOH:1937:O	D:HOH:1984:O
0	wb	D:ASN:231:O	D:ASP:233:OD1	D:HOH:1939:O
0	wb	D:ASN:231:O	D:ASP:233:N	D:HOH:1939:O
0	wb2	D:GLU:329:OE1	D:TYR:326:O	D:HOH:1943:O	D:HOH:1993:O
0	wb2	D:CYS:330:N	D:GLU:329:OE1	D:HOH:1993:O	D:HOH:1943:O
0	wb2	D:GLU:409:N	D:TYR:449:OH	D:HOH:1944:O	D:HOH:2000:O
0	wb	D:HIS:490:ND1	D:SER:349:OG	D:HOH:1946:O
0	wb	D:HIS:490:NE2	D:SER:349:OG	D:HOH:1946:O
0	wb	D:GLU:352:OE2	D:SER:349:OG	D:HOH:1946:O
0	wb	D:GLU:352:OE2	D:HIS:490:ND1	D:HOH:1946:O
0	wb	D:GLU:352:OE2	D:HIS:490:NE2	D:HOH:1946:O
0	wb	D:SER:265:O	D:THR:267:OG1	D:HOH:1954:O
0	wb	D:SER:265:O	D:THR:267:N	D:HOH:1954:O
0	wb	D:PRO:309:O	D:PRO:310:N	D:HOH:1955:O
0	wb2	D:PRO:309:O	D:PRO:310:N	D:HOH:2003:O	D:HOH:1955:O
0	wb2	D:GLU:352:OE1	D:HIS:490:ND1	D:HOH:1961:O	D:HOH:1958:O
0	wb2	D:ALA:487:O	D:GLU:352:OE1	D:HOH:1958:O	D:HOH:1961:O
0	wb	D:ALA:487:O	D:HIS:490:ND1	D:HOH:1958:O
0	wb	D:GLU:352:OE1	D:HIS:490:ND1	D:HOH:1958:O
0	wb	D:GLU:352:OE2	D:HIS:490:ND1	D:HOH:1958:O
0	wb	D:ALA:487:O	D:GLU:352:OE1	D:HOH:1958:O
0	wb	D:ALA:487:O	D:GLU:352:OE2	D:HOH:1958:O
0	wb2	D:GLU:308:OE1	D:PRO:309:O	D:HOH:1998:O	D:HOH:1960:O
0	wb	D:MET:318:O	D:THR:319:O	D:HOH:1968:O
0	wb	D:GLY:321:N	D:THR:319:O	D:HOH:1968:O
0	wb	D:GLY:321:N	D:MET:318:O	D:HOH:1968:O
0	wb	D:ASN:368:ND2	D:ASP:381:O	D:HOH:1802:O
0	wb	D:ASN:368:ND2	D:ASP:363:OD2	D:HOH:1802:O
0	wb	D:ASP:363:OD2	D:ASP:381:O	D:HOH:1802:O
0	wb	D:PRO:439:O	D:SER:438:O	D:HOH:1973:O
0	wb	D:ALA:366:N	D:GLU:431:OE1	D:HOH:1803:O
0	wb	D:ALA:366:N	D:ARG:367:N	D:HOH:1803:O
0	wb	D:ALA:366:N	D:ARG:367:NH1	D:HOH:1803:O
0	wb2	D:ALA:366:N	D:ARG:367:NH1	D:HOH:1803:O	D:HOH:1806:O
0	wb	D:ARG:367:N	D:GLU:431:OE1	D:HOH:1803:O
0	wb	D:ARG:367:NH1	D:GLU:431:OE1	D:HOH:1803:O
0	wb2	D:ARG:367:NH1	D:GLU:431:OE1	D:HOH:1806:O	D:HOH:1803:O
0	wb	D:ILE:403:N	D:LYS:404:N	D:HOH:1804:O
0	wb	D:GLN:300:NE2	D:LYS:291:NZ	D:HOH:1975:O
0	wb2	D:GLN:300:NE2	D:LEU:302:O	D:HOH:1975:O	D:HOH:1990:O
0	wb2	D:GLN:300:NE2	D:LYS:234:O	D:HOH:1975:O	D:HOH:1990:O
0	wb2	D:LEU:302:O	D:LYS:291:NZ	D:HOH:1990:O	D:HOH:1975:O
0	wb2	D:LYS:234:O	D:LYS:291:NZ	D:HOH:1990:O	D:HOH:1975:O
0	wb	D:HIS:295:N	D:LEU:298:O	D:HOH:1805:O
0	wb	D:HIS:295:N	D:ILE:293:O	D:HOH:1805:O
0	wb	D:ILE:293:O	D:LEU:298:O	D:HOH:1805:O
0	wb	D:HIS:295:O	D:LEU:298:O	D:HOH:1805:O
0	wb	D:HIS:295:O	D:ILE:293:O	D:HOH:1805:O
0	wb	D:ARG:457:NH1	D:LEU:452:O	D:HOH:1807:O
0	wb	D:ARG:457:NH1	D:ASP:455:OD1	D:HOH:1807:O
0	wb	D:ASP:455:OD1	D:LEU:452:O	D:HOH:1807:O
0	wb	D:ARG:457:NH2	D:LEU:452:O	D:HOH:1807:O
0	wb	D:ARG:457:NH2	D:ASP:455:OD1	D:HOH:1807:O
0	wb	D:GLU:431:OE1	D:MET:437:O	D:HOH:1808:O
0	wb2	D:ASP:276:N	D:MET:278:N	D:HOH:1820:O	D:HOH:1809:O
0	wb2	D:ASP:276:O	D:MET:278:N	D:HOH:1820:O	D:HOH:1809:O
0	wb2	D:ASP:276:N	D:MET:278:O	D:HOH:1820:O	D:HOH:1809:O
0	wb2	D:ASP:276:O	D:MET:278:O	D:HOH:1820:O	D:HOH:1809:O
0	wb	D:ASP:276:O	D:MET:278:N	D:HOH:1809:O
0	wb2	D:ASP:276:OD1	D:MET:278:N	D:HOH:1814:O	D:HOH:1809:O
0	wb2	D:LEU:387:O	D:MET:278:N	D:HOH:1814:O	D:HOH:1809:O
0	wb	D:ASP:276:O	D:MET:278:O	D:HOH:1809:O
0	wb2	D:ASP:276:O	D:LEU:387:O	D:HOH:1809:O	D:HOH:1814:O
0	wb2	D:ASP:276:OD1	D:MET:278:O	D:HOH:1814:O	D:HOH:1809:O
0	wb2	D:LEU:387:O	D:MET:278:O	D:HOH:1814:O	D:HOH:1809:O
0	wb	D:ASP:391:N	D:GLY:390:N	D:HOH:1980:O
0	wb2	D:ASP:381:N	D:THR:315:OG1	D:HOH:1830:O	D:HOH:1810:O
0	wb2	D:ARG:362:O	D:ASP:363:N	D:HOH:1929:O	D:HOH:1811:O
0	wb2	D:ARG:362:O	D:LEU:364:N	D:HOH:1929:O	D:HOH:1811:O
0	wb2	D:ARG:362:O	D:ASP:421:OD1	D:HOH:1929:O	D:HOH:1811:O
0	wb	D:ASP:363:N	D:LEU:364:N	D:HOH:1811:O
0	wb	D:ASP:363:N	D:ASP:421:OD1	D:HOH:1811:O
0	wb	D:ASP:421:OD1	D:LEU:364:N	D:HOH:1811:O
0	wb	D:ARG:332:NH2	D:THR:434:O	D:HOH:1982:O
0	wb2	D:ARG:367:O	D:ASN:322:OD1	D:HOH:1812:O	D:HOH:1877:O
0	wb2	D:ARG:362:O	D:SER:420:O	D:HOH:1929:O	D:HOH:1813:O
0	wb2	D:ARG:362:O	D:TRP:405:O	D:HOH:1929:O	D:HOH:1813:O
0	wb2	D:ALA:407:N	D:ARG:362:O	D:HOH:1813:O	D:HOH:1929:O
0	wb	D:SER:420:O	D:TRP:405:O	D:HOH:1813:O
0	wb	D:ALA:407:N	D:SER:420:O	D:HOH:1813:O
0	wb	D:ALA:407:N	D:TRP:405:O	D:HOH:1813:O
0	wb2	D:ASP:276:OD1	D:LYS:274:O	D:HOH:1814:O	D:HOH:1869:O
0	wb2	D:ASP:276:OD1	D:PHE:311:N	D:HOH:1814:O	D:HOH:1869:O
0	wb	D:ASP:276:OD1	D:LEU:387:O	D:HOH:1814:O
0	wb2	D:LEU:387:O	D:LYS:274:O	D:HOH:1814:O	D:HOH:1869:O
0	wb2	D:LEU:387:O	D:PHE:311:N	D:HOH:1814:O	D:HOH:1869:O
0	wb	D:ALA:269:O	D:ILE:313:O	D:HOH:1815:O
0	wb	D:ILE:313:O	D:THR:315:OG1	D:HOH:1815:O
0	wb	D:ILE:313:O	D:LYS:271:N	D:HOH:1815:O
0	wb2	D:ASP:381:OD1	D:ILE:313:O	D:HOH:1934:O	D:HOH:1815:O
0	wb	D:ALA:269:O	D:THR:315:OG1	D:HOH:1815:O
0	wb	D:ALA:269:O	D:LYS:271:N	D:HOH:1815:O
0	wb2	D:ALA:269:O	D:ASP:381:OD1	D:HOH:1815:O	D:HOH:1934:O
0	wb	D:LYS:271:N	D:THR:315:OG1	D:HOH:1815:O
0	wb2	D:ASP:381:OD1	D:THR:315:OG1	D:HOH:1934:O	D:HOH:1815:O
0	wb2	D:ASP:381:OD1	D:LYS:271:N	D:HOH:1934:O	D:HOH:1815:O
0	wb	D:HIS:361:O	D:SER:385:N	D:HOH:1816:O
0	wb	D:LEU:384:N	D:SER:385:N	D:HOH:1816:O
0	wb	D:ASP:363:OD2	D:SER:385:N	D:HOH:1816:O
0	wb	D:HIS:361:O	D:SER:385:OG	D:HOH:1816:O
0	wb	D:HIS:361:O	D:LEU:384:N	D:HOH:1816:O
0	wb	D:ASP:363:OD2	D:HIS:361:O	D:HOH:1816:O
0	wb	D:LEU:384:N	D:SER:385:OG	D:HOH:1816:O
0	wb	D:ASP:363:OD2	D:SER:385:OG	D:HOH:1816:O
0	wb	D:ASP:363:OD2	D:LEU:384:N	D:HOH:1816:O
0	wb	D:GLU:281:OE2	D:MET:228:N	D:HOH:1987:O
0	wb2	D:ARG:362:O	D:ASP:421:N	D:HOH:1929:O	D:HOH:1817:O
0	wb2	D:ARG:362:O	D:SER:420:OG	D:HOH:1929:O	D:HOH:1817:O
0	wb2	D:ARG:362:O	D:ASP:421:OD1	D:HOH:1929:O	D:HOH:1817:O
0	wb	D:ASP:421:N	D:SER:420:OG	D:HOH:1817:O
0	wb	D:ASP:421:OD1	D:SER:420:OG	D:HOH:1817:O
0	wb2	D:ARG:457:NH2	D:ARG:473:NH1	D:HOH:1937:O	D:HOH:1818:O
0	wb2	D:ARG:457:NH2	D:ARG:473:O	D:HOH:1937:O	D:HOH:1818:O
0	wb	D:ILE:293:O	D:LEU:301:N	D:HOH:1819:O
0	wb2	D:GLN:300:NE2	D:LEU:301:N	D:HOH:1837:O	D:HOH:1819:O
0	wb2	D:LEU:301:N	D:LYS:291:NZ	D:HOH:1819:O	D:HOH:1837:O
0	wb2	D:LEU:301:N	D:LYS:291:O	D:HOH:1819:O	D:HOH:1837:O
0	wb	D:LEU:301:N	D:MET:290:O	D:HOH:1819:O
0	wb2	D:GLN:300:NE2	D:ILE:293:O	D:HOH:1837:O	D:HOH:1819:O
0	wb2	D:ILE:293:O	D:LYS:291:NZ	D:HOH:1819:O	D:HOH:1837:O
0	wb2	D:ILE:293:O	D:LEU:301:O	D:HOH:1819:O	D:HOH:1837:O
0	wb2	D:ILE:293:O	D:LYS:291:O	D:HOH:1819:O	D:HOH:1837:O
0	wb	D:ILE:293:O	D:MET:290:O	D:HOH:1819:O
0	wb2	D:GLN:300:NE2	D:MET:290:O	D:HOH:1837:O	D:HOH:1819:O
0	wb2	D:LYS:291:NZ	D:MET:290:O	D:HOH:1837:O	D:HOH:1819:O
0	wb2	D:LEU:301:O	D:MET:290:O	D:HOH:1837:O	D:HOH:1819:O
0	wb2	D:LYS:291:O	D:MET:290:O	D:HOH:1837:O	D:HOH:1819:O
0	wb	D:LEU:302:O	D:LYS:234:O	D:HOH:1990:O
0	wb2	D:ASP:276:N	D:LYS:274:O	D:HOH:1820:O	D:HOH:1869:O
0	wb2	D:ASP:276:N	D:PHE:311:N	D:HOH:1820:O	D:HOH:1869:O
0	wb2	D:ASP:276:O	D:LYS:274:O	D:HOH:1820:O	D:HOH:1869:O
0	wb2	D:ASP:276:O	D:PHE:311:N	D:HOH:1820:O	D:HOH:1869:O
0	wb2	D:GLU:255:N	D:LEU:273:O	D:HOH:1833:O	D:HOH:1821:O
0	wb2	D:LEU:273:O	D:THR:272:O	D:HOH:1821:O	D:HOH:1833:O
0	wb2	D:LEU:273:O	D:THR:272:OG1	D:HOH:1821:O	D:HOH:1833:O
0	wb2	D:GLU:255:OE2	D:LEU:273:O	D:HOH:1833:O	D:HOH:1821:O
0	wb	D:HIS:295:O	D:LEU:298:O	D:HOH:1822:O
0	wb	D:LEU:298:O	D:LYS:378:NZ	D:HOH:1822:O
0	wb	D:HIS:295:O	D:LYS:378:NZ	D:HOH:1822:O
0	wb	D:CYS:330:N	D:TYR:326:O	D:HOH:1993:O
0	wb	D:ILE:403:O	D:THR:406:O	D:HOH:1823:O
0	wb2	D:ILE:403:O	D:TYR:440:OH	D:HOH:1823:O	D:HOH:1829:O
0	wb2	D:ILE:403:O	D:LYS:404:O	D:HOH:1823:O	D:HOH:1829:O
0	wb2	D:ILE:403:O	D:TRP:423:NE1	D:HOH:1823:O	D:HOH:1829:O
0	wb2	D:THR:406:O	D:TYR:440:OH	D:HOH:1823:O	D:HOH:1829:O
0	wb2	D:LYS:404:O	D:THR:406:O	D:HOH:1829:O	D:HOH:1823:O
0	wb2	D:THR:406:O	D:TRP:423:NE1	D:HOH:1823:O	D:HOH:1829:O
0	wb	D:ASN:297:ND2	D:GLN:346:OE1	D:HOH:1825:O
0	wb2	D:LYS:357:O	D:VAL:289:O	D:HOH:1826:O	D:HOH:1865:O
0	wb2	D:ASN:358:O	D:LYS:357:O	D:HOH:1855:O	D:HOH:1826:O
0	wb2	D:ILE:418:N	D:LYS:419:N	D:HOH:1828:O	D:HOH:1931:O
0	wb2	D:ILE:418:N	D:SER:417:OG	D:HOH:1828:O	D:HOH:1931:O
0	wb	D:LYS:404:O	D:TYR:440:OH	D:HOH:1829:O
0	wb	D:TRP:423:NE1	D:TYR:440:OH	D:HOH:1829:O
0	wb	D:LYS:404:O	D:TRP:423:NE1	D:HOH:1829:O
0	wb2	D:ASP:381:N	D:LEU:301:N	D:HOH:1830:O	D:HOH:1880:O
0	wb2	D:ASP:381:N	D:VAL:299:O	D:HOH:1830:O	D:HOH:1880:O
0	wb2	D:GLU:409:N	D:TRP:478:O	D:HOH:1944:O	D:HOH:1831:O
0	wb	D:GLU:409:OE1	D:TRP:478:O	D:HOH:1831:O
0	wb	D:GLU:409:N	D:TRP:478:O	D:HOH:1831:O
0	wb	D:ASP:482:O	D:GLN:477:OE1	D:HOH:2002:O
0	wb2	D:PRO:230:O	D:TYR:232:OH	D:HOH:1906:O	D:HOH:1832:O
0	wb2	D:HIS:227:ND1	D:TYR:232:OH	D:HOH:1906:O	D:HOH:1832:O
0	wb2	D:GLU:281:O	D:PRO:230:O	D:HOH:1832:O	D:HOH:1906:O
0	wb2	D:GLU:281:O	D:HIS:227:ND1	D:HOH:1832:O	D:HOH:1906:O
0	wb	D:GLU:281:O	D:TYR:232:OH	D:HOH:1832:O
0	wb	D:GLU:255:N	D:THR:272:O	D:HOH:1833:O
0	wb	D:GLU:255:N	D:THR:272:OG1	D:HOH:1833:O
0	wb2	D:GLU:255:N	D:THR:272:OG1	D:HOH:1833:O	D:HOH:1888:O
0	wb2	D:GLU:255:N	D:TYR:257:OH	D:HOH:1833:O	D:HOH:1888:O
0	wb	D:GLU:255:OE2	D:THR:272:O	D:HOH:1833:O
0	wb2	D:GLU:255:OE2	D:THR:272:O	D:HOH:1888:O	D:HOH:1833:O
0	wb2	D:THR:272:O	D:TYR:257:OH	D:HOH:1833:O	D:HOH:1888:O
0	wb	D:GLU:255:OE2	D:THR:272:OG1	D:HOH:1833:O
0	wb2	D:GLU:255:OE2	D:THR:272:OG1	D:HOH:1888:O	D:HOH:1833:O
0	wb2	D:THR:272:OG1	D:TYR:257:OH	D:HOH:1833:O	D:HOH:1888:O
0	wb2	D:GLU:255:OE2	D:THR:272:OG1	D:HOH:1833:O	D:HOH:1888:O
0	wb2	D:GLU:255:OE2	D:TYR:257:OH	D:HOH:1833:O	D:HOH:1888:O
0	wb2	D:ASP:241:O	D:TRP:261:NE1	D:HOH:1834:O	D:HOH:1935:O
0	wb	D:ASP:241:O	D:LYS:263:N	D:HOH:1834:O
0	wb2	D:LYS:263:N	D:TRP:261:NE1	D:HOH:1834:O	D:HOH:1935:O
0	wb2	D:THR:389:O	D:THR:392:N	D:HOH:1835:O	D:HOH:1842:O
0	wb2	D:THR:389:O	D:TYR:393:O	D:HOH:1835:O	D:HOH:1842:O
0	wb2	D:GLY:390:O	D:THR:389:O	D:HOH:1842:O	D:HOH:1835:O
0	wb2	D:THR:389:O	D:TYR:393:N	D:HOH:1835:O	D:HOH:1842:O
0	wb	D:ARG:307:NH1	D:GLU:238:OE2	D:HOH:2006:O
0	wb2	D:GLU:292:OE2	D:TRP:235:NE1	D:HOH:1836:O	D:HOH:1945:O
0	wb2	D:ALA:288:O	D:TRP:235:NE1	D:HOH:1836:O	D:HOH:1945:O
0	wb	D:ALA:288:O	D:GLU:292:OE2	D:HOH:1836:O
0	wb	D:GLN:300:NE2	D:LYS:291:NZ	D:HOH:1837:O
0	wb	D:GLN:300:NE2	D:LEU:301:O	D:HOH:1837:O
0	wb	D:GLN:300:NE2	D:LYS:291:O	D:HOH:1837:O
0	wb	D:LEU:301:O	D:LYS:291:NZ	D:HOH:1837:O
0	wb	D:LEU:301:O	D:LYS:291:O	D:HOH:1837:O
0	wb2	D:ARG:386:O	D:MET:388:O	D:HOH:1873:O	D:HOH:1838:O
0	wb2	D:ARG:386:O	D:SER:385:O	D:HOH:1873:O	D:HOH:1838:O
0	wb	D:MET:388:O	D:SER:385:O	D:HOH:1838:O
0	wb2	D:ARG:362:NH1	D:ASP:363:OD1	D:HOH:1839:O	D:HOH:1989:O
0	wb2	D:ARG:362:NH1	D:ASP:363:OD1	D:HOH:1839:O	D:HOH:1925:O
0	wb2	D:GLU:281:OE1	D:GLU:282:N	D:HOH:1840:O	D:HOH:1915:O
0	wb2	D:GLU:279:OE1	D:GLU:281:OE1	D:HOH:1915:O	D:HOH:1840:O
0	wb2	D:GLU:281:OE2	D:GLU:282:N	D:HOH:1840:O	D:HOH:1915:O
0	wb2	D:GLU:279:OE1	D:GLU:281:OE2	D:HOH:1915:O	D:HOH:1840:O
0	wb2	D:GLU:281:OE1	D:VAL:280:N	D:HOH:1840:O	D:HOH:1867:O
0	wb2	D:GLU:281:OE2	D:VAL:280:N	D:HOH:1840:O	D:HOH:1867:O
0	wb2	D:PRO:441:O	D:TYR:456:OH	D:HOH:1910:O	D:HOH:1841:O
0	wb2	D:GLU:459:N	D:TYR:456:OH	D:HOH:1854:O	D:HOH:1841:O
0	wb	D:THR:392:N	D:TYR:393:O	D:HOH:1842:O
0	wb	D:GLY:390:O	D:THR:392:N	D:HOH:1842:O
0	wb	D:THR:392:N	D:TYR:393:N	D:HOH:1842:O
0	wb	D:GLY:390:O	D:TYR:393:O	D:HOH:1842:O
0	wb	D:GLY:390:O	D:TYR:393:N	D:HOH:1842:O
0	wb	D:ASP:233:O	D:GLU:236:O	D:HOH:1843:O
0	wb	D:ASN:331:N	D:GLU:334:OE1	D:HOH:1844:O
0	wb	D:ASN:331:N	D:GLU:334:OE2	D:HOH:1844:O
0	wb	D:GLU:352:O	D:GLU:355:OE1	D:HOH:1845:O
0	wb	D:PHE:317:N	D:THR:267:O	D:HOH:1846:O
0	wb	D:GLU:355:OE2	D:LYS:419:NZ	D:HOH:1847:O
0	wb	D:ASN:374:N	D:GLY:372:O	D:HOH:1849:O
0	wb2	D:ASN:374:N	D:TYR:326:OH	D:HOH:1849:O	D:HOH:1919:O
0	wb2	D:ASN:374:N	D:GLU:334:OE2	D:HOH:1849:O	D:HOH:1919:O
0	wb2	D:ASN:374:N	D:GLU:373:OE1	D:HOH:1849:O	D:HOH:1901:O
0	wb	D:ASN:374:N	D:HIS:375:N	D:HOH:1849:O
0	wb2	D:GLY:372:O	D:TYR:326:OH	D:HOH:1849:O	D:HOH:1919:O
0	wb2	D:GLU:334:OE2	D:GLY:372:O	D:HOH:1919:O	D:HOH:1849:O
0	wb2	D:ASN:374:N	D:GLY:372:O	D:HOH:1901:O	D:HOH:1849:O
0	wb2	D:GLU:373:OE1	D:GLY:372:O	D:HOH:1901:O	D:HOH:1849:O
0	wb	D:GLY:372:O	D:HIS:375:N	D:HOH:1849:O
0	wb2	D:HIS:375:N	D:TYR:326:OH	D:HOH:1849:O	D:HOH:1919:O
0	wb2	D:GLU:334:OE2	D:HIS:375:N	D:HOH:1919:O	D:HOH:1849:O
0	wb2	D:ASN:374:N	D:HIS:375:N	D:HOH:1901:O	D:HOH:1849:O
0	wb2	D:GLU:373:OE1	D:HIS:375:N	D:HOH:1901:O	D:HOH:1849:O
0	wb	D:LEU:445:O	D:VAL:448:N	D:HOH:1850:O
0	wb	D:TYR:449:N	D:VAL:448:N	D:HOH:1850:O
0	wb	D:SER:446:O	D:VAL:448:N	D:HOH:1850:O
0	wb	D:LEU:445:O	D:TYR:449:N	D:HOH:1850:O
0	wb	D:LEU:445:O	D:SER:446:O	D:HOH:1850:O
0	wb	D:SER:446:O	D:TYR:449:N	D:HOH:1850:O
0	wb2	D:TYR:353:OH	D:VAL:289:O	D:HOH:1851:O	D:HOH:1865:O
0	wb2	D:GLU:292:O	D:VAL:289:O	D:HOH:1851:O	D:HOH:1865:O
0	wb	D:GLU:292:O	D:TYR:353:OH	D:HOH:1851:O
0	hp	D:PHE:359:CE1	D:VAL:289:CG1
0	hp	D:ILE:293:CD1	D:PHE:359:CD1
0	hp	D:ILE:293:CB	D:PHE:382:CE1
0	hp	D:ILE:293:CG1	D:PHE:382:CE1
0	hp	D:ALA:287:CB	D:TRP:235:CZ3
0	hp	D:ALA:287:CB	D:TRP:235:CH2
0	hp	D:TRP:235:CE3	D:VAL:304:CG2
0	hp	D:TRP:235:CZ3	D:VAL:304:CG2
0	hp	D:LEU:284:CD2	D:VAL:304:CG2
0	hp	D:PHE:283:CB	D:PHE:311:CE1
0	hp	D:ILE:489:CD1	D:PRO:484:CB
0	hp	D:PHE:486:CD2	D:VAL:422:CG2
0	hp	D:PHE:486:CE2	D:VAL:422:CG2
0	hp	D:PHE:486:CZ	D:VAL:422:CG2
0	hp	D:LEU:298:CD1	D:LEU:354:CD2
0	hp	D:ILE:293:CG2	D:LEU:298:CD1
0	hp	D:ALA:350:CB	D:LEU:298:CG
0	hp	D:ILE:293:CG2	D:PHE:382:CE1
0	hp	D:ILE:293:CG2	D:PHE:382:CZ
0	hp	D:PHE:359:CE2	D:PHE:382:CD1
0	hp	D:PHE:359:CZ	D:PHE:382:CD1
0	hp	D:PHE:359:CE2	D:PHE:382:CB
0	hp	D:ILE:313:CG2	D:LEU:301:CD1
0	hp	D:ILE:313:CD1	D:VAL:304:CG1
0	hp	D:ILE:313:CD1	D:PHE:283:CZ
0	hp	D:PHE:283:CZ	D:PHE:311:CD1
0	hp	D:LEU:387:CB	D:PHE:283:CE2
0	hp	D:PHE:283:CD2	D:PHE:311:CD1
0	hp	D:PHE:283:CD2	D:PHE:311:CE1
0	hp	D:PHE:283:CE2	D:PHE:311:CD1
0	hp	D:PHE:283:CD1	D:PHE:311:CD1
0	hp	D:PHE:283:CG	D:PHE:311:CD1
0	hp	D:PHE:283:CG	D:PHE:311:CE1
0	hp	D:ILE:489:CG2	D:PHE:425:CE2
0	hp	D:ILE:489:CG2	D:PHE:425:CZ
0	hp	D:ILE:489:CD1	D:PRO:484:CG
0	hp	D:PHE:425:CB	D:PHE:486:CE1
0	hp	D:PHE:425:CG	D:PHE:486:CE1
0	hp	D:ALA:350:CB	D:LEU:298:CD2
0	hp	D:ALA:350:CB	D:VAL:379:CG2
0	hp	D:ALA:407:CB	D:TRP:423:CB
0	hp	D:ALA:407:CB	D:TRP:423:CG
0	hp	D:LEU:298:CD2	D:PHE:382:CD2
0	hp	D:LEU:298:CD2	D:PHE:382:CE2
0	hp	D:LEU:298:CD2	D:VAL:379:CB
0	hp	D:LEU:302:CD1	D:VAL:268:CG1
0	hp	D:ILE:314:CG2	D:VAL:268:CB
0	hp	D:ILE:314:CG2	D:VAL:268:CG2
0	hp	D:ALA:344:CB	D:PHE:493:CD1
0	hp	D:LEU:471:CD1	D:PHE:493:CZ
0	hp	D:LEU:471:CD1	D:PHE:493:CD2
0	hp	D:LEU:471:CD1	D:PHE:493:CE2
0	hp	D:LEU:429:CD2	D:PHE:493:CZ
0	hp	D:LEU:429:CD1	D:PHE:493:CZ
0	hp	D:ALA:344:CB	D:PHE:493:CE1
0	hp	D:PHE:425:CE2	D:PHE:493:CE2
0	hp	D:TRP:423:CZ3	D:TRP:476:CB
0	hp	D:PRO:408:CG	D:TRP:478:CE3
0	hp	D:ILE:347:CG2	D:PHE:425:CD1
0	hp	D:ILE:347:CG2	D:PHE:425:CE1
0	hp	D:LEU:364:CD2	D:PHE:425:CB
0	hp	D:PRO:408:CG	D:TRP:423:CH2
0	hp	D:PRO:408:CB	D:TRP:478:CZ3
0	hp	D:PRO:408:CG	D:TRP:478:CZ3
0	hp	D:PRO:408:CB	D:TRP:478:CH2
0	hp	D:ILE:347:CG1	D:VAL:377:CG1
0	hp	D:ILE:347:CG2	D:LEU:428:CD2
0	hp	D:LEU:364:CD1	D:LEU:428:CD2
0	hp	D:ALA:424:CB	D:LEU:364:CB
0	hp	D:ALA:380:CB	D:VAL:299:CG2
0	hp	D:LEU:370:CD2	D:VAL:299:CG2
0	hp	D:ALA:380:CB	D:LEU:370:CD2
0	hp	D:LEU:411:CD2	D:PHE:401:CG
0	hp	D:ILE:242:CG2	D:VAL:270:CG2
0	hp	D:PHE:497:CE1	D:VAL:338:CG2
0	hp	D:ALA:344:CB	D:LEU:429:CD2
0	hp	D:LEU:452:CD1	D:TRP:423:CZ2
0	hp	D:LEU:452:CD2	D:TRP:423:CZ2
0	hp	D:ILE:347:CD1	D:ILE:432:CD1
0	hp	D:ALA:366:CB	D:LEU:428:CD1
0	hp	D:ILE:403:CD1	D:LEU:411:CD2
0	hp	D:LEU:411:CD2	D:PHE:401:CB
0	hp	D:ILE:432:CG2	D:LEU:340:CD2
0	hp	D:PRO:439:CG	D:VAL:427:CG1
0	hp	D:LEU:323:CD1	D:VAL:371:CG2
0	hp	D:PRO:439:CG	D:TRP:405:CZ2
0	hp	D:PRO:439:CG	D:TRP:405:CH2
0	hp	D:ILE:403:CG2	D:VAL:448:CB
0	hp	D:LEU:248:CD1	D:PHE:317:CE1
0	hp	D:ALA:433:CB	D:PRO:461:CG
0	hp	D:ILE:443:CG2	D:LEU:451:CD1
