# total_frames:1 beg:0 end:0 stride:1 interaction_types:sb,pc,ps,ts,vdw,hb,lhb
# Columns: frame, interaction_type, atom_1, atom_2[, atom_3[, atom_4]]
0	sb	A:ARG:205:NH2	A:ASP:202:OD2
0	sb	A:ARG:255:NH1	A:ASP:274:OD2
0	sb	A:ARG:255:NH2	A:ASP:274:OD2
0	sb	A:ASP:358:OD2	A:HIS:380:ND1
0	sb	A:ASP:358:OD2	A:HIS:380:NE2
0	sb	A:GLU:211:OE1	A:LYS:271:NZ
0	sb	A:GLU:211:OE2	A:LYS:271:NZ
0	sb	A:ARG:232:NH1	A:GLU:221:OE2
0	sb	A:ARG:232:NH2	A:GLU:221:OE2
0	sb	A:GLU:260:OE2	A:LYS:258:NZ
0	sb	A:ARG:371:NH2	A:GLU:299:OE1
0	sb	A:ARG:371:NH1	A:GLU:299:OE2
0	sb	A:ARG:371:NH2	A:GLU:299:OE2
0	sb	A:GLU:302:OE1	A:HIS:366:NE2
0	sb	A:ARG:304:NH1	A:GLU:302:OE2
0	sb	A:ARG:304:NH2	A:GLU:302:OE2
0	sb	A:GLU:302:OE2	A:HIS:366:NE2
0	sb	A:GLU:336:OE1	A:LYS:339:NZ
0	sb	A:ARG:340:NH2	A:GLU:336:OE2
0	sb	A:ARG:343:NH1	A:GLU:345:OE1
0	pc	A:ARG:371:NH2	A:TRP:313:CG
0	pc	A:LYS:162:NZ	A:PHE:275:CG
0	pc	A:ARG:357:NH2	A:PHE:348:CG
0	pc	A:ARG:232:NH1	A:PHE:228:CG
0	pc	A:LYS:227:NZ	A:PHE:351:CG
0	vdw	A:ARG:189:N	A:TYR:246:OH
0	vdw	A:LEU:188:CA	A:TYR:246:OH
0	vdw	A:ARG:189:O	A:TYR:246:OH
0	vdw	A:CYS:247:C	A:VAL:252:N
0	vdw	A:CYS:247:O	A:VAL:252:N
0	vdw	A:ARG:189:CZ	A:ARG:195:NH2
0	vdw	A:ARG:189:NH2	A:ARG:195:NH2
0	vdw	A:GLU:183:OE1	A:TYR:199:OH
0	vdw	A:ARG:371:O	A:LYS:309:NZ
0	vdw	A:ARG:371:C	A:LYS:309:NZ
0	vdw	A:LEU:312:CG	A:PRO:372:O
0	vdw	A:LEU:312:CD1	A:PRO:372:O
0	vdw	A:LEU:312:CD2	A:PRO:372:O
0	vdw	A:LEU:374:CD1	A:SER:245:CB
0	vdw	A:HIS:248:CD2	A:LEU:374:CD1
0	vdw	A:LEU:244:CB	A:LEU:374:CD1
0	vdw	A:LYS:309:CD	A:PRO:368:O
0	vdw	A:LYS:309:CB	A:PRO:368:CB
0	vdw	A:GLU:299:CD	A:PRO:368:CG
0	vdw	A:GLU:299:OE2	A:PRO:368:CG
0	vdw	A:HIS:190:CD2	A:TYR:246:CB
0	vdw	A:HIS:190:CD2	A:TYR:246:CG
0	vdw	A:HIS:190:CD2	A:TYR:246:CD1
0	vdw	A:HIS:190:CG	A:TYR:246:CD1
0	vdw	A:HIS:190:CB	A:TYR:246:CD1
0	vdw	A:LEU:374:CD1	A:SER:245:N
0	vdw	A:LEU:374:CD1	A:SER:245:CA
0	vdw	A:GLU:308:CB	A:HIS:248:CD2
0	vdw	A:GLU:308:CG	A:HIS:248:CD2
0	vdw	A:GLU:308:CB	A:HIS:248:CE1
0	vdw	A:GLU:308:O	A:HIS:248:NE2
0	vdw	A:GLU:308:CB	A:HIS:248:NE2
0	vdw	A:GLU:308:CG	A:HIS:248:NE2
0	vdw	A:ASP:311:OD2	A:HIS:248:CE1
0	vdw	A:HIS:248:ND1	A:ILE:253:CG2
0	vdw	A:HIS:248:CE1	A:ILE:253:CB
0	vdw	A:HIS:248:CE1	A:ILE:253:CG2
0	vdw	A:GLU:308:CA	A:ILE:253:CG2
0	vdw	A:GLU:308:CB	A:ILE:253:CG2
0	vdw	A:ARG:189:C	A:TYR:246:CE1
0	vdw	A:ARG:189:O	A:TYR:246:CE1
0	vdw	A:ARG:189:O	A:TYR:246:CZ
0	vdw	A:ARG:189:O	A:TYR:246:CD1
0	vdw	A:ARG:189:N	A:TYR:246:CE1
0	vdw	A:ARG:189:N	A:TYR:246:CZ
0	vdw	A:HIS:190:CB	A:TYR:246:CE1
0	vdw	A:CYS:247:C	A:VAL:252:O
0	vdw	A:CYS:247:O	A:VAL:252:CA
0	vdw	A:CYS:247:O	A:VAL:252:O
0	vdw	A:CYS:247:O	A:VAL:252:CB
0	vdw	A:CYS:247:CB	A:VAL:252:O
0	vdw	A:CYS:247:SG	A:ILE:193:CD1
0	vdw	A:ASP:311:OD2	A:ILE:253:C
0	vdw	A:ARG:304:CA	A:GLU:299:O
0	vdw	A:ARG:304:CB	A:GLU:299:O
0	vdw	A:ARG:189:NE	A:ARG:195:NE
0	vdw	A:ARG:189:NE	A:ARG:195:CZ
0	vdw	A:LEU:196:CD2	A:VAL:182:O
0	vdw	A:TYR:199:CG	A:VAL:182:CG2
0	vdw	A:TYR:199:CD2	A:VAL:182:CG2
0	vdw	A:TYR:199:CE1	A:VAL:182:CG2
0	vdw	A:TYR:199:CE2	A:VAL:182:CG2
0	vdw	A:TYR:199:CZ	A:VAL:182:CG2
0	vdw	A:TYR:199:CB	A:TYR:207:O
0	vdw	A:PHE:275:CZ	A:VAL:182:CG1
0	vdw	A:TYR:199:C	A:TYR:207:O
0	vdw	A:ARG:179:NH1	A:HIS:201:ND1
0	vdw	A:LEU:378:O	A:THR:384:CG2
0	vdw	A:GLU:379:C	A:THR:384:CG2
0	vdw	A:GLU:379:O	A:THR:384:CG2
0	vdw	A:ILE:383:CG2	A:LEU:378:O
0	vdw	A:ALA:241:CB	A:LEU:378:CG
0	vdw	A:ALA:241:CB	A:LEU:378:CD2
0	vdw	A:ILE:383:CG1	A:VAL:377:O
0	vdw	A:LEU:378:CD2	A:THR:238:CG2
0	vdw	A:ILE:383:CB	A:VAL:377:O
0	vdw	A:LEU:378:CD2	A:THR:238:CA
0	vdw	A:LEU:312:CD2	A:VAL:377:CG2
0	vdw	A:ARG:362:O	A:PRO:372:CD
0	vdw	A:ARG:371:CG	A:LYS:365:CB
0	vdw	A:ASN:242:CB	A:HIS:190:CE1
0	vdw	A:ASN:242:OD1	A:LEU:378:CD1
0	vdw	A:LEU:312:CD2	A:LEU:374:CD2
0	vdw	A:LEU:315:CD2	A:LEU:374:CD2
0	vdw	A:LEU:312:CD2	A:LEU:363:CD2
0	vdw	A:ARG:371:NH2	A:HIS:366:O
0	vdw	A:ARG:371:CZ	A:GLU:299:OE2
0	vdw	A:ARG:371:NH1	A:GLU:299:OE2
0	vdw	A:ARG:371:NH2	A:GLU:299:OE2
0	vdw	A:ARG:371:NE	A:LYS:365:O
0	vdw	A:ARG:371:CZ	A:LYS:365:O
0	vdw	A:ARG:371:NH2	A:LYS:365:O
0	vdw	A:ARG:371:NH2	A:GLU:299:CD
0	vdw	A:ARG:371:NH2	A:GLU:299:OE1
0	vdw	A:ARG:371:CG	A:LEU:363:O
0	vdw	A:ARG:371:CD	A:LEU:363:O
0	vdw	A:ASN:192:CB	A:GLU:239:O
0	vdw	A:ASN:192:OD1	A:GLU:239:O
0	vdw	A:ASN:192:CA	A:LEU:270:O
0	vdw	A:ASN:192:CB	A:LEU:270:O
0	vdw	A:ASN:192:CG	A:GLU:239:O
0	vdw	A:ASN:192:OD1	A:GLU:239:CA
0	vdw	A:ASN:192:OD1	A:GLU:239:CB
0	vdw	A:ALA:243:CB	A:ILE:272:CD1
0	vdw	A:ASP:311:CG	A:HIS:254:N
0	vdw	A:ASP:311:CG	A:HIS:254:CA
0	vdw	A:ASP:311:OD2	A:HIS:254:N
0	vdw	A:ASP:311:OD2	A:HIS:254:CA
0	vdw	A:LEU:244:CD1	A:LEU:315:CD2
0	vdw	A:ASP:311:OD1	A:HIS:254:N
0	vdw	A:ASP:311:OD1	A:HIS:254:CA
0	vdw	A:ARG:371:NH1	A:LYS:309:C
0	vdw	A:ARG:371:NH1	A:LYS:309:O
0	vdw	A:ARG:255:O	A:ASP:311:OD1
0	vdw	A:MET:300:CG	A:VAL:310:CG2
0	vdw	A:MET:300:SD	A:VAL:310:CG2
0	vdw	A:PRO:297:CG	A:VAL:310:CG2
0	vdw	A:ARG:304:NH2	A:GLU:299:CA
0	vdw	A:LYS:271:NZ	A:PRO:191:C
0	vdw	A:ASN:192:C	A:LYS:271:CA
0	vdw	A:ASN:192:C	A:LYS:271:CG
0	vdw	A:ILE:193:CG2	A:ILE:272:O
0	vdw	A:ALA:243:CB	A:ILE:193:CG1
0	vdw	A:ASN:192:C	A:LEU:270:O
0	vdw	A:ILE:257:CG2	A:ILE:272:CD1
0	vdw	A:ARG:255:CA	A:ASP:274:OD2
0	vdw	A:ARG:255:CA	A:ASP:274:CG
0	vdw	A:ARG:255:C	A:ASP:274:OD1
0	vdw	A:ASP:311:OD1	A:HIS:254:C
0	vdw	A:ARG:255:N	A:ASP:311:OD1
0	vdw	A:HIS:254:ND1	A:MET:300:SD
0	vdw	A:HIS:254:NE2	A:MET:300:SD
0	vdw	A:ARG:304:N	A:GLU:299:O
0	vdw	A:ARG:304:O	A:GLU:299:O
0	vdw	A:ARG:195:N	A:GLU:211:OE1
0	vdw	A:ILE:272:O	A:LEU:194:N
0	vdw	A:ARG:255:CZ	A:ASP:274:OD2
0	vdw	A:ARG:255:NH1	A:ASP:274:OD2
0	vdw	A:ARG:255:NH2	A:ASP:274:OD2
0	vdw	A:ARG:255:NH2	A:ASP:274:CG
0	vdw	A:HIS:254:CE1	A:MET:300:SD
0	vdw	A:HIS:254:CE1	A:MET:300:CE
0	vdw	A:LEU:210:C	A:TYR:197:CE2
0	vdw	A:LEU:210:O	A:TYR:197:CE2
0	vdw	A:GLU:211:N	A:TYR:197:CE2
0	vdw	A:GLU:211:CA	A:TYR:197:CE2
0	vdw	A:GLU:211:CA	A:TYR:197:CZ
0	vdw	A:ILE:209:O	A:LEU:196:C
0	vdw	A:ILE:209:O	A:TYR:197:N
0	vdw	A:ILE:209:O	A:TYR:197:CA
0	vdw	A:ILE:209:O	A:TYR:197:CB
0	vdw	A:ILE:209:O	A:LEU:196:CA
0	vdw	A:ILE:209:O	A:LEU:196:CD1
0	vdw	A:ILE:209:CG2	A:TYR:197:CB
0	vdw	A:GLY:198:N	A:ILE:209:O
0	vdw	A:ARG:195:O	A:GLU:211:N
0	vdw	A:LEU:210:C	A:TYR:197:CD2
0	vdw	A:LEU:210:O	A:TYR:197:CD2
0	vdw	A:ARG:195:O	A:GLU:211:CB
0	vdw	A:LEU:196:CD1	A:LEU:208:CB
0	vdw	A:LEU:196:CD1	A:LEU:210:CD2
0	vdw	A:LEU:208:CD1	A:PHE:275:CD2
0	vdw	A:LEU:208:CD1	A:PHE:275:CE2
0	vdw	A:LEU:208:CD1	A:PHE:275:CZ
0	vdw	A:GLY:198:N	A:ILE:209:CB
0	vdw	A:GLY:198:C	A:ILE:209:CB
0	vdw	A:GLY:198:C	A:ILE:209:CG1
0	vdw	A:GLY:198:C	A:ILE:209:CD1
0	vdw	A:GLY:198:O	A:ILE:209:CA
0	vdw	A:GLY:198:O	A:ILE:209:CB
0	vdw	A:GLY:198:O	A:ILE:209:CG1
0	vdw	A:ILE:209:CG1	A:PHE:200:CE2
0	vdw	A:ILE:209:CD1	A:PHE:200:CD2
0	vdw	A:ILE:209:CD1	A:PHE:200:CE2
0	vdw	A:ILE:209:CG2	A:LEU:159:CD2
0	vdw	A:GLY:198:O	A:LEU:208:C
0	vdw	A:GLY:198:O	A:ILE:209:N
0	vdw	A:TYR:199:CA	A:TYR:207:O
0	vdw	A:LEU:208:N	A:LYS:162:O
0	vdw	A:LEU:208:CB	A:LYS:162:CB
0	vdw	A:LEU:208:CD1	A:LYS:162:CD
0	vdw	A:LEU:178:CD1	A:TRP:277:CZ2
0	vdw	A:LEU:178:CD1	A:TRP:277:CZ3
0	vdw	A:LEU:178:CD1	A:TRP:277:CH2
0	vdw	A:TRP:277:CZ2	A:VAL:174:CG2
0	vdw	A:TRP:277:CZ3	A:VAL:174:CG1
0	vdw	A:TRP:277:CZ3	A:VAL:174:CG2
0	vdw	A:TRP:277:CH2	A:VAL:174:CB
0	vdw	A:TRP:277:CH2	A:VAL:174:CG1
0	vdw	A:TRP:277:CH2	A:VAL:174:CG2
0	vdw	A:ASP:132:O	A:GLU:152:OE2
0	vdw	A:ILE:209:CD1	A:TRP:128:CG
0	vdw	A:ILE:209:CD1	A:TRP:128:CD1
0	vdw	A:PHE:200:CD2	A:TRP:128:CB
0	vdw	A:PHE:200:CE2	A:TRP:128:CB
0	vdw	A:PHE:200:CB	A:TRP:128:O
0	vdw	A:PHE:200:CG	A:TRP:128:O
0	vdw	A:ALA:129:CA	A:PHE:200:CD1
0	vdw	A:ALA:129:CA	A:PHE:200:CE1
0	vdw	A:ALA:129:C	A:PHE:200:CE1
0	vdw	A:ALA:129:C	A:PHE:200:CZ
0	vdw	A:PHE:200:CD1	A:TYR:207:CD1
0	vdw	A:PHE:200:CE1	A:TYR:207:CB
0	vdw	A:PHE:200:CE1	A:TYR:207:CG
0	vdw	A:PHE:200:CE1	A:TYR:207:CD1
0	vdw	A:PHE:200:CE2	A:TYR:207:CB
0	vdw	A:PHE:200:CZ	A:TYR:207:CB
0	vdw	A:PHE:200:CZ	A:TYR:207:CG
0	vdw	A:LEU:130:N	A:PHE:200:CE1
0	vdw	A:LEU:130:CA	A:PHE:200:CE1
0	vdw	A:LEU:130:N	A:PHE:200:CZ
0	vdw	A:PHE:133:CE1	A:PHE:200:CE2
0	vdw	A:PHE:133:CE1	A:PHE:200:CZ
0	vdw	A:PHE:200:CE1	A:TYR:207:CE1
0	vdw	A:PHE:200:N	A:TYR:207:O
0	vdw	A:PHE:200:O	A:TYR:207:N
0	vdw	A:PHE:200:O	A:TYR:207:CA
0	vdw	A:PHE:200:O	A:TYR:207:O
0	vdw	A:PHE:200:O	A:VAL:206:CA
0	vdw	A:PHE:200:O	A:VAL:206:C
0	vdw	A:PHE:200:O	A:TYR:207:CB
0	vdw	A:PHE:200:O	A:TYR:207:CD1
0	vdw	A:LYS:162:O	A:TYR:207:CA
0	vdw	A:LYS:162:O	A:TYR:207:C
0	vdw	A:LEU:164:O	A:VAL:206:N
0	vdw	A:LEU:169:CB	A:VAL:174:O
0	vdw	A:LEU:169:CG	A:VAL:174:O
0	vdw	A:LEU:169:C	A:VAL:174:O
0	vdw	A:LEU:169:O	A:VAL:174:N
0	vdw	A:LEU:169:O	A:VAL:174:O
0	vdw	A:GLU:170:CA	A:GLU:175:CD
0	vdw	A:ALA:203:O	A:LYS:166:CE
0	vdw	A:ALA:203:O	A:LYS:166:NZ
0	vdw	A:LYS:166:CE	A:THR:204:C
0	vdw	A:ARG:205:N	A:LYS:166:CE
0	vdw	A:ARG:205:C	A:LEU:164:O
0	vdw	A:LYS:166:CG	A:THR:204:O
0	vdw	A:GLU:170:N	A:GLU:175:OE1
0	vdw	A:GLU:170:CA	A:GLU:175:OE1
0	vdw	A:GLU:170:CB	A:GLU:175:OE1
0	vdw	A:GLU:170:CG	A:GLU:175:OE1
0	vdw	A:HIS:380:CD2	A:LEU:359:CB
0	vdw	A:HIS:380:NE2	A:LEU:359:CB
0	vdw	A:HIS:380:CG	A:LEU:359:CD1
0	vdw	A:HIS:380:CD2	A:LEU:359:CD1
0	vdw	A:GLY:355:O	A:HIS:380:NE2
0	vdw	A:ASP:358:CG	A:HIS:380:CE1
0	vdw	A:ASP:358:OD2	A:HIS:380:CE1
0	vdw	A:ALA:234:O	A:SER:387:CB
0	vdw	A:SER:387:CB	A:THR:238:OG1
0	vdw	A:ILE:383:CG1	A:LEU:359:CD2
0	vdw	A:ILE:383:CD1	A:LEU:359:CD2
0	vdw	A:ILE:237:CG2	A:ILE:383:CD1
0	vdw	A:GLY:316:CA	A:LEU:363:CD1
0	vdw	A:LEU:312:O	A:LEU:363:CB
0	vdw	A:GLY:316:CA	A:LEU:363:CB
0	vdw	A:LEU:312:O	A:LEU:363:CD2
0	vdw	A:LEU:364:CA	A:TRP:313:CE3
0	vdw	A:LEU:364:CA	A:TRP:313:CZ3
0	vdw	A:LEU:364:C	A:TRP:313:CZ3
0	vdw	A:LYS:365:N	A:TRP:313:CZ3
0	vdw	A:GLU:239:OE2	A:GLU:269:CA
0	vdw	A:GLU:239:OE2	A:LEU:270:N
0	vdw	A:ASN:192:CG	A:GLU:239:CB
0	vdw	A:ASN:192:ND2	A:GLU:239:CB
0	vdw	A:ASN:192:ND2	A:GLU:239:CG
0	vdw	A:GLU:239:CD	A:LEU:270:CB
0	vdw	A:LEU:364:CD2	A:TRP:313:O
0	vdw	A:GLY:316:CA	A:LEU:364:CD2
0	vdw	A:LEU:364:CD2	A:TRP:313:CD2
0	vdw	A:LEU:364:CD2	A:TRP:313:CE3
0	vdw	A:LEU:364:CB	A:TRP:313:CZ3
0	vdw	A:LEU:364:CD2	A:TRP:313:CZ3
0	vdw	A:PHE:329:CE2	A:TRP:313:CH2
0	vdw	A:PHE:329:CZ	A:TRP:313:CH2
0	vdw	A:PRO:298:CD	A:TRP:313:CD2
0	vdw	A:GLY:316:C	A:LEU:364:CD2
0	vdw	A:LEU:364:CD2	A:VAL:317:CG2
0	vdw	A:HIS:366:CB	A:VAL:344:CG2
0	vdw	A:HIS:366:CD2	A:SER:342:O
0	vdw	A:ASN:192:CG	A:LEU:270:O
0	vdw	A:ASN:192:ND2	A:LEU:270:O
0	vdw	A:LEU:240:CG	A:LEU:270:CD2
0	vdw	A:LEU:240:CD2	A:LEU:270:CD2
0	vdw	A:ASN:192:O	A:LEU:270:O
0	vdw	A:LEU:263:O	A:LEU:270:C
0	vdw	A:LEU:240:CD2	A:LEU:262:CD2
0	vdw	A:LEU:240:CD1	A:LEU:318:CD1
0	vdw	A:ILE:257:CG1	A:SER:314:CB
0	vdw	A:ILE:257:CD1	A:SER:314:CB
0	vdw	A:TRP:313:CD1	A:TYR:295:O
0	vdw	A:LEU:296:C	A:TRP:313:CD1
0	vdw	A:LEU:296:C	A:TRP:313:NE1
0	vdw	A:LEU:296:O	A:TRP:313:NE1
0	vdw	A:PRO:297:N	A:TRP:313:CD1
0	vdw	A:PRO:297:N	A:TRP:313:NE1
0	vdw	A:PRO:297:CA	A:TRP:313:CG
0	vdw	A:PRO:297:CA	A:TRP:313:CD1
0	vdw	A:PRO:297:CA	A:TRP:313:CE2
0	vdw	A:PRO:297:CA	A:TRP:313:NE1
0	vdw	A:PRO:297:CB	A:TRP:313:CB
0	vdw	A:PRO:297:CB	A:TRP:313:CG
0	vdw	A:PRO:297:CB	A:TRP:313:CD1
0	vdw	A:PRO:298:CD	A:TRP:313:CE2
0	vdw	A:ILE:341:CG2	A:LEU:296:O
0	vdw	A:ILE:301:CD1	A:LEU:296:O
0	vdw	A:ILE:341:CG2	A:PRO:298:CG
0	vdw	A:HIS:366:CD2	A:PRO:298:CB
0	vdw	A:PRO:298:CD	A:TRP:313:CZ2
0	vdw	A:GLU:302:CG	A:TYR:338:OH
0	vdw	A:GLU:302:OE1	A:SER:342:CB
0	vdw	A:LYS:271:CE	A:PRO:191:O
0	vdw	A:LYS:271:NZ	A:PRO:191:O
0	vdw	A:LYS:271:CG	A:PRO:191:O
0	vdw	A:GLU:211:OE2	A:LYS:271:CD
0	vdw	A:GLU:211:OE2	A:LYS:271:CE
0	vdw	A:GLU:211:CD	A:LYS:271:NZ
0	vdw	A:GLU:211:OE1	A:LYS:271:NZ
0	vdw	A:GLU:211:OE2	A:LYS:271:NZ
0	vdw	A:ASN:192:O	A:LYS:271:CA
0	vdw	A:ASN:192:O	A:LYS:271:C
0	vdw	A:ASN:192:O	A:ILE:272:N
0	vdw	A:ASN:192:O	A:ILE:272:CG1
0	vdw	A:ILE:272:O	A:LEU:194:CB
0	vdw	A:LEU:263:O	A:LYS:271:N
0	vdw	A:LEU:263:N	A:LYS:271:O
0	vdw	A:LEU:262:CA	A:LYS:271:O
0	vdw	A:LEU:262:C	A:LYS:271:O
0	vdw	A:ASP:256:N	A:ASP:274:CG
0	vdw	A:ASP:256:N	A:ASP:274:OD1
0	vdw	A:ASP:256:CA	A:ASP:274:OD1
0	vdw	A:ASP:256:C	A:ASP:274:OD1
0	vdw	A:ASP:256:O	A:ASP:274:OD1
0	vdw	A:ASN:261:CB	A:ASP:256:O
0	vdw	A:ASN:261:OD1	A:ASP:256:O
0	vdw	A:ILE:301:CG1	A:LEU:296:CB
0	vdw	A:ILE:301:CD1	A:LEU:296:CB
0	vdw	A:ILE:301:CG2	A:TYR:338:CD1
0	vdw	A:ILE:301:CG2	A:TYR:338:CE1
0	vdw	A:GLU:211:CB	A:LEU:194:CD1
0	vdw	A:GLU:211:CG	A:LEU:194:CD1
0	vdw	A:GLU:211:CD	A:LEU:194:CD1
0	vdw	A:GLU:211:O	A:LEU:194:CD1
0	vdw	A:LEU:194:CD2	A:LEU:263:CD1
0	vdw	A:0C4:2:C14	A:LEU:194:CD2
0	vdw	A:0C4:2:C15	A:LEU:194:CD2
0	vdw	A:ALA:273:N	A:ASN:261:O
0	vdw	A:ALA:273:CA	A:ASN:261:O
0	vdw	A:0C4:2:BR2	A:ALA:273:CB
0	vdw	A:ALA:273:CB	A:ASN:261:O
0	vdw	A:ALA:273:CB	A:LEU:263:CD1
0	vdw	A:ASP:256:CB	A:ASP:274:OD1
0	vdw	A:ASN:261:OD1	A:ASP:256:CB
0	vdw	A:LEU:159:CA	A:LEU:210:O
0	vdw	A:LEU:159:CB	A:LEU:210:O
0	vdw	A:LEU:159:CA	A:TYR:212:CB
0	vdw	A:ALA:150:O	A:ILE:158:C
0	vdw	A:ALA:160:N	A:LEU:210:O
0	vdw	A:ALA:160:O	A:LEU:210:N
0	vdw	A:ALA:160:O	A:LEU:210:CA
0	vdw	A:ALA:160:O	A:LEU:210:O
0	vdw	A:0C4:2:C15	A:GLU:211:O
0	vdw	A:GLY:276:N	A:LYS:162:NZ
0	vdw	A:GLY:276:CA	A:LYS:162:CE
0	vdw	A:GLY:276:CA	A:LYS:162:NZ
0	vdw	A:GLY:276:C	A:LYS:162:NZ
0	vdw	A:PHE:144:CE2	A:TRP:277:CG
0	vdw	A:GLU:152:O	A:PHE:157:N
0	vdw	A:ARG:151:CB	A:PHE:157:C
0	vdw	A:ASP:132:O	A:GLU:152:CA
0	vdw	A:ARG:151:CA	A:PHE:157:C
0	vdw	A:ARG:151:C	A:PHE:157:O
0	vdw	A:GLU:152:N	A:PHE:157:O
0	vdw	A:LEU:159:CD2	A:PHE:133:CE2
0	vdw	A:ARG:151:CA	A:PHE:157:O
0	vdw	A:ARG:151:CB	A:PHE:157:O
0	vdw	A:LEU:161:CA	A:LEU:208:O
0	vdw	A:ALA:160:C	A:TYR:148:O
0	vdw	A:ALA:160:O	A:LEU:210:CB
0	vdw	A:LEU:208:O	A:LYS:162:N
0	vdw	A:LYS:162:O	A:VAL:206:O
0	vdw	A:LEU:164:CD2	A:PHE:144:CB
0	vdw	A:LYS:162:CG	A:VAL:147:CG2
0	vdw	A:PHE:144:CD2	A:TRP:277:CB
0	vdw	A:PHE:144:CD2	A:TRP:277:CE3
0	vdw	A:PHE:144:CE2	A:TRP:277:CB
0	vdw	A:PHE:144:CE2	A:TRP:277:CE3
0	vdw	A:LEU:169:CD1	A:PHE:144:CG
0	vdw	A:ALA:172:CB	A:PHE:144:CZ
0	vdw	A:ASP:132:O	A:GLU:152:C
0	vdw	A:ASP:132:O	A:LYS:153:N
0	vdw	A:ASP:132:O	A:LYS:153:CB
0	vdw	A:ASP:132:C	A:LYS:153:CG
0	vdw	A:ASP:132:O	A:LYS:153:CG
0	vdw	A:ARG:151:O	A:PHE:133:CA
0	vdw	A:ARG:151:O	A:PHE:133:C
0	vdw	A:ARG:151:O	A:GLU:134:N
0	vdw	A:LEU:130:CD1	A:LEU:161:CD2
0	vdw	A:VAL:163:CA	A:VAL:206:O
0	vdw	A:TYR:207:CD2	A:VAL:163:CG2
0	vdw	A:ASN:146:O	A:VAL:163:N
0	vdw	A:ASN:146:O	A:VAL:163:CA
0	vdw	A:VAL:163:C	A:VAL:206:O
0	vdw	A:LEU:164:N	A:VAL:206:O
0	vdw	A:LEU:164:CA	A:VAL:206:O
0	vdw	A:LEU:164:CB	A:VAL:206:O
0	vdw	A:ARG:205:CA	A:LEU:164:O
0	vdw	A:ARG:205:CB	A:LEU:164:O
0	vdw	A:LEU:164:CA	A:PHE:144:O
0	vdw	A:LEU:164:C	A:PHE:144:O
0	vdw	A:PHE:144:O	A:PHE:165:N
0	vdw	A:LEU:169:CD1	A:PHE:144:CB
0	vdw	A:LEU:169:CD1	A:PHE:144:CD1
0	vdw	A:GLN:168:CB	A:PHE:144:CD1
0	vdw	A:GLN:168:O	A:PHE:144:CE1
0	vdw	A:ALA:172:CB	A:PHE:144:CE1
0	vdw	A:GLU:131:O	A:LYS:153:CD
0	vdw	A:GLU:131:O	A:LYS:153:CE
0	vdw	A:LEU:130:CD1	A:TYR:207:CE2
0	vdw	A:ARG:205:NH1	A:LEU:130:CD2
0	vdw	A:ASP:202:CG	A:TYR:207:CE1
0	vdw	A:ASP:202:CG	A:TYR:207:OH
0	vdw	A:ASP:202:OD2	A:TYR:207:OH
0	vdw	A:ARG:205:CD	A:VAL:163:CG1
0	vdw	A:PHE:165:O	A:THR:204:C
0	vdw	A:PHE:165:CA	A:THR:204:O
0	vdw	A:PHE:165:C	A:THR:204:O
0	vdw	A:PHE:165:O	A:THR:204:O
0	vdw	A:ASN:386:O	A:GLN:231:O
0	vdw	A:ASN:386:CB	A:GLU:230:O
0	vdw	A:ASN:386:CA	A:GLN:231:OE1
0	vdw	A:ASN:386:CB	A:GLN:231:OE1
0	vdw	A:ASN:386:CG	A:GLN:231:OE1
0	vdw	A:ASN:386:O	A:GLN:231:CA
0	vdw	A:ASN:386:CB	A:GLU:230:C
0	vdw	A:GLY:355:C	A:TRP:382:CB
0	vdw	A:GLY:355:O	A:TRP:382:CB
0	vdw	A:GLY:355:C	A:TRP:382:CG
0	vdw	A:ALA:356:N	A:TRP:382:CG
0	vdw	A:GLY:355:C	A:TRP:382:CD1
0	vdw	A:ALA:356:N	A:TRP:382:CD1
0	vdw	A:GLU:230:OE2	A:TRP:382:CE2
0	vdw	A:GLU:230:OE2	A:TRP:382:NE1
0	vdw	A:GLU:230:CB	A:TRP:382:CZ2
0	vdw	A:GLU:230:CD	A:TRP:382:CZ2
0	vdw	A:GLU:230:OE2	A:TRP:382:CZ2
0	vdw	A:THR:353:CG2	A:TRP:382:CD1
0	vdw	A:THR:353:CG2	A:TRP:382:CE2
0	vdw	A:THR:353:CG2	A:TRP:382:NE1
0	vdw	A:GLY:355:CA	A:TRP:382:CB
0	vdw	A:GLY:355:CA	A:TRP:382:CG
0	vdw	A:GLY:355:CA	A:TRP:382:CD1
0	vdw	A:SER:388:N	A:THR:235:OG1
0	vdw	A:SER:388:CA	A:THR:235:OG1
0	vdw	A:SER:388:CB	A:THR:235:OG1
0	vdw	A:SER:388:OG	A:THR:235:OG1
0	vdw	A:ALA:234:CB	A:TRP:382:CZ3
0	vdw	A:CYS:319:SG	A:THR:233:CG2
0	vdw	A:PHE:322:CD2	A:THR:233:CG2
0	vdw	A:LEU:323:CD2	A:THR:233:CG2
0	vdw	A:PHE:322:CB	A:THR:233:CG2
0	vdw	A:ILE:360:CG2	A:PHE:346:CE1
0	vdw	A:GLY:316:O	A:ILE:360:CG2
0	vdw	A:ILE:360:CD1	A:PHE:348:CE1
0	vdw	A:PHE:322:CE2	A:TYR:236:CB
0	vdw	A:LEU:270:CD1	A:TYR:236:CB
0	vdw	A:LEU:270:CD1	A:TYR:236:CG
0	vdw	A:GLU:239:OE1	A:LEU:270:CB
0	vdw	A:PHE:228:CE2	A:TYR:236:CD2
0	vdw	A:ILE:237:CD1	A:PHE:322:CE2
0	vdw	A:PHE:329:CE2	A:TRP:313:CZ2
0	vdw	A:PHE:329:CZ	A:TRP:313:CZ2
0	vdw	A:ARG:340:O	A:PHE:329:CE1
0	vdw	A:ARG:340:C	A:GLU:345:N
0	vdw	A:ARG:340:O	A:GLU:345:N
0	vdw	A:ARG:340:C	A:PHE:329:CD1
0	vdw	A:ARG:340:O	A:PHE:329:CD1
0	vdw	A:GLU:269:O	A:LEU:264:CA
0	vdw	A:GLU:269:O	A:LEU:264:C
0	vdw	A:LEU:263:O	A:LEU:270:CA
0	vdw	A:LEU:262:CD1	A:LEU:318:CD1
0	vdw	A:ILE:257:O	A:LEU:262:CD1
0	vdw	A:ILE:257:O	A:LEU:318:CG
0	vdw	A:ILE:257:O	A:LEU:318:CD1
0	vdw	A:ILE:257:O	A:LEU:318:CD2
0	vdw	A:LEU:318:CD2	A:PRO:259:CG
0	vdw	A:LEU:318:CD2	A:PRO:259:CD
0	vdw	A:TYR:295:CD1	A:VAL:317:CG1
0	vdw	A:ASP:294:O	A:VAL:317:CG1
0	vdw	A:GLU:321:OE1	A:TYR:295:CE1
0	vdw	A:PRO:328:CD	A:VAL:317:CG1
0	vdw	A:PRO:259:CD	A:TYR:295:CE1
0	vdw	A:ILE:341:CG1	A:PHE:329:CD2
0	vdw	A:ILE:301:CD1	A:ILE:341:CG2
0	vdw	A:ILE:301:CD1	A:ILE:341:CD1
0	vdw	A:ILE:341:CG1	A:PHE:329:CB
0	vdw	A:ILE:341:CG1	A:PHE:329:CG
0	vdw	A:ILE:341:N	A:PHE:329:CD1
0	vdw	A:ILE:341:CA	A:PHE:329:CD1
0	vdw	A:ALA:213:C	A:LEU:264:O
0	vdw	A:ALA:213:CB	A:LEU:264:O
0	vdw	A:LEU:215:CD1	A:LEU:264:C
0	vdw	A:LEU:215:CA	A:LEU:264:O
0	vdw	A:LEU:215:CB	A:LEU:264:O
0	vdw	A:LEU:215:CG	A:LEU:264:O
0	vdw	A:LEU:215:CD1	A:LEU:264:O
0	vdw	A:GLY:265:N	A:LEU:215:CD1
0	vdw	A:GLY:265:CA	A:LEU:215:CD1
0	vdw	A:GLY:265:C	A:LEU:215:CD1
0	vdw	A:GLY:265:O	A:LEU:215:CG
0	vdw	A:GLY:265:O	A:LEU:215:CD1
0	vdw	A:GLY:216:O	A:LEU:264:CA
0	vdw	A:LEU:215:N	A:LEU:264:O
0	vdw	A:GLY:216:O	A:LEU:263:CA
0	vdw	A:GLY:216:O	A:LEU:263:C
0	vdw	A:GLY:216:O	A:LEU:264:N
0	vdw	A:LEU:262:C	A:VAL:218:CG2
0	vdw	A:LEU:262:O	A:VAL:218:CG2
0	vdw	A:LEU:262:CB	A:VAL:218:CG2
0	vdw	A:ILE:257:O	A:LEU:262:CG
0	vdw	A:LEU:262:O	A:VAL:218:N
0	vdw	A:LEU:262:O	A:THR:217:CA
0	vdw	A:LYS:258:CB	A:TYR:295:CG
0	vdw	A:LYS:258:CB	A:TYR:295:CD2
0	vdw	A:LYS:258:CB	A:TYR:295:CE2
0	vdw	A:LYS:258:CB	A:TYR:295:CZ
0	vdw	A:LYS:258:CB	A:TYR:295:CD1
0	vdw	A:LYS:258:CB	A:TYR:295:CE1
0	vdw	A:LYS:258:CD	A:TYR:295:CD2
0	vdw	A:LYS:258:CD	A:TYR:295:CE2
0	vdw	A:ILE:341:CD1	A:LEU:293:O
0	vdw	A:LEU:293:CD2	A:TYR:334:CD1
0	vdw	A:0C4:2:N01	A:ALA:213:C
0	vdw	A:0C4:2:N01	A:ALA:213:O
0	vdw	A:0C4:2:N03	A:ALA:213:N
0	vdw	A:0C4:2:C12	A:ALA:213:O
0	vdw	A:ALA:213:CB	A:LEU:263:CB
0	vdw	A:0C4:2:N01	A:TYR:212:CE1
0	vdw	A:0C4:2:C08	A:ALA:213:O
0	vdw	A:0C4:2:C09	A:ALA:213:O
0	vdw	A:0C4:2:BR2	A:LEU:263:CG
0	vdw	A:0C4:2:BR2	A:LEU:263:CD1
0	vdw	A:0C4:2:C21	A:LEU:263:CD2
0	vdw	A:0C4:2:C13	A:LEU:263:CD1
0	vdw	A:0C4:2:C14	A:LEU:263:CD1
0	vdw	A:0C4:2:C15	A:LEU:263:CD1
0	vdw	A:0C4:2:N02	A:LEU:263:CD2
0	vdw	A:GLY:216:C	A:LEU:263:CD2
0	vdw	A:LEU:263:CD2	A:THR:217:CG2
0	vdw	A:GLY:216:O	A:LEU:263:CB
0	vdw	A:GLY:216:O	A:LEU:263:CD2
0	vdw	A:0C4:2:C20	A:GLU:260:O
0	vdw	A:0C4:2:C20	A:VAL:279:CG2
0	vdw	A:0C4:2:C21	A:VAL:279:CG2
0	vdw	A:0C4:2:C20	A:THR:217:CG2
0	vdw	A:0C4:2:C20	A:VAL:279:O
0	vdw	A:ARG:151:NH1	A:ILE:158:CG1
0	vdw	A:ILE:158:CG2	A:TYR:212:CD2
0	vdw	A:ALA:150:O	A:ILE:158:CA
0	vdw	A:ALA:150:O	A:ILE:158:CG2
0	vdw	A:ALA:150:O	A:LEU:159:N
0	vdw	A:ILE:158:CG2	A:LEU:149:CD1
0	vdw	A:LEU:139:CD1	A:TYR:212:CE1
0	vdw	A:LEU:159:C	A:TYR:212:CB
0	vdw	A:0C4:2:C15	A:ALA:160:CB
0	vdw	A:ALA:150:N	A:LEU:159:O
0	vdw	A:ALA:160:CA	A:TYR:148:O
0	vdw	A:0C4:2:C12	A:LEU:139:CD1
0	vdw	A:0C4:2:C08	A:TYR:212:CE1
0	vdw	A:0C4:2:C16	A:VAL:279:CG2
0	vdw	A:GLY:142:CA	A:VAL:279:CA
0	vdw	A:LYS:141:O	A:VAL:279:CA
0	vdw	A:GLY:142:CA	A:SER:278:O
0	vdw	A:ARG:151:CD	A:LYS:156:CA
0	vdw	A:ARG:151:CD	A:LYS:156:C
0	vdw	A:ARG:151:CD	A:LYS:156:O
0	vdw	A:ARG:151:NH1	A:LYS:156:O
0	vdw	A:ARG:151:CG	A:GLU:134:CB
0	vdw	A:ARG:151:CB	A:ILE:158:CA
0	vdw	A:ARG:151:CZ	A:ILE:158:CD1
0	vdw	A:ARG:151:NH1	A:ILE:158:CD1
0	vdw	A:ALA:150:CA	A:GLU:134:O
0	vdw	A:ALA:150:C	A:GLU:134:O
0	vdw	A:ARG:151:N	A:GLU:134:O
0	vdw	A:ALA:150:CA	A:LEU:159:O
0	vdw	A:ALA:150:C	A:LEU:159:O
0	vdw	A:ALA:150:O	A:LEU:159:C
0	vdw	A:ALA:150:O	A:LEU:159:O
0	vdw	A:LEU:161:N	A:TYR:148:O
0	vdw	A:ARG:137:O	A:TYR:148:C
0	vdw	A:GLY:136:CA	A:LEU:149:O
0	vdw	A:GLY:136:N	A:LEU:149:C
0	vdw	A:GLY:136:N	A:LEU:149:O
0	vdw	A:ILE:135:C	A:LEU:149:O
0	vdw	A:LEU:161:O	A:VAL:147:CA
0	vdw	A:LEU:161:O	A:VAL:147:C
0	vdw	A:LEU:161:O	A:TYR:148:N
0	vdw	A:VAL:147:CG2	A:VAL:279:CG1
0	vdw	A:ASN:146:O	A:VAL:163:CB
0	vdw	A:GLY:140:O	A:VAL:147:N
0	vdw	A:VAL:147:CG2	A:VAL:279:CG2
0	vdw	A:ARG:137:O	A:TYR:148:CA
0	vdw	A:GLY:145:O	A:VAL:279:CG1
0	vdw	A:GLY:142:CA	A:VAL:279:CG1
0	vdw	A:GLY:145:C	A:VAL:163:O
0	vdw	A:ASN:146:CA	A:GLY:140:O
0	vdw	A:ASN:146:C	A:GLY:140:O
0	vdw	A:LYS:141:C	A:VAL:279:CG1
0	vdw	A:GLY:142:N	A:VAL:279:CG1
0	vdw	A:GLU:134:CG	A:LYS:153:NZ
0	vdw	A:ALA:150:CB	A:GLU:134:O
0	vdw	A:ILE:135:CA	A:LEU:149:O
0	vdw	A:TYR:148:CD2	A:VAL:163:CG2
0	vdw	A:GLY:145:CA	A:VAL:163:O
0	vdw	A:ASN:146:N	A:VAL:163:O
0	vdw	A:PHE:144:O	A:PHE:165:CB
0	vdw	A:PHE:144:O	A:PHE:165:CG
0	vdw	A:LYS:153:CE	A:PHE:133:C
0	vdw	A:LYS:153:CE	A:PHE:133:O
0	vdw	A:ARG:357:NH1	A:VAL:352:O
0	vdw	A:ASN:386:ND2	A:GLN:231:OE1
0	vdw	A:GLU:230:OE2	A:THR:353:CG2
0	vdw	A:ARG:357:NE	A:PHE:348:CB
0	vdw	A:ARG:357:CG	A:PHE:348:CG
0	vdw	A:ARG:357:CD	A:VAL:352:O
0	vdw	A:ARG:357:NE	A:VAL:352:O
0	vdw	A:ARG:357:CZ	A:VAL:352:O
0	vdw	A:ARG:357:CG	A:PHE:348:CD2
0	vdw	A:ARG:357:CG	A:PHE:348:CE2
0	vdw	A:ARG:357:CG	A:PHE:348:CZ
0	vdw	A:ARG:357:NH2	A:VAL:352:O
0	vdw	A:LEU:323:CD2	A:THR:233:CB
0	vdw	A:LEU:323:CD2	A:THR:233:OG1
0	vdw	A:PHE:228:CB	A:THR:233:OG1
0	vdw	A:PHE:322:CB	A:THR:233:OG1
0	vdw	A:PHE:348:CD1	A:TYR:320:CE1
0	vdw	A:THR:347:O	A:TYR:320:CE1
0	vdw	A:PHE:346:CB	A:PRO:328:CB
0	vdw	A:PHE:346:CD1	A:PRO:328:CB
0	vdw	A:THR:347:O	A:TYR:320:OH
0	vdw	A:ARG:232:CZ	A:GLU:221:OE2
0	vdw	A:PHE:228:CB	A:PHE:322:O
0	vdw	A:LYS:227:C	A:PHE:322:O
0	vdw	A:PHE:228:N	A:PHE:322:O
0	vdw	A:PHE:228:CA	A:PHE:322:O
0	vdw	A:GLU:321:CA	A:LYS:326:O
0	vdw	A:PRO:328:CD	A:TYR:320:CG
0	vdw	A:PRO:327:C	A:TYR:320:CD2
0	vdw	A:PRO:328:CD	A:TYR:320:CD2
0	vdw	A:PRO:327:C	A:TYR:320:CE2
0	vdw	A:PRO:328:CB	A:TYR:320:CG
0	vdw	A:PRO:328:N	A:TYR:320:CD2
0	vdw	A:PRO:328:CA	A:TYR:320:CD2
0	vdw	A:PRO:328:CB	A:TYR:320:CD2
0	vdw	A:PRO:328:N	A:TYR:320:CE2
0	vdw	A:PRO:328:CA	A:TYR:320:CE2
0	vdw	A:PRO:328:CA	A:TYR:320:CZ
0	vdw	A:LYS:326:O	A:TYR:320:CD2
0	vdw	A:LYS:326:O	A:TYR:320:CE2
0	vdw	A:THR:347:O	A:TYR:320:CZ
0	vdw	A:ARG:340:CB	A:PHE:329:CD1
0	vdw	A:GLU:345:O	A:PHE:329:CD1
0	vdw	A:ARG:340:CB	A:GLU:345:O
0	vdw	A:GLU:221:CD	A:TYR:236:OH
0	vdw	A:GLU:221:OE1	A:TYR:236:OH
0	vdw	A:LEU:264:CD2	A:TYR:236:OH
0	vdw	A:GLU:221:CD	A:PHE:228:CZ
0	vdw	A:GLU:221:OE1	A:PHE:228:CZ
0	vdw	A:PHE:228:CE2	A:TYR:236:CE2
0	vdw	A:GLU:221:OE1	A:LEU:264:CD1
0	vdw	A:PHE:228:CD2	A:TYR:236:CE2
0	vdw	A:ARG:232:NH1	A:GLU:221:OE2
0	vdw	A:PHE:228:CE2	A:VAL:218:CG1
0	vdw	A:PHE:228:CZ	A:VAL:218:CG1
0	vdw	A:GLU:221:CG	A:PHE:228:CZ
0	vdw	A:GLU:321:OE1	A:PRO:259:CG
0	vdw	A:GLU:321:CG	A:LEU:222:CD2
0	vdw	A:GLU:321:CD	A:LEU:222:CD2
0	vdw	A:GLU:321:OE2	A:LEU:222:CD2
0	vdw	A:GLU:321:CD	A:TYR:295:OH
0	vdw	A:GLU:321:OE1	A:TYR:295:CZ
0	vdw	A:GLU:321:OE1	A:TYR:295:OH
0	vdw	A:GLU:321:OE2	A:TYR:295:OH
0	vdw	A:GLU:321:CG	A:LYS:326:C
0	vdw	A:ASP:294:OD1	A:PRO:327:CG
0	vdw	A:ASP:294:OD1	A:GLU:330:N
0	vdw	A:ASP:294:OD1	A:GLU:330:CA
0	vdw	A:PHE:329:O	A:THR:337:CG2
0	vdw	A:LEU:293:CD1	A:THR:337:CG2
0	vdw	A:LEU:215:CB	A:LEU:264:CB
0	vdw	A:GLY:216:O	A:LEU:264:CB
0	vdw	A:PRO:259:O	A:TYR:219:N
0	vdw	A:PRO:259:CD	A:TYR:295:CZ
0	vdw	A:PRO:259:CD	A:TYR:295:OH
0	vdw	A:ALA:331:CB	A:THR:337:OG1
0	vdw	A:0C4:2:C08	A:GLY:216:CA
0	vdw	A:0C4:2:C08	A:LEU:139:CD2
0	vdw	A:0C4:2:C08	A:TYR:212:OH
0	vdw	A:0C4:2:C07	A:ARG:137:NH2
0	vdw	A:0C4:2:C05	A:GLY:216:CA
0	vdw	A:0C4:2:C06	A:GLY:216:CA
0	vdw	A:0C4:2:C09	A:GLY:216:CA
0	vdw	A:0C4:2:C10	A:GLY:216:CA
0	vdw	A:0C4:2:C19	A:THR:217:CG2
0	vdw	A:LEU:289:C	A:TYR:334:OH
0	vdw	A:CYS:290:N	A:TYR:334:OH
0	vdw	A:CYS:290:CA	A:TYR:334:OH
0	vdw	A:CYS:290:CA	A:TYR:334:CZ
0	vdw	A:THR:292:OG1	A:TYR:334:CE1
0	vdw	A:CYS:290:CB	A:TYR:334:OH
0	vdw	A:LEU:139:CG	A:LEU:149:N
0	vdw	A:LEU:139:CA	A:VAL:147:O
0	vdw	A:LEU:139:CB	A:VAL:147:O
0	vdw	A:GLY:140:N	A:VAL:147:O
0	vdw	A:ALA:281:CB	A:LEU:139:O
0	vdw	A:0C4:2:C18	A:GLY:140:CA
0	vdw	A:0C4:2:C19	A:VAL:279:O
0	vdw	A:GLY:140:CA	A:HIS:280:C
0	vdw	A:GLY:140:CA	A:HIS:280:O
0	vdw	A:GLY:140:C	A:HIS:280:O
0	vdw	A:HIS:280:O	A:LYS:141:N
0	vdw	A:HIS:280:N	A:LYS:141:O
0	vdw	A:HIS:280:CD2	A:LYS:141:O
0	vdw	A:HIS:280:NE2	A:LYS:141:O
0	vdw	A:ARG:137:O	A:LEU:149:N
0	vdw	A:ARG:137:O	A:LEU:149:CB
0	vdw	A:PRO:138:CA	A:VAL:147:O
0	vdw	A:PRO:138:C	A:VAL:147:O
0	vdw	A:LEU:139:N	A:VAL:147:O
0	vdw	A:GLY:140:O	A:VAL:147:O
0	vdw	A:PRO:138:N	A:TYR:148:CD1
0	vdw	A:PRO:138:CA	A:TYR:148:CD1
0	vdw	A:PRO:138:CB	A:TYR:148:CD1
0	vdw	A:PRO:138:CB	A:TYR:148:CE1
0	vdw	A:ASN:146:CB	A:GLY:140:O
0	vdw	A:ASN:146:OD1	A:LYS:141:CA
0	vdw	A:ASN:146:OD1	A:LYS:141:CB
0	vdw	A:ASN:146:CG	A:LYS:141:CG
0	vdw	A:ASN:146:OD1	A:LYS:141:CG
0	vdw	A:ARG:357:NH2	A:PRO:349:O
0	vdw	A:LEU:323:O	A:PHE:351:CE2
0	vdw	A:LEU:323:O	A:PHE:351:CZ
0	vdw	A:LEU:323:O	A:LYS:227:CD
0	vdw	A:PRO:349:CD	A:VAL:324:CG2
0	vdw	A:PRO:349:CG	A:VAL:324:CG1
0	vdw	A:ARG:232:NH1	A:LEU:225:CD1
0	vdw	A:LEU:222:CD1	A:LYS:227:CA
0	vdw	A:LEU:323:O	A:LYS:227:CB
0	vdw	A:GLY:325:CA	A:SER:226:O
0	vdw	A:GLU:221:CG	A:PHE:228:CE1
0	vdw	A:ALA:331:CB	A:GLU:336:CG
0	vdw	A:0C4:2:O25	A:ARG:220:NH1
0	vdw	A:0C4:2:O25	A:ARG:220:CZ
0	vdw	A:0C4:2:O25	A:ARG:220:NH2
0	vdw	A:0C4:2:O26	A:ALA:281:CB
0	vdw	A:0C4:2:O25	A:ARG:137:NH2
0	vdw	A:GLN:223:NE2	A:SER:284:OG
0	vdw	A:GLN:223:OE1	A:SER:284:OG
0	hbss	A:ARG:126:NE	A:ARG:126:NH1
0	hbss	A:ARG:126:NE	A:ARG:126:NH2
0	hbss	A:ARG:126:NH1	A:ARG:126:NH2
0	hbss	A:GLN:127:NE2	A:GLN:127:OE1
0	hbss	A:ARG:137:NE	A:ARG:137:NH1
0	hbss	A:ARG:137:NE	A:ARG:137:NH2
0	hbss	A:ARG:137:NH1	A:ARG:137:NH2
0	hbss	A:ASN:146:ND2	A:ASN:146:OD1
0	hbss	A:ASN:146:ND2	A:TYR:148:OH
0	hbss	A:ARG:151:NE	A:ARG:151:NH1
0	hbss	A:ARG:151:NE	A:ARG:151:NH2
0	hbss	A:ARG:151:NH1	A:ARG:151:NH2
0	hbss	A:GLN:154:NE2	A:GLN:154:OE1
0	hbss	A:GLU:152:OE1	A:SER:155:OG
0	hbss	A:GLN:168:NE2	A:GLN:168:OE1
0	hbss	A:HIS:176:ND1	A:HIS:176:NE2
0	hbss	A:GLN:177:NE2	A:GLN:177:OE1
0	hbss	A:ARG:179:NE	A:ARG:179:NH1
0	hbss	A:ARG:179:NE	A:ARG:179:NH2
0	hbss	A:ARG:179:NH1	A:ARG:179:NH2
0	hbss	A:ARG:180:NE	A:ARG:180:NH1
0	hbss	A:ARG:180:NE	A:ARG:180:NH2
0	hbss	A:ARG:180:NH1	A:ARG:180:NH2
0	hbss	A:GLN:185:NE2	A:GLN:185:OE1
0	hbss	A:HIS:187:ND1	A:HIS:187:NE2
0	hbss	A:ARG:189:NE	A:ARG:189:NH1
0	hbss	A:ARG:189:NE	A:ARG:189:NH2
0	hbss	A:ARG:189:NE	A:ARG:195:NE
0	hbss	A:ARG:189:NH1	A:ARG:189:NH2
0	hbss	A:HIS:190:ND1	A:HIS:190:NE2
0	hbss	A:ASN:192:ND2	A:ASN:192:OD1
0	hbss	A:ARG:195:NE	A:ARG:195:NH1
0	hbss	A:ARG:195:NE	A:ARG:195:NH2
0	hbss	A:ARG:195:NH1	A:ARG:195:NH2
0	hbss	A:GLU:183:OE1	A:TYR:199:OH
0	hbss	A:HIS:201:ND1	A:HIS:201:NE2
0	hbss	A:ARG:205:NE	A:ARG:205:NH1
0	hbss	A:ARG:205:NE	A:ARG:205:NH2
0	hbss	A:ARG:205:NE	A:TYR:207:OH
0	hbss	A:ARG:205:NH1	A:ARG:205:NH2
0	hbss	A:ARG:205:NH1	A:TYR:207:OH
0	hbss	A:ARG:205:NH2	A:TYR:207:OH
0	hbss	A:ASP:202:OD2	A:TYR:207:OH
0	hbss	A:GLN:223:OE1	A:TYR:219:OH
0	hbss	A:ARG:220:NE	A:ARG:220:NH1
0	hbss	A:ARG:220:NE	A:ARG:220:NH2
0	hbss	A:ARG:220:NH1	A:ARG:220:NH2
0	hbss	A:GLN:223:NE2	A:GLN:223:OE1
0	hbss	A:GLN:223:NE2	A:SER:284:OG
0	hbss	A:GLN:231:NE2	A:GLN:231:OE1
0	hbss	A:ARG:232:NE	A:ARG:232:NH1
0	hbss	A:ARG:232:NE	A:ARG:232:NH2
0	hbss	A:ARG:232:NE	A:TYR:236:OH
0	hbss	A:ARG:232:NH1	A:GLU:221:OE2
0	hbss	A:ARG:232:NH1	A:ARG:232:NH2
0	hbss	A:SER:388:OG	A:THR:235:OG1
0	hbss	A:GLU:221:OE1	A:TYR:236:OH
0	hbss	A:ASN:242:ND2	A:ASN:242:OD1
0	hbss	A:HIS:248:ND1	A:HIS:248:NE2
0	hbss	A:ARG:251:NE	A:ARG:251:NH1
0	hbss	A:ARG:251:NE	A:ARG:251:NH2
0	hbss	A:ARG:251:NH1	A:ARG:251:NH2
0	hbss	A:HIS:254:ND1	A:HIS:254:NE2
0	hbss	A:ARG:255:NE	A:ARG:255:NH1
0	hbss	A:ARG:255:NE	A:ARG:255:NH2
0	hbss	A:ARG:255:NH1	A:ARG:255:NH2
0	hbss	A:ARG:255:NH1	A:ASP:274:OD2
0	hbss	A:ARG:255:NH2	A:ASP:274:OD2
0	hbss	A:GLU:260:OE2	A:LYS:258:NZ
0	hbss	A:ASN:261:ND2	A:ASN:261:OD1
0	hbss	A:GLU:269:OE1	A:SER:266:OG
0	hbss	A:GLU:269:OE2	A:SER:266:OG
0	hbss	A:GLU:211:OE1	A:LYS:271:NZ
0	hbss	A:GLU:211:OE2	A:LYS:271:NZ
0	hbss	A:ASP:274:OD1	A:ASP:274:OD2
0	hbss	A:HIS:280:ND1	A:HIS:280:NE2
0	hbss	A:SER:283:OG	A:SER:284:OG
0	hbss	A:GLN:223:OE1	A:SER:284:OG
0	hbss	A:ARG:285:NE	A:ARG:285:NH1
0	hbss	A:ARG:285:NE	A:ARG:285:NH2
0	hbss	A:ARG:285:NH1	A:ARG:285:NH2
0	hbss	A:ARG:286:NE	A:ARG:286:NH1
0	hbss	A:ARG:286:NE	A:ARG:286:NH2
0	hbss	A:ARG:286:NH1	A:ARG:286:NH2
0	hbss	A:GLU:321:OE1	A:TYR:295:OH
0	hbss	A:GLU:321:OE2	A:TYR:295:OH
0	hbss	A:ARG:304:NE	A:ARG:304:NH1
0	hbss	A:ARG:304:NE	A:ARG:304:NH2
0	hbss	A:ARG:304:NH1	A:GLU:302:OE2
0	hbss	A:ARG:304:NH1	A:ARG:304:NH2
0	hbss	A:ARG:304:NH2	A:GLU:302:OE2
0	hbss	A:HIS:306:ND1	A:HIS:306:NE2
0	hbss	A:ASN:332:ND2	A:ASN:332:OD1
0	hbss	A:GLN:335:NE2	A:GLN:335:OE1
0	hbss	A:GLN:335:NE2	A:LYS:339:NZ
0	hbss	A:GLU:336:OE1	A:LYS:339:NZ
0	hbss	A:ARG:340:NE	A:GLU:336:OE2
0	hbss	A:ARG:340:NE	A:ARG:340:NH1
0	hbss	A:ARG:340:NE	A:ARG:340:NH2
0	hbss	A:ARG:340:NH1	A:ARG:340:NH2
0	hbss	A:ARG:343:NE	A:ARG:343:NH1
0	hbss	A:ARG:343:NE	A:ARG:343:NH2
0	hbss	A:ARG:343:NH1	A:ARG:343:NH2
0	hbss	A:ARG:343:NH1	A:GLU:345:OE1
0	hbss	A:ARG:357:NE	A:ARG:357:NH1
0	hbss	A:ARG:357:NE	A:ARG:357:NH2
0	hbss	A:ARG:357:NH1	A:ARG:357:NH2
0	hbss	A:ARG:362:NE	A:ASP:358:OD1
0	hbss	A:ARG:362:NE	A:ASP:358:OD2
0	hbss	A:ARG:362:NE	A:ARG:362:NH1
0	hbss	A:ARG:362:NE	A:ARG:362:NH2
0	hbss	A:ARG:362:NH1	A:ARG:362:NH2
0	hbss	A:HIS:366:ND1	A:HIS:366:NE2
0	hbss	A:ASN:367:ND2	A:ASN:367:OD1
0	hbss	A:ASN:367:OD1	A:SER:369:OG
0	hbss	A:GLN:370:NE2	A:GLN:370:OE1
0	hbss	A:ARG:371:NE	A:ARG:371:NH1
0	hbss	A:ARG:371:NE	A:ARG:371:NH2
0	hbss	A:ARG:371:NH1	A:GLU:299:OE2
0	hbss	A:ARG:371:NH1	A:ARG:371:NH2
0	hbss	A:ARG:371:NH2	A:GLU:299:OE1
0	hbss	A:ARG:371:NH2	A:GLU:299:OE2
0	hbss	A:ARG:375:NE	A:ARG:375:NH1
0	hbss	A:ARG:375:NE	A:ARG:375:NH2
0	hbss	A:ARG:375:NH1	A:ARG:375:NH2
0	hbss	A:HIS:380:ND1	A:HIS:380:NE2
0	hbss	A:GLU:230:OE2	A:TRP:382:NE1
0	hbss	A:ASN:386:ND2	A:GLN:231:OE1
0	hbss	A:ASN:386:ND2	A:ASN:386:OD1
0	hbsb	A:ALA:129:N	A:ASP:132:OD2
0	hbsb	A:ASP:132:N	A:ASP:132:OD2
0	hbsb	A:ASN:146:N	A:ASN:146:OD1
0	hbsb	A:ARG:151:NH1	A:LYS:156:O
0	hbsb	A:GLU:152:OE2	A:LYS:153:N
0	hbsb	A:GLN:154:N	A:GLU:152:OE1
0	hbsb	A:GLN:154:N	A:GLU:152:OE2
0	hbsb	A:GLU:152:OE1	A:SER:155:N
0	hbsb	A:SER:155:N	A:SER:155:OG
0	hbsb	A:LYS:156:N	A:SER:155:OG
0	hbsb	A:GLY:276:N	A:LYS:162:NZ
0	hbsb	A:ALA:203:O	A:LYS:166:NZ
0	hbsb	A:GLU:175:N	A:GLU:175:OE2
0	hbsb	A:GLN:177:NE2	A:GLU:175:N
0	hbsb	A:GLN:177:OE1	A:GLU:175:N
0	hbsb	A:HIS:176:N	A:HIS:176:ND1
0	hbsb	A:GLN:177:OE1	A:HIS:176:N
0	hbsb	A:GLN:177:N	A:HIS:176:ND1
0	hbsb	A:GLN:177:N	A:GLN:177:NE2
0	hbsb	A:GLN:177:N	A:GLN:177:OE1
0	hbsb	A:GLN:177:NE2	A:GLU:175:O
0	hbsb	A:GLN:177:NE2	A:LEU:178:N
0	hbsb	A:SER:186:O	A:SER:186:OG
0	hbsb	A:HIS:187:N	A:HIS:187:ND1
0	hbsb	A:ARG:189:N	A:TYR:246:OH
0	hbsb	A:ARG:189:O	A:TYR:246:OH
0	hbsb	A:ASN:192:N	A:HIS:190:ND1
0	hbsb	A:ASN:192:N	A:ASN:192:ND2
0	hbsb	A:ASN:192:ND2	A:LEU:270:O
0	hbsb	A:ARG:195:N	A:GLU:211:OE1
0	hbsb	A:HIS:201:N	A:HIS:201:ND1
0	hbsb	A:ASP:202:N	A:ASP:202:OD1
0	hbsb	A:ALA:203:N	A:ASP:202:OD1
0	hbsb	A:ASP:202:OD1	A:THR:204:N
0	hbsb	A:THR:204:N	A:THR:204:OG1
0	hbsb	A:THR:204:O	A:THR:204:OG1
0	hbsb	A:ARG:205:N	A:THR:204:OG1
0	hbsb	A:ARG:205:N	A:ASP:202:OD1
0	hbsb	A:THR:217:N	A:THR:217:OG1
0	hbsb	A:THR:217:O	A:THR:217:OG1
0	hbsb	A:ARG:220:N	A:THR:217:OG1
0	hbsb	A:SER:226:N	A:SER:226:OG
0	hbsb	A:ASP:229:OD2	A:GLU:230:N
0	hbsb	A:ASP:229:OD2	A:GLN:231:N
0	hbsb	A:GLN:231:N	A:GLN:231:NE2
0	hbsb	A:GLN:231:N	A:GLN:231:OE1
0	hbsb	A:ARG:232:N	A:ASP:229:OD2
0	hbsb	A:THR:233:N	A:THR:233:OG1
0	hbsb	A:ASP:229:O	A:THR:233:OG1
0	hbsb	A:THR:235:N	A:THR:235:OG1
0	hbsb	A:GLN:231:O	A:THR:235:OG1
0	hbsb	A:SER:388:N	A:THR:235:OG1
0	hbsb	A:THR:238:N	A:THR:238:OG1
0	hbsb	A:ALA:234:O	A:THR:238:OG1
0	hbsb	A:ASN:242:ND2	A:THR:238:O
0	hbsb	A:SER:245:O	A:SER:245:OG
0	hbsb	A:HIS:248:N	A:HIS:248:ND1
0	hbsb	A:GLU:308:O	A:HIS:248:NE2
0	hbsb	A:SER:249:N	A:SER:249:OG
0	hbsb	A:SER:245:O	A:SER:249:OG
0	hbsb	A:SER:249:OG	A:TYR:246:O
0	hbsb	A:LYS:250:N	A:SER:249:OG
0	hbsb	A:ASP:311:OD2	A:HIS:254:N
0	hbsb	A:ARG:255:N	A:ARG:255:NE
0	hbsb	A:ARG:255:N	A:ASP:311:OD1
0	hbsb	A:ARG:255:NE	A:ILE:253:O
0	hbsb	A:ASP:256:N	A:ASP:274:OD1
0	hbsb	A:GLU:260:N	A:GLU:260:OE2
0	hbsb	A:ASN:261:N	A:ASN:261:ND2
0	hbsb	A:SER:266:N	A:SER:266:OG
0	hbsb	A:GLU:269:OE1	A:SER:266:N
0	hbsb	A:GLU:269:OE2	A:SER:266:N
0	hbsb	A:ALA:267:N	A:SER:266:OG
0	hbsb	A:ALA:267:N	A:GLU:269:OE1
0	hbsb	A:GLU:269:N	A:GLU:269:OE1
0	hbsb	A:GLU:239:OE2	A:LEU:270:N
0	hbsb	A:LYS:271:NZ	A:PRO:191:O
0	hbsb	A:ASP:256:O	A:ASP:274:OD1
0	hbsb	A:ASP:274:OD2	A:PHE:275:N
0	hbsb	A:SER:278:N	A:SER:278:OG
0	hbsb	A:HIS:280:N	A:HIS:280:ND1
0	hbsb	A:SER:283:N	A:SER:283:OG
0	hbsb	A:ALA:281:O	A:SER:283:OG
0	hbsb	A:SER:283:O	A:SER:283:OG
0	hbsb	A:SER:283:OG	A:SER:284:N
0	hbsb	A:SER:284:N	A:SER:284:OG
0	hbsb	A:ARG:285:N	A:SER:284:OG
0	hbsb	A:ASP:287:OD1	A:THR:288:N
0	hbsb	A:THR:288:N	A:THR:288:OG1
0	hbsb	A:LEU:289:N	A:THR:288:OG1
0	hbsb	A:CYS:290:N	A:TYR:334:OH
0	hbsb	A:THR:292:N	A:THR:292:OG1
0	hbsb	A:LEU:293:N	A:THR:292:OG1
0	hbsb	A:ASP:294:N	A:ASP:294:OD2
0	hbsb	A:GLU:299:N	A:GLU:299:OE1
0	hbsb	A:HIS:306:N	A:HIS:306:ND1
0	hbsb	A:ASP:307:N	A:ASP:307:OD1
0	hbsb	A:ASP:307:OD1	A:LYS:309:N
0	hbsb	A:ARG:371:O	A:LYS:309:NZ
0	hbsb	A:ASP:311:N	A:ASP:311:OD1
0	hbsb	A:LEU:296:O	A:TRP:313:NE1
0	hbsb	A:SER:314:N	A:SER:314:OG
0	hbsb	A:THR:347:O	A:TYR:320:OH
0	hbsb	A:ASP:294:OD1	A:GLU:330:N
0	hbsb	A:ASN:332:N	A:ASN:332:ND2
0	hbsb	A:ASN:332:N	A:ASN:332:OD1
0	hbsb	A:THR:333:N	A:THR:333:OG1
0	hbsb	A:THR:333:O	A:THR:333:OG1
0	hbsb	A:THR:337:N	A:THR:337:OG1
0	hbsb	A:THR:333:O	A:THR:337:OG1
0	hbsb	A:SER:342:N	A:SER:342:OG
0	hbsb	A:SER:342:OG	A:TYR:338:O
0	hbsb	A:LYS:339:O	A:SER:342:OG
0	hbsb	A:ARG:343:N	A:SER:342:OG
0	hbsb	A:THR:347:N	A:THR:347:OG1
0	hbsb	A:THR:347:O	A:THR:347:OG1
0	hbsb	A:PHE:348:N	A:THR:347:OG1
0	hbsb	A:ASP:350:N	A:ASP:350:OD1
0	hbsb	A:GLU:354:N	A:THR:353:OG1
0	hbsb	A:ARG:357:NE	A:VAL:352:O
0	hbsb	A:ARG:357:NH1	A:VAL:352:O
0	hbsb	A:ARG:357:NH2	A:PRO:349:O
0	hbsb	A:ARG:357:NH2	A:VAL:352:O
0	hbsb	A:SER:361:N	A:SER:361:OG
0	hbsb	A:ARG:357:O	A:SER:361:OG
0	hbsb	A:SER:369:N	A:SER:369:OG
0	hbsb	A:GLN:370:N	A:SER:369:OG
0	hbsb	A:ARG:371:NE	A:LYS:365:O
0	hbsb	A:ARG:371:NH1	A:LYS:309:O
0	hbsb	A:ARG:371:NH2	A:LYS:365:O
0	hbsb	A:ARG:371:NH2	A:HIS:366:O
0	hbsb	A:GLY:355:O	A:HIS:380:NE2
0	hbsb	A:THR:384:N	A:THR:384:OG1
0	hbsb	A:HIS:380:O	A:THR:384:OG1
0	hbsb	A:PRO:381:O	A:THR:384:OG1
0	hbsb	A:ALA:385:N	A:THR:384:OG1
0	hbsb	A:ASN:386:N	A:ASN:386:OD1
0	hbsb	A:SER:387:N	A:SER:387:OG
0	hbsb	A:ILE:383:O	A:SER:387:OG
0	hbsb	A:SER:387:O	A:SER:387:OG
0	hbsb	A:LYS:389:O	A:SER:387:OG
0	hbsb	A:SER:388:N	A:SER:388:OG
0	hbbb	A:ARG:126:N	A:ARG:126:O
0	hbbb	A:ARG:126:N	A:GLN:127:N
0	hbbb	A:ARG:126:O	A:GLN:127:N
0	hbbb	A:GLN:127:N	A:GLN:127:O
0	hbbb	A:GLN:127:N	A:TRP:128:N
0	hbbb	A:GLN:127:O	A:TRP:128:N
0	hbbb	A:TRP:128:N	A:TRP:128:O
0	hbbb	A:ALA:129:N	A:TRP:128:O
0	hbbb	A:ALA:129:N	A:ALA:129:O
0	hbbb	A:ALA:129:O	A:LEU:130:N
0	hbbb	A:GLU:131:N	A:LEU:130:N
0	hbbb	A:ALA:129:O	A:GLU:131:N
0	hbbb	A:GLU:131:N	A:LEU:130:O
0	hbbb	A:ASP:132:N	A:GLU:131:N
0	hbbb	A:ALA:129:O	A:ASP:132:N
0	hbbb	A:ASP:132:N	A:LEU:130:O
0	hbbb	A:ASP:132:N	A:GLU:131:O
0	hbbb	A:ASP:132:N	A:PHE:133:N
0	hbbb	A:LEU:130:O	A:PHE:133:N
0	hbbb	A:GLU:131:O	A:PHE:133:N
0	hbbb	A:ASP:132:O	A:PHE:133:N
0	hbbb	A:PHE:133:N	A:PHE:133:O
0	hbbb	A:GLU:134:N	A:PHE:133:O
0	hbbb	A:GLU:134:N	A:GLU:134:O
0	hbbb	A:ARG:151:O	A:GLU:134:N
0	hbbb	A:GLU:134:O	A:ILE:135:N
0	hbbb	A:ILE:135:N	A:ILE:135:O
0	hbbb	A:GLY:136:N	A:ILE:135:N
0	hbbb	A:GLY:136:N	A:ILE:135:O
0	hbbb	A:GLY:136:N	A:GLY:136:O
0	hbbb	A:GLY:136:N	A:LEU:149:O
0	hbbb	A:ARG:137:N	A:GLY:136:O
0	hbbb	A:ARG:137:N	A:ARG:137:O
0	hbbb	A:LEU:139:N	A:PRO:138:O
0	hbbb	A:LEU:139:N	A:LEU:139:O
0	hbbb	A:GLY:140:N	A:LEU:139:N
0	hbbb	A:LEU:139:N	A:VAL:147:O
0	hbbb	A:GLY:140:N	A:LEU:139:O
0	hbbb	A:GLY:140:N	A:GLY:140:O
0	hbbb	A:GLY:140:N	A:VAL:147:O
0	hbbb	A:GLY:140:O	A:LYS:141:N
0	hbbb	A:LYS:141:N	A:LYS:141:O
0	hbbb	A:GLY:142:N	A:LYS:141:N
0	hbbb	A:HIS:280:O	A:LYS:141:N
0	hbbb	A:GLY:142:N	A:LYS:141:O
0	hbbb	A:GLY:142:N	A:GLY:142:O
0	hbbb	A:GLY:142:N	A:GLY:145:O
0	hbbb	A:GLY:142:O	A:LYS:143:N
0	hbbb	A:LYS:143:N	A:PHE:144:N
0	hbbb	A:LYS:143:O	A:PHE:144:N
0	hbbb	A:GLY:145:N	A:PHE:144:N
0	hbbb	A:GLY:145:N	A:PHE:144:O
0	hbbb	A:GLY:145:N	A:GLY:145:O
0	hbbb	A:ASN:146:N	A:GLY:145:O
0	hbbb	A:ASN:146:N	A:ASN:146:O
0	hbbb	A:ASN:146:N	A:VAL:163:O
0	hbbb	A:GLY:140:O	A:VAL:147:N
0	hbbb	A:ASN:146:O	A:VAL:147:N
0	hbbb	A:VAL:147:N	A:VAL:147:O
0	hbbb	A:TYR:148:N	A:VAL:147:N
0	hbbb	A:TYR:148:N	A:VAL:147:O
0	hbbb	A:TYR:148:N	A:TYR:148:O
0	hbbb	A:LEU:161:O	A:TYR:148:N
0	hbbb	A:ARG:137:O	A:LEU:149:N
0	hbbb	A:LEU:149:N	A:TYR:148:O
0	hbbb	A:LEU:149:N	A:LEU:149:O
0	hbbb	A:ALA:150:N	A:LEU:149:O
0	hbbb	A:ALA:150:N	A:ALA:150:O
0	hbbb	A:ALA:150:N	A:LEU:159:O
0	hbbb	A:ARG:151:N	A:GLU:134:O
0	hbbb	A:ALA:150:O	A:ARG:151:N
0	hbbb	A:ARG:151:N	A:ARG:151:O
0	hbbb	A:ARG:151:O	A:GLU:152:N
0	hbbb	A:GLU:152:N	A:GLU:152:O
0	hbbb	A:GLU:152:N	A:PHE:157:O
0	hbbb	A:ASP:132:O	A:LYS:153:N
0	hbbb	A:ARG:151:O	A:LYS:153:N
0	hbbb	A:GLU:152:O	A:LYS:153:N
0	hbbb	A:GLN:154:N	A:LYS:153:N
0	hbbb	A:GLN:154:N	A:LYS:153:O
0	hbbb	A:GLN:154:N	A:GLN:154:O
0	hbbb	A:GLN:154:N	A:SER:155:N
0	hbbb	A:GLN:154:O	A:SER:155:N
0	hbbb	A:LYS:156:N	A:SER:155:N
0	hbbb	A:GLU:152:O	A:LYS:156:N
0	hbbb	A:GLN:154:O	A:LYS:156:N
0	hbbb	A:LYS:156:N	A:SER:155:O
0	hbbb	A:LYS:156:N	A:PHE:157:N
0	hbbb	A:PHE:157:N	A:SER:155:O
0	hbbb	A:LYS:156:O	A:PHE:157:N
0	hbbb	A:PHE:157:N	A:PHE:157:O
0	hbbb	A:ILE:158:N	A:PHE:157:N
0	hbbb	A:ILE:158:N	A:PHE:157:O
0	hbbb	A:ILE:158:N	A:ILE:158:O
0	hbbb	A:ALA:150:O	A:LEU:159:N
0	hbbb	A:ILE:158:O	A:LEU:159:N
0	hbbb	A:LEU:159:N	A:LEU:159:O
0	hbbb	A:ALA:160:N	A:LEU:159:O
0	hbbb	A:ALA:160:N	A:ALA:160:O
0	hbbb	A:ALA:160:N	A:LEU:210:O
0	hbbb	A:LEU:161:N	A:TYR:148:O
0	hbbb	A:ALA:160:O	A:LEU:161:N
0	hbbb	A:LEU:161:N	A:LEU:161:O
0	hbbb	A:LEU:161:N	A:LYS:162:N
0	hbbb	A:LEU:161:O	A:LYS:162:N
0	hbbb	A:LYS:162:N	A:LYS:162:O
0	hbbb	A:LYS:162:N	A:VAL:163:N
0	hbbb	A:LEU:208:O	A:LYS:162:N
0	hbbb	A:ASN:146:O	A:VAL:163:N
0	hbbb	A:LYS:162:O	A:VAL:163:N
0	hbbb	A:VAL:163:N	A:VAL:163:O
0	hbbb	A:LEU:164:N	A:VAL:163:N
0	hbbb	A:LEU:164:N	A:VAL:163:O
0	hbbb	A:LEU:164:N	A:LEU:164:O
0	hbbb	A:LEU:164:N	A:PHE:165:N
0	hbbb	A:LEU:164:N	A:VAL:206:O
0	hbbb	A:PHE:144:O	A:PHE:165:N
0	hbbb	A:LEU:164:O	A:PHE:165:N
0	hbbb	A:LYS:166:N	A:PHE:165:N
0	hbbb	A:LEU:164:O	A:LYS:166:N
0	hbbb	A:LYS:166:N	A:PHE:165:O
0	hbbb	A:ALA:167:N	A:LYS:166:N
0	hbbb	A:ALA:167:N	A:PHE:165:O
0	hbbb	A:ALA:167:N	A:LYS:166:O
0	hbbb	A:ALA:167:N	A:ALA:167:O
0	hbbb	A:ALA:167:N	A:GLN:168:N
0	hbbb	A:ALA:167:O	A:GLN:168:N
0	hbbb	A:GLN:168:N	A:LEU:169:N
0	hbbb	A:LEU:169:N	A:LYS:166:O
0	hbbb	A:GLN:168:O	A:LEU:169:N
0	hbbb	A:GLU:170:N	A:LEU:169:N
0	hbbb	A:GLU:170:N	A:LYS:166:O
0	hbbb	A:GLU:170:N	A:LEU:169:O
0	hbbb	A:GLU:170:N	A:GLU:170:O
0	hbbb	A:GLU:170:N	A:LYS:171:N
0	hbbb	A:LEU:169:O	A:LYS:171:N
0	hbbb	A:GLU:170:O	A:LYS:171:N
0	hbbb	A:LYS:171:N	A:LYS:171:O
0	hbbb	A:ALA:172:N	A:LYS:171:N
0	hbbb	A:ALA:172:N	A:GLN:168:O
0	hbbb	A:ALA:172:N	A:LEU:169:O
0	hbbb	A:ALA:172:N	A:GLU:170:O
0	hbbb	A:ALA:172:N	A:LYS:171:O
0	hbbb	A:ALA:172:N	A:GLY:173:N
0	hbbb	A:GLY:173:N	A:LEU:169:O
0	hbbb	A:GLU:170:O	A:GLY:173:N
0	hbbb	A:GLY:173:N	A:LYS:171:O
0	hbbb	A:ALA:172:O	A:GLY:173:N
0	hbbb	A:GLY:173:N	A:VAL:174:N
0	hbbb	A:LEU:169:O	A:VAL:174:N
0	hbbb	A:ALA:172:O	A:VAL:174:N
0	hbbb	A:GLY:173:O	A:VAL:174:N
0	hbbb	A:VAL:174:N	A:VAL:174:O
0	hbbb	A:GLU:175:N	A:VAL:174:N
0	hbbb	A:GLU:175:N	A:VAL:174:O
0	hbbb	A:GLU:175:N	A:GLU:175:O
0	hbbb	A:GLU:175:N	A:HIS:176:N
0	hbbb	A:GLU:175:O	A:HIS:176:N
0	hbbb	A:GLN:177:N	A:HIS:176:N
0	hbbb	A:GLN:177:N	A:GLU:175:O
0	hbbb	A:GLN:177:N	A:HIS:176:O
0	hbbb	A:GLN:177:N	A:LEU:178:N
0	hbbb	A:GLU:175:O	A:LEU:178:N
0	hbbb	A:HIS:176:O	A:LEU:178:N
0	hbbb	A:GLN:177:O	A:LEU:178:N
0	hbbb	A:LEU:178:N	A:LEU:178:O
0	hbbb	A:ARG:179:N	A:LEU:178:N
0	hbbb	A:ARG:179:N	A:GLU:175:O
0	hbbb	A:ARG:179:N	A:HIS:176:O
0	hbbb	A:ARG:179:N	A:LEU:178:O
0	hbbb	A:ARG:179:N	A:ARG:180:N
0	hbbb	A:ARG:180:N	A:HIS:176:O
0	hbbb	A:ARG:180:N	A:LEU:178:O
0	hbbb	A:ARG:179:O	A:ARG:180:N
0	hbbb	A:ARG:180:N	A:GLU:181:N
0	hbbb	A:GLU:181:N	A:LEU:178:O
0	hbbb	A:ARG:180:O	A:GLU:181:N
0	hbbb	A:GLU:181:N	A:GLU:181:O
0	hbbb	A:GLU:181:N	A:VAL:182:N
0	hbbb	A:LEU:178:O	A:VAL:182:N
0	hbbb	A:ARG:180:O	A:VAL:182:N
0	hbbb	A:GLU:181:O	A:VAL:182:N
0	hbbb	A:GLU:183:N	A:VAL:182:N
0	hbbb	A:ARG:180:O	A:GLU:183:N
0	hbbb	A:GLU:181:O	A:GLU:183:N
0	hbbb	A:GLU:183:N	A:VAL:182:O
0	hbbb	A:GLU:183:N	A:ILE:184:N
0	hbbb	A:ARG:180:O	A:ILE:184:N
0	hbbb	A:GLU:181:O	A:ILE:184:N
0	hbbb	A:GLU:183:O	A:ILE:184:N
0	hbbb	A:GLN:185:N	A:ILE:184:N
0	hbbb	A:GLN:185:N	A:GLU:181:O
0	hbbb	A:GLN:185:N	A:GLU:183:O
0	hbbb	A:GLN:185:N	A:ILE:184:O
0	hbbb	A:GLN:185:N	A:SER:186:N
0	hbbb	A:SER:186:N	A:VAL:182:O
0	hbbb	A:GLU:183:O	A:SER:186:N
0	hbbb	A:GLN:185:O	A:SER:186:N
0	hbbb	A:HIS:187:N	A:SER:186:N
0	hbbb	A:GLU:183:O	A:HIS:187:N
0	hbbb	A:GLN:185:O	A:HIS:187:N
0	hbbb	A:HIS:187:N	A:SER:186:O
0	hbbb	A:HIS:187:N	A:LEU:188:N
0	hbbb	A:GLN:185:O	A:LEU:188:N
0	hbbb	A:HIS:187:O	A:LEU:188:N
0	hbbb	A:LEU:188:N	A:LEU:188:O
0	hbbb	A:ARG:189:N	A:LEU:188:N
0	hbbb	A:ARG:189:N	A:LEU:188:O
0	hbbb	A:ARG:189:N	A:ARG:189:O
0	hbbb	A:ARG:189:N	A:HIS:190:N
0	hbbb	A:ARG:189:O	A:HIS:190:N
0	hbbb	A:HIS:190:N	A:HIS:190:O
0	hbbb	A:ASN:192:N	A:HIS:190:O
0	hbbb	A:ASN:192:N	A:PRO:191:N
0	hbbb	A:ASN:192:N	A:PRO:191:O
0	hbbb	A:ASN:192:N	A:ILE:193:N
0	hbbb	A:HIS:190:O	A:ILE:193:N
0	hbbb	A:ASN:192:O	A:ILE:193:N
0	hbbb	A:ILE:193:N	A:ILE:193:O
0	hbbb	A:ILE:193:O	A:LEU:194:N
0	hbbb	A:LEU:194:N	A:LEU:194:O
0	hbbb	A:ARG:195:N	A:LEU:194:N
0	hbbb	A:ILE:272:O	A:LEU:194:N
0	hbbb	A:ARG:195:N	A:ILE:193:O
0	hbbb	A:ARG:195:N	A:LEU:194:O
0	hbbb	A:ARG:195:N	A:ARG:195:O
0	hbbb	A:ARG:195:O	A:LEU:196:N
0	hbbb	A:LEU:196:N	A:LEU:196:O
0	hbbb	A:LEU:196:N	A:TYR:197:N
0	hbbb	A:LEU:196:O	A:TYR:197:N
0	hbbb	A:TYR:197:N	A:TYR:197:O
0	hbbb	A:GLY:198:N	A:TYR:197:N
0	hbbb	A:ILE:209:O	A:TYR:197:N
0	hbbb	A:GLY:198:N	A:TYR:197:O
0	hbbb	A:GLY:198:N	A:GLY:198:O
0	hbbb	A:GLY:198:N	A:ILE:209:O
0	hbbb	A:GLY:198:O	A:TYR:199:N
0	hbbb	A:TYR:199:N	A:TYR:199:O
0	hbbb	A:PHE:200:N	A:TYR:199:O
0	hbbb	A:PHE:200:N	A:PHE:200:O
0	hbbb	A:PHE:200:N	A:TYR:207:O
0	hbbb	A:HIS:201:N	A:PHE:200:O
0	hbbb	A:HIS:201:N	A:HIS:201:O
0	hbbb	A:ASP:202:N	A:HIS:201:O
0	hbbb	A:ASP:202:N	A:ASP:202:O
0	hbbb	A:ALA:203:N	A:ASP:202:N
0	hbbb	A:ARG:205:O	A:ASP:202:N
0	hbbb	A:ALA:203:N	A:ASP:202:O
0	hbbb	A:ALA:203:N	A:ALA:203:O
0	hbbb	A:ALA:203:N	A:THR:204:N
0	hbbb	A:ALA:203:O	A:THR:204:N
0	hbbb	A:ARG:205:N	A:THR:204:N
0	hbbb	A:ARG:205:N	A:THR:204:O
0	hbbb	A:ARG:205:N	A:ARG:205:O
0	hbbb	A:LEU:164:O	A:VAL:206:N
0	hbbb	A:ARG:205:O	A:VAL:206:N
0	hbbb	A:VAL:206:N	A:VAL:206:O
0	hbbb	A:PHE:200:O	A:TYR:207:N
0	hbbb	A:TYR:207:N	A:VAL:206:O
0	hbbb	A:TYR:207:N	A:TYR:207:O
0	hbbb	A:LEU:208:N	A:TYR:207:N
0	hbbb	A:LEU:208:N	A:LYS:162:O
0	hbbb	A:LEU:208:N	A:TYR:207:O
0	hbbb	A:LEU:208:N	A:LEU:208:O
0	hbbb	A:ILE:209:N	A:LEU:208:N
0	hbbb	A:GLY:198:O	A:ILE:209:N
0	hbbb	A:ILE:209:N	A:LEU:208:O
0	hbbb	A:ILE:209:N	A:ILE:209:O
0	hbbb	A:ILE:209:N	A:LEU:210:N
0	hbbb	A:ALA:160:O	A:LEU:210:N
0	hbbb	A:ILE:209:O	A:LEU:210:N
0	hbbb	A:LEU:210:N	A:LEU:210:O
0	hbbb	A:ARG:195:O	A:GLU:211:N
0	hbbb	A:GLU:211:N	A:LEU:210:O
0	hbbb	A:GLU:211:N	A:GLU:211:O
0	hbbb	A:GLU:211:O	A:TYR:212:N
0	hbbb	A:TYR:212:N	A:TYR:212:O
0	hbbb	A:ALA:213:N	A:TYR:212:O
0	hbbb	A:ALA:213:N	A:ALA:213:O
0	hbbb	A:ALA:213:N	A:PRO:214:N
0	hbbb	A:ALA:213:O	A:LEU:215:N
0	hbbb	A:LEU:215:N	A:PRO:214:N
0	hbbb	A:LEU:215:N	A:PRO:214:O
0	hbbb	A:GLY:216:N	A:LEU:215:N
0	hbbb	A:LEU:215:N	A:LEU:264:O
0	hbbb	A:ALA:213:O	A:GLY:216:N
0	hbbb	A:GLY:216:N	A:LEU:215:O
0	hbbb	A:GLY:216:N	A:GLY:216:O
0	hbbb	A:GLY:216:O	A:THR:217:N
0	hbbb	A:THR:217:N	A:THR:217:O
0	hbbb	A:THR:217:O	A:VAL:218:N
0	hbbb	A:TYR:219:N	A:VAL:218:N
0	hbbb	A:LEU:262:O	A:VAL:218:N
0	hbbb	A:THR:217:O	A:TYR:219:N
0	hbbb	A:TYR:219:N	A:VAL:218:O
0	hbbb	A:ARG:220:N	A:TYR:219:N
0	hbbb	A:ARG:220:N	A:THR:217:O
0	hbbb	A:ARG:220:N	A:TYR:219:O
0	hbbb	A:ARG:220:N	A:ARG:220:O
0	hbbb	A:ARG:220:N	A:GLU:221:N
0	hbbb	A:GLU:221:N	A:THR:217:O
0	hbbb	A:GLU:221:N	A:VAL:218:O
0	hbbb	A:GLU:221:N	A:TYR:219:O
0	hbbb	A:ARG:220:O	A:GLU:221:N
0	hbbb	A:GLU:221:N	A:GLU:221:O
0	hbbb	A:GLU:221:N	A:LEU:222:N
0	hbbb	A:LEU:222:N	A:VAL:218:O
0	hbbb	A:LEU:222:N	A:TYR:219:O
0	hbbb	A:ARG:220:O	A:LEU:222:N
0	hbbb	A:GLU:221:O	A:LEU:222:N
0	hbbb	A:GLN:223:N	A:LEU:222:N
0	hbbb	A:GLN:223:N	A:TYR:219:O
0	hbbb	A:ARG:220:O	A:GLN:223:N
0	hbbb	A:GLN:223:N	A:GLU:221:O
0	hbbb	A:GLN:223:N	A:LEU:222:O
0	hbbb	A:GLN:223:N	A:GLN:223:O
0	hbbb	A:GLN:223:N	A:LYS:224:N
0	hbbb	A:ARG:220:O	A:LYS:224:N
0	hbbb	A:GLU:221:O	A:LYS:224:N
0	hbbb	A:GLN:223:O	A:LYS:224:N
0	hbbb	A:LYS:224:N	A:LYS:224:O
0	hbbb	A:LEU:225:N	A:LYS:224:N
0	hbbb	A:GLU:221:O	A:LEU:225:N
0	hbbb	A:LEU:225:N	A:LYS:224:O
0	hbbb	A:LEU:225:N	A:SER:226:N
0	hbbb	A:LEU:222:O	A:SER:226:N
0	hbbb	A:LYS:224:O	A:SER:226:N
0	hbbb	A:LEU:225:O	A:SER:226:N
0	hbbb	A:LYS:227:N	A:SER:226:N
0	hbbb	A:LEU:225:O	A:LYS:227:N
0	hbbb	A:LYS:227:N	A:SER:226:O
0	hbbb	A:LYS:227:N	A:LYS:227:O
0	hbbb	A:LYS:227:O	A:PHE:228:N
0	hbbb	A:PHE:228:N	A:PHE:228:O
0	hbbb	A:PHE:228:N	A:PHE:322:O
0	hbbb	A:ASP:229:N	A:PHE:228:O
0	hbbb	A:ASP:229:N	A:ASP:229:O
0	hbbb	A:ASP:229:O	A:GLU:230:N
0	hbbb	A:GLN:231:N	A:GLU:230:N
0	hbbb	A:ASP:229:O	A:GLN:231:N
0	hbbb	A:GLN:231:N	A:GLU:230:O
0	hbbb	A:GLN:231:N	A:GLN:231:O
0	hbbb	A:ARG:232:N	A:GLN:231:N
0	hbbb	A:ARG:232:N	A:ASP:229:O
0	hbbb	A:ARG:232:N	A:GLN:231:O
0	hbbb	A:ARG:232:N	A:ARG:232:O
0	hbbb	A:ARG:232:N	A:THR:233:N
0	hbbb	A:ASP:229:O	A:THR:233:N
0	hbbb	A:ARG:232:O	A:THR:233:N
0	hbbb	A:THR:233:N	A:THR:233:O
0	hbbb	A:ALA:234:N	A:THR:233:N
0	hbbb	A:ALA:234:N	A:GLU:230:O
0	hbbb	A:ALA:234:N	A:THR:233:O
0	hbbb	A:ALA:234:N	A:THR:235:N
0	hbbb	A:GLN:231:O	A:THR:235:N
0	hbbb	A:ARG:232:O	A:THR:235:N
0	hbbb	A:THR:233:O	A:THR:235:N
0	hbbb	A:ALA:234:O	A:THR:235:N
0	hbbb	A:THR:235:N	A:THR:235:O
0	hbbb	A:THR:235:N	A:TYR:236:N
0	hbbb	A:ARG:232:O	A:TYR:236:N
0	hbbb	A:THR:233:O	A:TYR:236:N
0	hbbb	A:THR:235:O	A:TYR:236:N
0	hbbb	A:TYR:236:N	A:TYR:236:O
0	hbbb	A:ILE:237:N	A:TYR:236:N
0	hbbb	A:ILE:237:N	A:THR:233:O
0	hbbb	A:ILE:237:N	A:THR:235:O
0	hbbb	A:ILE:237:N	A:TYR:236:O
0	hbbb	A:ILE:237:N	A:THR:238:N
0	hbbb	A:ALA:234:O	A:THR:238:N
0	hbbb	A:THR:235:O	A:THR:238:N
0	hbbb	A:THR:238:N	A:TYR:236:O
0	hbbb	A:ILE:237:O	A:THR:238:N
0	hbbb	A:THR:238:N	A:THR:238:O
0	hbbb	A:GLU:239:N	A:THR:238:N
0	hbbb	A:GLU:239:N	A:THR:235:O
0	hbbb	A:GLU:239:N	A:TYR:236:O
0	hbbb	A:GLU:239:N	A:THR:238:O
0	hbbb	A:GLU:239:N	A:GLU:239:O
0	hbbb	A:GLU:239:N	A:LEU:240:N
0	hbbb	A:LEU:240:N	A:TYR:236:O
0	hbbb	A:ILE:237:O	A:LEU:240:N
0	hbbb	A:LEU:240:N	A:THR:238:O
0	hbbb	A:GLU:239:O	A:LEU:240:N
0	hbbb	A:LEU:240:N	A:LEU:240:O
0	hbbb	A:ALA:241:N	A:LEU:240:N
0	hbbb	A:ALA:241:N	A:ILE:237:O
0	hbbb	A:ALA:241:N	A:THR:238:O
0	hbbb	A:ALA:241:N	A:LEU:240:O
0	hbbb	A:ALA:241:N	A:ASN:242:N
0	hbbb	A:ASN:242:N	A:THR:238:O
0	hbbb	A:ASN:242:N	A:GLU:239:O
0	hbbb	A:ASN:242:N	A:LEU:240:O
0	hbbb	A:ALA:241:O	A:ASN:242:N
0	hbbb	A:ASN:242:N	A:ASN:242:O
0	hbbb	A:ALA:243:N	A:ASN:242:N
0	hbbb	A:ALA:243:N	A:GLU:239:O
0	hbbb	A:ALA:243:N	A:LEU:240:O
0	hbbb	A:ALA:243:N	A:ASN:242:O
0	hbbb	A:ALA:243:N	A:ALA:243:O
0	hbbb	A:ALA:243:N	A:LEU:244:N
0	hbbb	A:LEU:240:O	A:LEU:244:N
0	hbbb	A:ALA:243:O	A:LEU:244:N
0	hbbb	A:LEU:244:N	A:SER:245:N
0	hbbb	A:ALA:241:O	A:SER:245:N
0	hbbb	A:ASN:242:O	A:SER:245:N
0	hbbb	A:ALA:243:O	A:SER:245:N
0	hbbb	A:LEU:244:O	A:SER:245:N
0	hbbb	A:SER:245:N	A:TYR:246:N
0	hbbb	A:ASN:242:O	A:TYR:246:N
0	hbbb	A:ALA:243:O	A:TYR:246:N
0	hbbb	A:SER:245:O	A:TYR:246:N
0	hbbb	A:TYR:246:N	A:TYR:246:O
0	hbbb	A:CYS:247:N	A:TYR:246:N
0	hbbb	A:ALA:243:O	A:CYS:247:N
0	hbbb	A:CYS:247:N	A:LEU:244:O
0	hbbb	A:CYS:247:N	A:TYR:246:O
0	hbbb	A:CYS:247:N	A:CYS:247:O
0	hbbb	A:CYS:247:N	A:HIS:248:N
0	hbbb	A:HIS:248:N	A:LEU:244:O
0	hbbb	A:HIS:248:N	A:SER:245:O
0	hbbb	A:HIS:248:N	A:TYR:246:O
0	hbbb	A:CYS:247:O	A:HIS:248:N
0	hbbb	A:HIS:248:N	A:HIS:248:O
0	hbbb	A:HIS:248:N	A:SER:249:N
0	hbbb	A:SER:245:O	A:SER:249:N
0	hbbb	A:SER:249:N	A:TYR:246:O
0	hbbb	A:CYS:247:O	A:SER:249:N
0	hbbb	A:HIS:248:O	A:SER:249:N
0	hbbb	A:LYS:250:N	A:SER:249:N
0	hbbb	A:LYS:250:N	A:TYR:246:O
0	hbbb	A:CYS:247:O	A:LYS:250:N
0	hbbb	A:HIS:248:O	A:LYS:250:N
0	hbbb	A:LYS:250:N	A:SER:249:O
0	hbbb	A:ARG:251:N	A:LYS:250:N
0	hbbb	A:ARG:251:N	A:CYS:247:O
0	hbbb	A:ARG:251:N	A:HIS:248:O
0	hbbb	A:ARG:251:N	A:LYS:250:O
0	hbbb	A:ARG:251:N	A:ARG:251:O
0	hbbb	A:ARG:251:N	A:VAL:252:N
0	hbbb	A:CYS:247:O	A:VAL:252:N
0	hbbb	A:ARG:251:O	A:VAL:252:N
0	hbbb	A:VAL:252:N	A:VAL:252:O
0	hbbb	A:ILE:253:N	A:VAL:252:N
0	hbbb	A:ILE:253:N	A:VAL:252:O
0	hbbb	A:ILE:253:N	A:ILE:253:O
0	hbbb	A:HIS:254:N	A:ILE:253:O
0	hbbb	A:HIS:254:N	A:HIS:254:O
0	hbbb	A:ARG:255:N	A:HIS:254:N
0	hbbb	A:ARG:255:N	A:HIS:254:O
0	hbbb	A:ARG:255:N	A:ARG:255:O
0	hbbb	A:ARG:255:O	A:ASP:256:N
0	hbbb	A:ASP:256:N	A:ASP:256:O
0	hbbb	A:ASP:256:N	A:ILE:257:N
0	hbbb	A:ARG:255:O	A:ILE:257:N
0	hbbb	A:ASP:256:O	A:ILE:257:N
0	hbbb	A:ILE:257:N	A:LYS:258:N
0	hbbb	A:ILE:257:O	A:LYS:258:N
0	hbbb	A:LYS:258:N	A:LYS:258:O
0	hbbb	A:GLU:260:N	A:LYS:258:O
0	hbbb	A:GLU:260:N	A:PRO:259:N
0	hbbb	A:GLU:260:N	A:PRO:259:O
0	hbbb	A:ASN:261:N	A:GLU:260:N
0	hbbb	A:ASN:261:N	A:LYS:258:O
0	hbbb	A:ASN:261:N	A:PRO:259:O
0	hbbb	A:ASN:261:N	A:GLU:260:O
0	hbbb	A:ASN:261:N	A:LEU:262:N
0	hbbb	A:LEU:262:N	A:PRO:259:O
0	hbbb	A:ASN:261:O	A:LEU:262:N
0	hbbb	A:LEU:262:N	A:LEU:262:O
0	hbbb	A:LEU:262:O	A:LEU:263:N
0	hbbb	A:LEU:263:N	A:LEU:263:O
0	hbbb	A:LEU:263:N	A:LYS:271:O
0	hbbb	A:GLY:216:O	A:LEU:264:N
0	hbbb	A:LEU:263:O	A:LEU:264:N
0	hbbb	A:LEU:264:N	A:LEU:264:O
0	hbbb	A:GLY:265:N	A:LEU:264:N
0	hbbb	A:GLY:265:N	A:LEU:264:O
0	hbbb	A:GLY:265:N	A:GLY:265:O
0	hbbb	A:GLU:269:O	A:GLY:265:N
0	hbbb	A:GLY:265:O	A:SER:266:N
0	hbbb	A:ALA:267:N	A:SER:266:N
0	hbbb	A:ALA:267:N	A:GLY:265:O
0	hbbb	A:ALA:267:N	A:SER:266:O
0	hbbb	A:ALA:267:N	A:ALA:267:O
0	hbbb	A:ALA:267:N	A:GLY:268:N
0	hbbb	A:ALA:267:O	A:GLY:268:N
0	hbbb	A:GLU:269:N	A:GLY:268:N
0	hbbb	A:GLU:269:N	A:GLY:268:O
0	hbbb	A:GLU:269:N	A:GLU:269:O
0	hbbb	A:GLU:269:O	A:LEU:270:N
0	hbbb	A:LEU:270:N	A:LEU:270:O
0	hbbb	A:LEU:263:O	A:LYS:271:N
0	hbbb	A:LEU:270:O	A:LYS:271:N
0	hbbb	A:LYS:271:N	A:LYS:271:O
0	hbbb	A:ILE:272:N	A:LYS:271:N
0	hbbb	A:ASN:192:O	A:ILE:272:N
0	hbbb	A:ILE:272:N	A:LYS:271:O
0	hbbb	A:ILE:272:N	A:ILE:272:O
0	hbbb	A:ALA:273:N	A:ILE:272:N
0	hbbb	A:ALA:273:N	A:ASN:261:O
0	hbbb	A:ALA:273:N	A:LYS:271:O
0	hbbb	A:ALA:273:N	A:ILE:272:O
0	hbbb	A:ALA:273:N	A:ALA:273:O
0	hbbb	A:ALA:273:N	A:ASP:274:N
0	hbbb	A:ALA:273:O	A:ASP:274:N
0	hbbb	A:ASP:274:N	A:ASP:274:O
0	hbbb	A:ALA:273:O	A:PHE:275:N
0	hbbb	A:ASP:274:O	A:PHE:275:N
0	hbbb	A:PHE:275:N	A:PHE:275:O
0	hbbb	A:GLY:276:N	A:PHE:275:N
0	hbbb	A:ASP:274:O	A:GLY:276:N
0	hbbb	A:GLY:276:N	A:PHE:275:O
0	hbbb	A:GLY:276:N	A:GLY:276:O
0	hbbb	A:GLY:276:O	A:TRP:277:N
0	hbbb	A:TRP:277:N	A:TRP:277:O
0	hbbb	A:SER:278:N	A:TRP:277:O
0	hbbb	A:SER:278:N	A:SER:278:O
0	hbbb	A:SER:278:O	A:VAL:279:N
0	hbbb	A:VAL:279:N	A:VAL:279:O
0	hbbb	A:HIS:280:N	A:LYS:141:O
0	hbbb	A:HIS:280:N	A:VAL:279:O
0	hbbb	A:HIS:280:N	A:HIS:280:O
0	hbbb	A:ALA:281:N	A:HIS:280:O
0	hbbb	A:ALA:281:N	A:ALA:281:O
0	hbbb	A:ALA:281:N	A:PRO:282:N
0	hbbb	A:ALA:281:O	A:SER:283:N
0	hbbb	A:PRO:282:O	A:SER:283:N
0	hbbb	A:SER:283:N	A:SER:283:O
0	hbbb	A:SER:283:O	A:SER:284:N
0	hbbb	A:SER:284:N	A:SER:284:O
0	hbbb	A:ARG:285:N	A:SER:284:N
0	hbbb	A:ARG:285:N	A:SER:283:O
0	hbbb	A:ARG:285:N	A:SER:284:O
0	hbbb	A:ARG:285:N	A:ARG:286:N
0	hbbb	A:ARG:286:N	A:SER:284:O
0	hbbb	A:ARG:285:O	A:ARG:286:N
0	hbbb	A:ARG:286:N	A:ARG:286:O
0	hbbb	A:ARG:286:N	A:ASP:287:N
0	hbbb	A:ARG:286:O	A:ASP:287:N
0	hbbb	A:ASP:287:N	A:ASP:287:O
0	hbbb	A:ASP:287:N	A:THR:288:N
0	hbbb	A:ARG:286:O	A:THR:288:N
0	hbbb	A:ASP:287:O	A:THR:288:N
0	hbbb	A:THR:288:N	A:THR:288:O
0	hbbb	A:LEU:289:N	A:THR:288:N
0	hbbb	A:LEU:289:N	A:THR:288:O
0	hbbb	A:LEU:289:N	A:LEU:289:O
0	hbbb	A:CYS:290:N	A:LEU:289:N
0	hbbb	A:CYS:290:N	A:LEU:289:O
0	hbbb	A:CYS:290:N	A:GLY:291:N
0	hbbb	A:CYS:290:N	A:THR:292:N
0	hbbb	A:CYS:290:O	A:GLY:291:N
0	hbbb	A:GLY:291:N	A:THR:292:N
0	hbbb	A:GLY:291:O	A:THR:292:N
0	hbbb	A:THR:292:N	A:THR:292:O
0	hbbb	A:LEU:293:N	A:THR:292:N
0	hbbb	A:LEU:293:N	A:THR:292:O
0	hbbb	A:ASP:294:N	A:LEU:293:N
0	hbbb	A:ASP:294:N	A:THR:292:O
0	hbbb	A:ASP:294:N	A:LEU:293:O
0	hbbb	A:ASP:294:N	A:TYR:295:N
0	hbbb	A:LEU:293:O	A:TYR:295:N
0	hbbb	A:ASP:294:O	A:TYR:295:N
0	hbbb	A:LEU:296:N	A:TYR:295:N
0	hbbb	A:LEU:293:O	A:LEU:296:N
0	hbbb	A:LEU:296:N	A:TYR:295:O
0	hbbb	A:LEU:296:N	A:LEU:296:O
0	hbbb	A:GLU:299:N	A:PRO:297:O
0	hbbb	A:GLU:299:N	A:PRO:298:N
0	hbbb	A:GLU:299:N	A:PRO:298:O
0	hbbb	A:GLU:299:N	A:MET:300:N
0	hbbb	A:MET:300:N	A:PRO:297:O
0	hbbb	A:MET:300:N	A:PRO:298:O
0	hbbb	A:GLU:299:O	A:MET:300:N
0	hbbb	A:MET:300:N	A:MET:300:O
0	hbbb	A:ILE:301:N	A:MET:300:N
0	hbbb	A:ILE:301:N	A:PRO:297:O
0	hbbb	A:ILE:301:N	A:PRO:298:O
0	hbbb	A:ILE:301:N	A:MET:300:O
0	hbbb	A:GLU:302:N	A:ILE:301:N
0	hbbb	A:GLU:302:N	A:PRO:298:O
0	hbbb	A:GLU:302:N	A:MET:300:O
0	hbbb	A:GLU:302:N	A:ILE:301:O
0	hbbb	A:GLU:302:N	A:GLY:303:N
0	hbbb	A:GLY:303:N	A:MET:300:O
0	hbbb	A:GLY:303:N	A:ILE:301:O
0	hbbb	A:GLU:302:O	A:GLY:303:N
0	hbbb	A:GLY:303:N	A:GLY:303:O
0	hbbb	A:ARG:304:N	A:GLY:303:N
0	hbbb	A:ARG:304:N	A:GLU:299:O
0	hbbb	A:ARG:304:N	A:GLY:303:O
0	hbbb	A:ARG:304:N	A:ARG:304:O
0	hbbb	A:ARG:304:O	A:MET:305:N
0	hbbb	A:MET:305:N	A:MET:305:O
0	hbbb	A:HIS:306:N	A:MET:305:O
0	hbbb	A:HIS:306:N	A:HIS:306:O
0	hbbb	A:ASP:307:N	A:HIS:306:O
0	hbbb	A:ASP:307:N	A:ASP:307:O
0	hbbb	A:ASP:307:O	A:GLU:308:N
0	hbbb	A:GLU:308:N	A:LYS:309:N
0	hbbb	A:ASP:307:O	A:LYS:309:N
0	hbbb	A:GLU:308:O	A:LYS:309:N
0	hbbb	A:LYS:309:N	A:VAL:310:N
0	hbbb	A:ASP:307:O	A:VAL:310:N
0	hbbb	A:GLU:308:O	A:VAL:310:N
0	hbbb	A:LYS:309:O	A:VAL:310:N
0	hbbb	A:VAL:310:N	A:VAL:310:O
0	hbbb	A:ASP:311:N	A:VAL:310:N
0	hbbb	A:ASP:311:N	A:GLU:308:O
0	hbbb	A:ASP:311:N	A:LYS:309:O
0	hbbb	A:ASP:311:N	A:VAL:310:O
0	hbbb	A:ASP:311:N	A:LEU:312:N
0	hbbb	A:LEU:312:N	A:LYS:309:O
0	hbbb	A:LEU:312:N	A:VAL:310:O
0	hbbb	A:ASP:311:O	A:LEU:312:N
0	hbbb	A:LEU:312:N	A:TRP:313:N
0	hbbb	A:TRP:313:N	A:VAL:310:O
0	hbbb	A:LEU:312:O	A:TRP:313:N
0	hbbb	A:TRP:313:N	A:TRP:313:O
0	hbbb	A:SER:314:N	A:TRP:313:N
0	hbbb	A:SER:314:N	A:TRP:313:O
0	hbbb	A:SER:314:N	A:SER:314:O
0	hbbb	A:LEU:315:N	A:SER:314:N
0	hbbb	A:ASP:311:O	A:LEU:315:N
0	hbbb	A:LEU:315:N	A:TRP:313:O
0	hbbb	A:LEU:315:N	A:SER:314:O
0	hbbb	A:GLY:316:N	A:LEU:315:N
0	hbbb	A:GLY:316:N	A:LEU:312:O
0	hbbb	A:GLY:316:N	A:TRP:313:O
0	hbbb	A:GLY:316:N	A:SER:314:O
0	hbbb	A:GLY:316:N	A:LEU:315:O
0	hbbb	A:GLY:316:N	A:VAL:317:N
0	hbbb	A:TRP:313:O	A:VAL:317:N
0	hbbb	A:SER:314:O	A:VAL:317:N
0	hbbb	A:LEU:315:O	A:VAL:317:N
0	hbbb	A:GLY:316:O	A:VAL:317:N
0	hbbb	A:LEU:318:N	A:VAL:317:N
0	hbbb	A:LEU:318:N	A:SER:314:O
0	hbbb	A:LEU:315:O	A:LEU:318:N
0	hbbb	A:LEU:318:N	A:VAL:317:O
0	hbbb	A:LEU:318:N	A:LEU:318:O
0	hbbb	A:CYS:319:N	A:LEU:318:N
0	hbbb	A:CYS:319:N	A:LEU:315:O
0	hbbb	A:CYS:319:N	A:LEU:318:O
0	hbbb	A:CYS:319:N	A:CYS:319:O
0	hbbb	A:CYS:319:N	A:TYR:320:N
0	hbbb	A:GLY:316:O	A:TYR:320:N
0	hbbb	A:TYR:320:N	A:VAL:317:O
0	hbbb	A:LEU:318:O	A:TYR:320:N
0	hbbb	A:CYS:319:O	A:TYR:320:N
0	hbbb	A:TYR:320:N	A:TYR:320:O
0	hbbb	A:GLU:321:N	A:TYR:320:N
0	hbbb	A:GLU:321:N	A:VAL:317:O
0	hbbb	A:GLU:321:N	A:LEU:318:O
0	hbbb	A:CYS:319:O	A:GLU:321:N
0	hbbb	A:GLU:321:N	A:TYR:320:O
0	hbbb	A:GLU:321:N	A:PHE:322:N
0	hbbb	A:LEU:318:O	A:PHE:322:N
0	hbbb	A:CYS:319:O	A:PHE:322:N
0	hbbb	A:PHE:322:N	A:TYR:320:O
0	hbbb	A:GLU:321:O	A:PHE:322:N
0	hbbb	A:PHE:322:N	A:PHE:322:O
0	hbbb	A:LEU:323:N	A:PHE:322:N
0	hbbb	A:CYS:319:O	A:LEU:323:N
0	hbbb	A:LEU:323:N	A:TYR:320:O
0	hbbb	A:GLU:321:O	A:LEU:323:N
0	hbbb	A:LEU:323:N	A:PHE:322:O
0	hbbb	A:LEU:323:N	A:VAL:324:N
0	hbbb	A:TYR:320:O	A:VAL:324:N
0	hbbb	A:LEU:323:O	A:VAL:324:N
0	hbbb	A:GLY:325:N	A:VAL:324:N
0	hbbb	A:GLU:321:O	A:GLY:325:N
0	hbbb	A:GLY:325:N	A:VAL:324:O
0	hbbb	A:GLY:325:N	A:LYS:326:N
0	hbbb	A:GLY:325:O	A:LYS:326:N
0	hbbb	A:LYS:326:N	A:LYS:326:O
0	hbbb	A:PHE:329:N	A:PRO:327:O
0	hbbb	A:PHE:329:N	A:PRO:328:N
0	hbbb	A:PHE:329:N	A:PRO:328:O
0	hbbb	A:GLU:330:N	A:PHE:329:N
0	hbbb	A:GLU:330:N	A:PRO:327:O
0	hbbb	A:GLU:330:N	A:PHE:329:O
0	hbbb	A:GLU:330:N	A:GLU:330:O
0	hbbb	A:ALA:331:N	A:PHE:329:O
0	hbbb	A:ALA:331:N	A:GLU:330:O
0	hbbb	A:ALA:331:N	A:ALA:331:O
0	hbbb	A:ALA:331:O	A:ASN:332:N
0	hbbb	A:ASN:332:N	A:THR:333:N
0	hbbb	A:ALA:331:O	A:THR:333:N
0	hbbb	A:ASN:332:O	A:THR:333:N
0	hbbb	A:THR:333:N	A:THR:333:O
0	hbbb	A:THR:333:O	A:TYR:334:N
0	hbbb	A:GLN:335:N	A:TYR:334:N
0	hbbb	A:GLN:335:N	A:THR:333:O
0	hbbb	A:GLN:335:N	A:TYR:334:O
0	hbbb	A:GLN:335:N	A:GLU:336:N
0	hbbb	A:GLU:336:N	A:THR:333:O
0	hbbb	A:GLU:336:N	A:TYR:334:O
0	hbbb	A:GLN:335:O	A:GLU:336:N
0	hbbb	A:GLU:336:N	A:GLU:336:O
0	hbbb	A:GLU:336:N	A:THR:337:N
0	hbbb	A:THR:333:O	A:THR:337:N
0	hbbb	A:THR:337:N	A:TYR:334:O
0	hbbb	A:GLU:336:O	A:THR:337:N
0	hbbb	A:THR:337:N	A:THR:337:O
0	hbbb	A:THR:337:N	A:TYR:338:N
0	hbbb	A:TYR:334:O	A:TYR:338:N
0	hbbb	A:GLN:335:O	A:TYR:338:N
0	hbbb	A:GLU:336:O	A:TYR:338:N
0	hbbb	A:THR:337:O	A:TYR:338:N
0	hbbb	A:TYR:338:N	A:TYR:338:O
0	hbbb	A:LYS:339:N	A:TYR:338:N
0	hbbb	A:GLN:335:O	A:LYS:339:N
0	hbbb	A:GLU:336:O	A:LYS:339:N
0	hbbb	A:LYS:339:N	A:THR:337:O
0	hbbb	A:LYS:339:N	A:TYR:338:O
0	hbbb	A:LYS:339:N	A:LYS:339:O
0	hbbb	A:ARG:340:N	A:LYS:339:N
0	hbbb	A:ARG:340:N	A:GLU:336:O
0	hbbb	A:ARG:340:N	A:THR:337:O
0	hbbb	A:ARG:340:N	A:TYR:338:O
0	hbbb	A:ARG:340:N	A:LYS:339:O
0	hbbb	A:ARG:340:N	A:ILE:341:N
0	hbbb	A:ILE:341:N	A:THR:337:O
0	hbbb	A:ILE:341:N	A:TYR:338:O
0	hbbb	A:ILE:341:N	A:LYS:339:O
0	hbbb	A:ARG:340:O	A:ILE:341:N
0	hbbb	A:ILE:341:N	A:ILE:341:O
0	hbbb	A:ILE:341:N	A:SER:342:N
0	hbbb	A:SER:342:N	A:TYR:338:O
0	hbbb	A:ILE:341:O	A:SER:342:N
0	hbbb	A:ARG:343:N	A:SER:342:N
0	hbbb	A:ARG:343:N	A:LYS:339:O
0	hbbb	A:ARG:343:N	A:ILE:341:O
0	hbbb	A:ARG:343:N	A:SER:342:O
0	hbbb	A:ARG:343:N	A:VAL:344:N
0	hbbb	A:ARG:340:O	A:VAL:344:N
0	hbbb	A:ILE:341:O	A:VAL:344:N
0	hbbb	A:ARG:343:O	A:VAL:344:N
0	hbbb	A:VAL:344:N	A:VAL:344:O
0	hbbb	A:GLU:345:N	A:VAL:344:N
0	hbbb	A:ARG:340:O	A:GLU:345:N
0	hbbb	A:ARG:343:O	A:GLU:345:N
0	hbbb	A:GLU:345:N	A:VAL:344:O
0	hbbb	A:GLU:345:N	A:GLU:345:O
0	hbbb	A:GLU:345:N	A:PHE:346:N
0	hbbb	A:GLU:345:O	A:PHE:346:N
0	hbbb	A:PHE:346:N	A:PHE:346:O
0	hbbb	A:PHE:346:O	A:THR:347:N
0	hbbb	A:THR:347:N	A:THR:347:O
0	hbbb	A:PHE:348:N	A:THR:347:O
0	hbbb	A:PHE:348:N	A:PHE:348:O
0	hbbb	A:ASP:350:N	A:PRO:349:O
0	hbbb	A:ASP:350:N	A:PHE:351:N
0	hbbb	A:PHE:351:N	A:PRO:349:O
0	hbbb	A:ASP:350:O	A:PHE:351:N
0	hbbb	A:PHE:351:N	A:VAL:352:N
0	hbbb	A:PRO:349:O	A:VAL:352:N
0	hbbb	A:ASP:350:O	A:VAL:352:N
0	hbbb	A:PHE:351:O	A:VAL:352:N
0	hbbb	A:VAL:352:N	A:VAL:352:O
0	hbbb	A:THR:353:N	A:VAL:352:N
0	hbbb	A:PHE:351:O	A:THR:353:N
0	hbbb	A:THR:353:N	A:VAL:352:O
0	hbbb	A:THR:353:N	A:THR:353:O
0	hbbb	A:GLU:354:N	A:THR:353:N
0	hbbb	A:GLU:354:N	A:VAL:352:O
0	hbbb	A:GLU:354:N	A:THR:353:O
0	hbbb	A:GLU:354:N	A:GLY:355:N
0	hbbb	A:GLU:354:O	A:GLY:355:N
0	hbbb	A:ALA:356:N	A:GLY:355:N
0	hbbb	A:ALA:356:N	A:THR:353:O
0	hbbb	A:ALA:356:N	A:GLU:354:O
0	hbbb	A:ALA:356:N	A:GLY:355:O
0	hbbb	A:ALA:356:N	A:ALA:356:O
0	hbbb	A:ALA:356:N	A:ARG:357:N
0	hbbb	A:ARG:357:N	A:THR:353:O
0	hbbb	A:ARG:357:N	A:GLU:354:O
0	hbbb	A:ALA:356:O	A:ARG:357:N
0	hbbb	A:ARG:357:N	A:ARG:357:O
0	hbbb	A:ARG:357:N	A:ASP:358:N
0	hbbb	A:ASP:358:N	A:GLU:354:O
0	hbbb	A:ALA:356:O	A:ASP:358:N
0	hbbb	A:ARG:357:O	A:ASP:358:N
0	hbbb	A:ASP:358:N	A:ASP:358:O
0	hbbb	A:ASP:358:N	A:LEU:359:N
0	hbbb	A:GLY:355:O	A:LEU:359:N
0	hbbb	A:ALA:356:O	A:LEU:359:N
0	hbbb	A:ARG:357:O	A:LEU:359:N
0	hbbb	A:ASP:358:O	A:LEU:359:N
0	hbbb	A:LEU:359:N	A:LEU:359:O
0	hbbb	A:ILE:360:N	A:LEU:359:N
0	hbbb	A:ALA:356:O	A:ILE:360:N
0	hbbb	A:ARG:357:O	A:ILE:360:N
0	hbbb	A:ASP:358:O	A:ILE:360:N
0	hbbb	A:ILE:360:N	A:LEU:359:O
0	hbbb	A:ILE:360:N	A:ILE:360:O
0	hbbb	A:ILE:360:N	A:SER:361:N
0	hbbb	A:ARG:357:O	A:SER:361:N
0	hbbb	A:ASP:358:O	A:SER:361:N
0	hbbb	A:ILE:360:O	A:SER:361:N
0	hbbb	A:SER:361:N	A:SER:361:O
0	hbbb	A:ARG:362:N	A:SER:361:N
0	hbbb	A:ARG:362:N	A:ASP:358:O
0	hbbb	A:ARG:362:N	A:LEU:359:O
0	hbbb	A:ARG:362:N	A:ILE:360:O
0	hbbb	A:ARG:362:N	A:SER:361:O
0	hbbb	A:ARG:362:N	A:ARG:362:O
0	hbbb	A:ARG:362:N	A:LEU:363:N
0	hbbb	A:LEU:359:O	A:LEU:363:N
0	hbbb	A:ILE:360:O	A:LEU:363:N
0	hbbb	A:LEU:363:N	A:SER:361:O
0	hbbb	A:ARG:362:O	A:LEU:363:N
0	hbbb	A:LEU:363:N	A:LEU:364:N
0	hbbb	A:ILE:360:O	A:LEU:364:N
0	hbbb	A:LEU:364:N	A:SER:361:O
0	hbbb	A:LEU:363:O	A:LEU:364:N
0	hbbb	A:LEU:364:N	A:LEU:364:O
0	hbbb	A:LEU:364:N	A:LYS:365:N
0	hbbb	A:LEU:364:O	A:LYS:365:N
0	hbbb	A:LYS:365:N	A:LYS:365:O
0	hbbb	A:HIS:366:N	A:LYS:365:O
0	hbbb	A:HIS:366:N	A:HIS:366:O
0	hbbb	A:ASN:367:N	A:HIS:366:N
0	hbbb	A:ASN:367:N	A:LYS:365:O
0	hbbb	A:ASN:367:N	A:HIS:366:O
0	hbbb	A:ASN:367:N	A:ASN:367:O
0	hbbb	A:ASN:367:N	A:PRO:368:N
0	hbbb	A:ASN:367:O	A:SER:369:N
0	hbbb	A:PRO:368:N	A:SER:369:N
0	hbbb	A:PRO:368:O	A:SER:369:N
0	hbbb	A:GLN:370:N	A:SER:369:N
0	hbbb	A:ASN:367:O	A:GLN:370:N
0	hbbb	A:GLN:370:N	A:PRO:368:O
0	hbbb	A:GLN:370:N	A:SER:369:O
0	hbbb	A:ARG:371:N	A:GLN:370:N
0	hbbb	A:ARG:371:N	A:PRO:368:O
0	hbbb	A:ARG:371:N	A:SER:369:O
0	hbbb	A:ARG:371:N	A:GLN:370:O
0	hbbb	A:ARG:371:N	A:ARG:371:O
0	hbbb	A:MET:373:N	A:PRO:372:O
0	hbbb	A:MET:373:N	A:MET:373:O
0	hbbb	A:LEU:374:N	A:MET:373:O
0	hbbb	A:ARG:375:N	A:LEU:374:N
0	hbbb	A:ARG:375:N	A:MET:373:O
0	hbbb	A:ARG:375:N	A:LEU:374:O
0	hbbb	A:ARG:375:N	A:ARG:375:O
0	hbbb	A:ARG:375:N	A:GLU:376:N
0	hbbb	A:GLU:376:N	A:MET:373:O
0	hbbb	A:ARG:375:O	A:GLU:376:N
0	hbbb	A:GLU:376:N	A:VAL:377:N
0	hbbb	A:LEU:374:O	A:VAL:377:N
0	hbbb	A:ARG:375:O	A:VAL:377:N
0	hbbb	A:GLU:376:O	A:VAL:377:N
0	hbbb	A:VAL:377:N	A:VAL:377:O
0	hbbb	A:LEU:378:N	A:VAL:377:N
0	hbbb	A:LEU:374:O	A:LEU:378:N
0	hbbb	A:ARG:375:O	A:LEU:378:N
0	hbbb	A:LEU:378:N	A:VAL:377:O
0	hbbb	A:GLU:379:N	A:LEU:378:N
0	hbbb	A:ARG:375:O	A:GLU:379:N
0	hbbb	A:GLU:376:O	A:GLU:379:N
0	hbbb	A:GLU:379:N	A:VAL:377:O
0	hbbb	A:GLU:379:N	A:LEU:378:O
0	hbbb	A:GLU:379:N	A:HIS:380:N
0	hbbb	A:GLU:376:O	A:HIS:380:N
0	hbbb	A:HIS:380:N	A:VAL:377:O
0	hbbb	A:HIS:380:N	A:LEU:378:O
0	hbbb	A:GLU:379:O	A:HIS:380:N
0	hbbb	A:HIS:380:N	A:HIS:380:O
0	hbbb	A:HIS:380:O	A:TRP:382:N
0	hbbb	A:PRO:381:N	A:TRP:382:N
0	hbbb	A:PRO:381:O	A:TRP:382:N
0	hbbb	A:ILE:383:N	A:TRP:382:N
0	hbbb	A:HIS:380:O	A:ILE:383:N
0	hbbb	A:ILE:383:N	A:TRP:382:O
0	hbbb	A:ILE:383:N	A:ILE:383:O
0	hbbb	A:ILE:383:N	A:THR:384:N
0	hbbb	A:HIS:380:O	A:THR:384:N
0	hbbb	A:ILE:383:O	A:THR:384:N
0	hbbb	A:ALA:385:N	A:THR:384:N
0	hbbb	A:ALA:385:N	A:PRO:381:O
0	hbbb	A:ALA:385:N	A:ILE:383:O
0	hbbb	A:ALA:385:N	A:THR:384:O
0	hbbb	A:ALA:385:N	A:ALA:385:O
0	hbbb	A:ALA:385:N	A:ASN:386:N
0	hbbb	A:ASN:386:N	A:TRP:382:O
0	hbbb	A:ASN:386:N	A:ILE:383:O
0	hbbb	A:ALA:385:O	A:ASN:386:N
0	hbbb	A:ASN:386:N	A:SER:387:N
0	hbbb	A:ILE:383:O	A:SER:387:N
0	hbbb	A:ASN:386:O	A:SER:387:N
0	hbbb	A:SER:387:N	A:SER:387:O
0	hbbb	A:SER:387:N	A:SER:388:N
0	hbbb	A:SER:387:O	A:SER:388:N
0	hbbb	A:LYS:389:N	A:SER:388:N
0	hbbb	A:LYS:389:N	A:SER:387:O
0	hbbb	A:LYS:389:N	A:SER:388:O
0	hbbb	A:LYS:389:N	A:LYS:389:O
0	wb	A:ARG:179:NH1	A:HIS:201:ND1	A:HOH:12:O
0	wb	A:ARG:255:NH2	A:GLN:185:NE2	A:HOH:30:O
0	wb	A:ASN:146:ND2	A:LYS:141:NZ	A:HOH:18:O
0	wb	A:ASN:192:OD1	A:ASN:242:ND2	A:HOH:20:O
0	wb	A:ASP:274:O	A:LYS:162:NZ	A:HOH:403:O
0	wb	A:HIS:201:N	A:HIS:201:O	A:HOH:16:O
0	hls	A:0C4:2:O25	A:ARG:137:NH2
0	hls	A:0C4:2:O25	A:ARG:220:NH1
0	hls	A:0C4:2:O25	A:ARG:220:NH2
0	hlb	A:0C4:2:N01	A:ALA:213:O
0	hlb	A:0C4:2:N03	A:ALA:213:N
