# total_frames:1 beg:0 end:0 stride:1 interaction_types:sb,pc,ps,ts,vdw,hb,lhb
# Columns: frame, interaction_type, atom_1, atom_2[, atom_3[, atom_4]]
0	sb	C:ASP:133:OD1	C:LYS:266:NZ
0	sb	C:ASP:133:OD2	C:LYS:266:NZ
0	sb	C:ASP:201:OD2	C:HIS:136:NE2
0	sb	C:GLU:37:OE1	C:LYS:29:NZ
0	sb	C:GLU:37:OE2	C:LYS:29:NZ
0	sb	C:GLU:100:OE1	C:LYS:159:NZ
0	sb	C:GLU:100:OE2	C:LYS:159:NZ
0	sb	C:GLU:127:OE2	C:LYS:130:NZ
0	sb	C:ARG:262:NH1	C:GLU:189:OE1
0	sb	C:ARG:262:NH2	C:GLU:189:OE1
0	sb	C:ARG:262:NH1	C:GLU:189:OE2
0	sb	C:ARG:262:NH2	C:GLU:189:OE2
0	pc	C:ARG:262:NH2	C:TRP:203:CG
0	pc	C:ARG:143:NH1	C:TYR:196:CG
0	pc	C:HIS:142:ND1	C:PHE:163:CG
0	pc	C:HIS:142:NE2	C:PHE:163:CG
0	pc	C:LYS:146:NZ	C:TRP:185:CG
0	vdw	C:ASP:133:CG	C:LYS:266:NZ
0	vdw	C:ASP:133:OD2	C:LYS:266:NZ
0	vdw	C:ASP:133:OD1	C:LYS:266:CE
0	vdw	C:ASP:133:OD1	C:LYS:266:NZ
0	vdw	C:ASP:78:O	C:TYR:134:CE1
0	vdw	C:ASP:78:O	C:TYR:134:CZ
0	vdw	C:ASP:78:O	C:TYR:134:OH
0	vdw	C:ASP:78:N	C:TYR:134:OH
0	vdw	C:SER:79:CB	C:TYR:134:CD1
0	vdw	C:ASP:78:C	C:TYR:134:OH
0	vdw	C:LEU:135:O	C:LYS:140:N
0	vdw	C:LEU:135:O	C:LYS:140:CA
0	vdw	C:LEU:135:O	C:LYS:140:CB
0	vdw	C:LEU:135:O	C:LYS:140:C
0	vdw	C:LEU:135:O	C:LYS:140:O
0	vdw	C:ASP:133:OD1	C:LYS:266:CG
0	vdw	C:ILE:202:CG1	C:PRO:263:O
0	vdw	C:ILE:202:CG2	C:PRO:263:O
0	vdw	C:ARG:262:O	C:LYS:199:CE
0	vdw	C:LYS:199:NZ	C:PRO:259:O
0	vdw	C:ARG:262:O	C:LYS:199:NZ
0	vdw	C:LYS:199:CB	C:PRO:259:O
0	vdw	C:LYS:199:CG	C:PRO:259:O
0	vdw	C:LYS:199:CD	C:PRO:259:O
0	vdw	C:ARG:262:O	C:LYS:199:CD
0	vdw	C:ALA:265:CB	C:ASP:133:CA
0	vdw	C:ALA:265:CB	C:ASP:133:N
0	vdw	C:ALA:265:CA	C:LEU:129:CD2
0	vdw	C:GLU:189:OE2	C:PRO:259:CB
0	vdw	C:GLU:189:CD	C:PRO:259:CB
0	vdw	C:LEU:135:C	C:LYS:140:O
0	vdw	C:HIS:136:CG	C:SER:198:CB
0	vdw	C:HIS:136:CD2	C:SER:198:CB
0	vdw	C:HIS:136:ND1	C:SER:198:CB
0	vdw	C:HIS:136:CE1	C:SER:198:O
0	vdw	C:HIS:136:CE1	C:SER:198:CB
0	vdw	C:HIS:136:NE2	C:SER:198:O
0	vdw	C:HIS:136:NE2	C:SER:198:CB
0	vdw	C:ASP:201:OD2	C:HIS:136:CD2
0	vdw	C:ASP:201:CB	C:HIS:136:NE2
0	vdw	C:ASP:201:CG	C:HIS:136:NE2
0	vdw	C:ASP:201:OD2	C:HIS:136:NE2
0	vdw	C:ASP:197:CA	C:ILE:141:CD1
0	vdw	C:ASP:197:C	C:ILE:141:CG1
0	vdw	C:ASP:197:C	C:ILE:141:CD1
0	vdw	C:GLU:189:CG	C:TYR:196:CB
0	vdw	C:GLU:189:O	C:SER:194:N
0	vdw	C:GLU:189:O	C:SER:194:O
0	vdw	C:GLU:189:CA	C:SER:194:OG
0	vdw	C:GLU:189:C	C:SER:194:OG
0	vdw	C:GLU:189:O	C:SER:194:OG
0	vdw	C:GLU:189:CB	C:SER:194:OG
0	vdw	C:SER:79:CB	C:TYR:134:CG
0	vdw	C:SER:79:CB	C:TYR:134:CD2
0	vdw	C:SER:79:CB	C:TYR:134:CE2
0	vdw	C:LEU:135:CD1	C:PHE:163:CE2
0	vdw	C:CYS:77:SG	C:LEU:135:CD2
0	vdw	C:LEU:135:CD2	C:PHE:163:CE2
0	vdw	C:LEU:135:CD2	C:PHE:163:CZ
0	vdw	C:ASP:201:OD2	C:ILE:141:CA
0	vdw	C:ASP:201:CG	C:HIS:142:N
0	vdw	C:ASP:201:OD1	C:HIS:142:N
0	vdw	C:ASP:201:OD2	C:HIS:142:N
0	vdw	C:ARG:143:NH1	C:TYR:196:CE2
0	vdw	C:ARG:143:NH1	C:TYR:196:CZ
0	vdw	C:ARG:143:NH1	C:TYR:196:OH
0	vdw	C:ARG:143:CG	C:TYR:196:CE2
0	vdw	C:ASP:201:CG	C:ILE:141:CG2
0	vdw	C:ASP:201:OD1	C:ILE:141:CG2
0	vdw	C:ASP:201:OD2	C:ILE:141:CG2
0	vdw	C:TYR:196:CG	C:VAL:190:CG2
0	vdw	C:CYS:77:CB	C:VAL:82:CG1
0	vdw	C:HIS:142:CD2	C:PHE:163:CE2
0	vdw	C:ARG:143:CD	C:VAL:165:O
0	vdw	C:ARG:143:CD	C:TYR:196:OH
0	vdw	C:LEU:74:CB	C:TYR:85:CB
0	vdw	C:ILE:98:CG2	C:TYR:86:CB
0	vdw	C:ILE:98:O	C:TYR:86:N
0	vdw	C:ILE:98:O	C:TYR:86:CA
0	vdw	C:ILE:98:O	C:TYR:86:CB
0	vdw	C:ILE:71:CG2	C:TYR:85:CE2
0	vdw	C:ILE:71:CG2	C:TYR:85:CZ
0	vdw	C:ILE:71:CG2	C:TYR:85:OH
0	vdw	C:ILE:97:CG2	C:TYR:85:CE1
0	vdw	C:GLY:87:N	C:ILE:98:O
0	vdw	C:LEU:23:CD2	C:TYR:89:OH
0	vdw	C:SER:88:CA	C:TRP:96:O
0	vdw	C:SER:88:C	C:TRP:96:O
0	vdw	C:SER:88:CB	C:TRP:96:O
0	vdw	C:LEU:269:O	C:LEU:275:CD2
0	vdw	C:LEU:275:CD1	C:LYS:270:C
0	vdw	C:LEU:275:CD1	C:LYS:270:O
0	vdw	C:LEU:129:CB	C:LEU:269:CG
0	vdw	C:ALA:265:O	C:LEU:129:CD2
0	vdw	C:LEU:129:CD1	C:LEU:268:C
0	vdw	C:LEU:129:CD1	C:LEU:268:O
0	vdw	C:LEU:129:CD1	C:LEU:268:CB
0	vdw	C:LEU:129:CD2	C:LEU:268:CB
0	vdw	C:ILE:274:CG1	C:LEU:268:O
0	vdw	C:LEU:268:CG	C:PRO:263:CG
0	vdw	C:LEU:268:CD2	C:PRO:263:CG
0	vdw	C:ALA:253:O	C:PRO:263:CD
0	vdw	C:ILE:202:CG2	C:LEU:268:CD1
0	vdw	C:CYS:254:SG	C:LEU:268:CD1
0	vdw	C:CYS:254:SG	C:LEU:268:CD2
0	vdw	C:ALA:253:C	C:PRO:263:CD
0	vdw	C:LEU:268:CD2	C:PHE:250:CE2
0	vdw	C:ARG:262:CG	C:ASN:256:CB
0	vdw	C:ARG:262:CG	C:CYS:254:O
0	vdw	C:ARG:262:CZ	C:ASN:256:O
0	vdw	C:ARG:262:NH2	C:ASN:256:O
0	vdw	C:ASN:256:C	C:TRP:203:CZ3
0	vdw	C:ASN:256:O	C:TRP:203:CE3
0	vdw	C:ASN:256:O	C:TRP:203:CZ3
0	vdw	C:LYS:130:CD	C:TYR:81:CE1
0	vdw	C:LYS:130:CD	C:TYR:81:CZ
0	vdw	C:LYS:130:CD	C:TYR:81:OH
0	vdw	C:LEU:129:CB	C:LEU:269:CD2
0	vdw	C:LEU:129:CD2	C:LEU:205:CD2
0	vdw	C:CYS:254:SG	C:ILE:202:CG2
0	vdw	C:ARG:262:CD	C:LYS:199:O
0	vdw	C:ARG:262:NH1	C:LYS:199:C
0	vdw	C:ARG:262:NH1	C:LYS:199:O
0	vdw	C:ARG:262:NE	C:ASN:256:O
0	vdw	C:ARG:262:CD	C:CYS:254:O
0	vdw	C:ARG:262:NH2	C:PRO:188:CG
0	vdw	C:ARG:262:CZ	C:GLU:189:OE1
0	vdw	C:ARG:262:NH1	C:GLU:189:OE1
0	vdw	C:ARG:262:NH2	C:GLU:189:OE1
0	vdw	C:ARG:262:NH1	C:GLU:189:OE2
0	vdw	C:ARG:262:NH1	C:GLU:189:CD
0	vdw	C:ARG:262:NH2	C:GLU:189:CD
0	vdw	C:ARG:262:NH2	C:PRO:188:CD
0	vdw	C:ARG:262:NH2	C:TRP:203:CE3
0	vdw	C:LYS:192:NZ	C:PRO:232:O
0	vdw	C:GLU:127:OE1	C:TYR:81:CD1
0	vdw	C:GLU:127:CD	C:TYR:81:CE1
0	vdw	C:GLU:127:OE1	C:TYR:81:CE1
0	vdw	C:LYS:130:CB	C:TYR:81:CE1
0	vdw	C:GLY:131:CA	C:TYR:81:CB
0	vdw	C:GLY:131:CA	C:LEU:160:CD1
0	vdw	C:GLY:131:C	C:LEU:160:CD1
0	vdw	C:ILE:145:CG1	C:LEU:132:CD2
0	vdw	C:ASP:201:CB	C:LEU:132:CD2
0	vdw	C:ASP:201:OD2	C:LEU:132:CD2
0	vdw	C:ILE:145:CD1	C:LEU:132:CD2
0	vdw	C:ARG:143:N	C:ASP:201:OD1
0	vdw	C:ARG:143:CA	C:ASP:201:OD1
0	vdw	C:ALA:187:CB	C:ALA:200:CA
0	vdw	C:ALA:187:CB	C:TRP:203:CB
0	vdw	C:LYS:159:NZ	C:PRO:80:CA
0	vdw	C:LYS:159:NZ	C:PRO:80:C
0	vdw	C:LYS:159:CE	C:PRO:80:O
0	vdw	C:LYS:159:NZ	C:PRO:80:O
0	vdw	C:GLU:100:OE1	C:LYS:159:CE
0	vdw	C:GLU:100:OE1	C:LYS:159:NZ
0	vdw	C:LYS:159:CG	C:PRO:80:O
0	vdw	C:GLU:100:OE2	C:LYS:159:CE
0	vdw	C:GLU:100:OE2	C:LYS:159:NZ
0	vdw	C:LEU:160:CB	C:TYR:81:O
0	vdw	C:LEU:160:CG	C:TYR:81:O
0	vdw	C:LEU:160:O	C:VAL:82:CA
0	vdw	C:LYS:159:CA	C:TYR:81:C
0	vdw	C:LEU:160:N	C:TYR:81:C
0	vdw	C:LYS:159:CA	C:TYR:81:O
0	vdw	C:LYS:159:C	C:TYR:81:O
0	vdw	C:LEU:160:N	C:TYR:81:O
0	vdw	C:ILE:145:CD1	C:LEU:160:CD2
0	vdw	C:HIS:142:CD2	C:PHE:163:CD2
0	vdw	C:ALA:161:C	C:HIS:142:NE2
0	vdw	C:ALA:161:O	C:HIS:142:NE2
0	vdw	C:HIS:142:CA	C:PHE:163:CD2
0	vdw	C:HIS:142:O	C:PHE:163:CA
0	vdw	C:HIS:142:O	C:PHE:163:C
0	vdw	C:HIS:142:O	C:PHE:163:CB
0	vdw	C:HIS:142:O	C:PHE:163:CD2
0	vdw	C:GLY:164:N	C:HIS:142:O
0	vdw	C:ASP:162:C	C:HIS:142:CE1
0	vdw	C:ASP:162:O	C:HIS:142:CE1
0	vdw	C:ALA:161:O	C:HIS:142:CE1
0	vdw	C:ARG:143:CB	C:GLY:164:CA
0	vdw	C:GLN:168:CB	C:GLN:193:CG
0	vdw	C:GLU:100:OE1	C:LYS:84:N
0	vdw	C:GLU:100:CB	C:LYS:84:N
0	vdw	C:GLU:100:CG	C:LYS:84:CB
0	vdw	C:GLU:100:OE1	C:LYS:84:CB
0	vdw	C:GLU:100:OE1	C:LYS:159:CD
0	vdw	C:LEU:160:O	C:THR:83:N
0	vdw	C:LEU:160:O	C:THR:83:OG1
0	vdw	C:LEU:160:O	C:THR:83:CG2
0	vdw	C:LEU:74:CD2	C:THR:83:O
0	vdw	C:LEU:74:CD2	C:THR:83:OG1
0	vdw	C:GLN:168:CB	C:GLN:193:OE1
0	vdw	C:GLN:168:CB	C:GLN:193:CD
0	vdw	C:LYS:84:O	C:MET:99:CA
0	vdw	C:LYS:84:O	C:MET:99:C
0	vdw	C:GLU:100:N	C:LYS:84:O
0	vdw	C:GLU:100:CB	C:LYS:84:O
0	vdw	C:MET:99:C	C:TYR:86:CE2
0	vdw	C:GLU:100:N	C:TYR:86:CE2
0	vdw	C:LYS:84:O	C:MET:99:CB
0	vdw	C:LYS:84:O	C:MET:99:CG
0	vdw	C:MET:99:CA	C:TYR:86:CD2
0	vdw	C:MET:99:C	C:TYR:86:CD2
0	vdw	C:MET:99:O	C:TYR:86:CE2
0	vdw	C:GLU:100:CA	C:TYR:86:CE2
0	vdw	C:LEU:74:CD1	C:MET:99:SD
0	vdw	C:GLU:70:OE2	C:PHE:163:N
0	vdw	C:ASP:162:CA	C:GLU:70:OE2
0	vdw	C:ASP:66:OD1	C:VAL:165:CG1
0	vdw	C:TYR:86:CD2	C:VAL:50:CG1
0	vdw	C:TYR:86:CE2	C:VAL:50:CG1
0	vdw	C:GLY:87:O	C:ILE:98:CA
0	vdw	C:GLY:87:O	C:ILE:98:CB
0	vdw	C:ILE:98:CG2	C:PHE:24:CZ
0	vdw	C:ALA:51:O	C:ILE:98:CA
0	vdw	C:ILE:98:CG2	C:VAL:50:CB
0	vdw	C:ALA:51:O	C:MET:99:N
0	vdw	C:ILE:98:CG2	C:VAL:50:CG2
0	vdw	C:MET:99:O	C:TYR:86:CD2
0	vdw	C:GLY:87:O	C:ILE:98:N
0	vdw	C:ILE:97:CB	C:LYS:53:O
0	vdw	C:ILE:67:CG2	C:ILE:97:CD1
0	vdw	C:ILE:55:CD1	C:ILE:97:CD1
0	vdw	C:ASP:43:C	C:LEU:23:O
0	vdw	C:ASN:44:CA	C:LEU:23:O
0	vdw	C:ASP:43:CA	C:PHE:24:CD1
0	vdw	C:ASP:43:CA	C:PHE:24:CE1
0	vdw	C:ASP:43:CB	C:PHE:24:CE1
0	vdw	C:ASP:43:CG	C:PHE:24:CE1
0	vdw	C:ASP:43:CA	C:LEU:23:O
0	vdw	C:ASP:43:OD1	C:LEU:23:O
0	vdw	C:ASN:44:N	C:LEU:23:C
0	vdw	C:ASN:44:N	C:LEU:23:O
0	vdw	C:ILE:42:O	C:PHE:24:CD1
0	vdw	C:ILE:98:CG2	C:PHE:24:CE1
0	vdw	C:PHE:24:CE1	C:VAL:50:CG2
0	vdw	C:PHE:24:CE2	C:TYR:89:CE2
0	vdw	C:ILE:98:CG1	C:PHE:24:CE2
0	vdw	C:ILE:98:CD1	C:PHE:24:CE2
0	vdw	C:ILE:98:CG1	C:PHE:24:CZ
0	vdw	C:ILE:98:CG1	C:TYR:89:CE2
0	vdw	C:ILE:52:CD1	C:ILE:98:CD1
0	vdw	C:GLY:87:O	C:ILE:98:CG1
0	vdw	C:TRP:96:O	C:TYR:89:N
0	vdw	C:TRP:96:N	C:TYR:89:O
0	vdw	C:TRP:96:CA	C:TYR:89:O
0	vdw	C:TRP:96:O	C:TYR:89:O
0	vdw	C:TRP:96:CB	C:TYR:89:O
0	vdw	C:LYS:53:O	C:TRP:96:CA
0	vdw	C:LYS:53:O	C:TRP:96:C
0	vdw	C:ILE:97:N	C:LYS:53:O
0	vdw	C:ILE:97:CA	C:LYS:53:O
0	vdw	C:ILE:64:CG1	C:LEU:57:CD2
0	vdw	C:ASN:44:CB	C:LEU:23:C
0	vdw	C:ASN:44:CB	C:LEU:23:O
0	vdw	C:ASN:44:ND2	C:GLU:22:C
0	vdw	C:ASN:44:CG	C:GLU:22:O
0	vdw	C:ASN:44:ND2	C:GLU:22:O
0	vdw	C:LEU:95:CA	C:TYR:89:O
0	vdw	C:LEU:95:C	C:TYR:89:O
0	vdw	C:LEU:95:CD1	C:TYR:89:O
0	vdw	C:LEU:57:CD1	C:LEU:90:CD1
0	vdw	C:LEU:57:CB	C:THR:93:O
0	vdw	C:LEU:57:CG	C:THR:93:O
0	vdw	C:LEU:57:CD1	C:THR:93:O
0	vdw	C:PHE:273:CA	C:PRO:246:CB
0	vdw	C:HIS:271:CE1	C:PHE:250:CA
0	vdw	C:HIS:271:NE2	C:PHE:250:N
0	vdw	C:HIS:271:NE2	C:PHE:250:CA
0	vdw	C:HIS:271:CG	C:PHE:250:CD2
0	vdw	C:HIS:271:CD2	C:PHE:250:CD2
0	vdw	C:HIS:271:ND1	C:PHE:250:CD2
0	vdw	C:HIS:271:CE1	C:PRO:246:O
0	vdw	C:HIS:271:CE1	C:PHE:250:CB
0	vdw	C:ALA:122:O	C:ALA:278:CB
0	vdw	C:ALA:122:C	C:ALA:278:CB
0	vdw	C:ARG:126:NH1	C:LYS:279:O
0	vdw	C:ILE:274:CG1	C:PHE:250:CE2
0	vdw	C:ILE:274:CD1	C:PHE:250:CE2
0	vdw	C:ARG:126:CB	C:ILE:274:CG2
0	vdw	C:ARG:126:CG	C:ILE:274:CG2
0	vdw	C:ILE:274:CD1	C:LEU:125:CB
0	vdw	C:LEU:125:CD1	C:PHE:250:CE1
0	vdw	C:CYS:254:CB	C:ILE:202:O
0	vdw	C:CYS:254:CB	C:GLY:206:CA
0	vdw	C:CYS:254:SG	C:LEU:205:CD2
0	vdw	C:LEU:255:C	C:PRO:236:CB
0	vdw	C:LEU:255:CA	C:TRP:203:CE3
0	vdw	C:LEU:255:CA	C:TRP:203:CZ3
0	vdw	C:LEU:255:C	C:TRP:203:CZ3
0	vdw	C:LEU:255:O	C:PRO:236:CB
0	vdw	C:LEU:255:O	C:PRO:236:CG
0	vdw	C:PRO:236:CB	C:TRP:203:CH2
0	vdw	C:ASN:256:N	C:TRP:203:CZ3
0	vdw	C:LYS:257:CG	C:PRO:236:CD
0	vdw	C:ARG:126:NH2	C:THR:281:CG2
0	vdw	C:GLU:127:OE2	C:THR:281:CG2
0	vdw	C:GLU:127:CG	C:THR:281:CG2
0	vdw	C:GLU:127:CD	C:THR:281:CG2
0	vdw	C:ARG:126:CZ	C:LYS:279:O
0	vdw	C:ARG:126:NH2	C:LYS:279:O
0	vdw	C:ILE:128:CG2	C:LEU:205:CD1
0	vdw	C:LEU:125:CD2	C:LEU:205:CD1
0	vdw	C:GLY:206:CA	C:LEU:255:CD2
0	vdw	C:LEU:255:CD2	C:TRP:203:O
0	vdw	C:LEU:255:CD2	C:TRP:203:CD2
0	vdw	C:LEU:255:CD2	C:TRP:203:CE2
0	vdw	C:TRP:185:O	C:TRP:203:CD1
0	vdw	C:ILE:207:CG1	C:LEU:255:CD2
0	vdw	C:ILE:207:CD1	C:LEU:255:CD2
0	vdw	C:ALA:187:CA	C:TRP:203:CG
0	vdw	C:MET:186:C	C:TRP:203:CD1
0	vdw	C:MET:186:O	C:TRP:203:CD1
0	vdw	C:ALA:187:N	C:TRP:203:CD1
0	vdw	C:ALA:187:CA	C:TRP:203:CD1
0	vdw	C:GLY:206:C	C:LEU:255:CD2
0	vdw	C:PRO:188:CD	C:TRP:203:CD2
0	vdw	C:PRO:188:CD	C:TRP:203:CE2
0	vdw	C:PRO:188:CD	C:TRP:203:CE3
0	vdw	C:MET:186:O	C:TRP:203:NE1
0	vdw	C:PRO:237:CD	C:TRP:203:CZ2
0	vdw	C:PRO:237:CD	C:TRP:203:CH2
0	vdw	C:ILE:231:O	C:LYS:257:CE
0	vdw	C:ILE:231:O	C:LYS:257:NZ
0	vdw	C:LYS:257:CE	C:PRO:232:O
0	vdw	C:LYS:257:NZ	C:PRO:232:C
0	vdw	C:LYS:257:NZ	C:PRO:232:O
0	vdw	C:ASN:234:O	C:LYS:257:NZ
0	vdw	C:GLU:127:CB	C:VAL:158:CB
0	vdw	C:GLU:127:CB	C:VAL:158:CG1
0	vdw	C:VAL:150:CG1	C:VAL:158:CG1
0	vdw	C:ILE:128:CG1	C:VAL:150:CG2
0	vdw	C:ILE:128:CG2	C:LEU:160:CD2
0	vdw	C:ILE:128:CD1	C:VAL:150:CG2
0	vdw	C:ILE:145:O	C:SER:204:CB
0	vdw	C:ILE:145:CB	C:SER:204:CB
0	vdw	C:ILE:145:O	C:TRP:185:CD1
0	vdw	C:ILE:145:O	C:THR:208:OG1
0	vdw	C:ILE:145:O	C:TRP:185:CB
0	vdw	C:ILE:145:O	C:TRP:185:CG
0	vdw	C:SER:204:CA	C:TRP:185:O
0	vdw	C:SER:204:CB	C:TRP:185:O
0	vdw	C:SER:204:OG	C:TRP:185:O
0	vdw	C:ILE:231:CG2	C:PRO:188:CA
0	vdw	C:ILE:191:CD1	C:ILE:231:CG2
0	vdw	C:ILE:191:CD1	C:ILE:231:CB
0	vdw	C:ILE:191:CD1	C:ILE:231:CD1
0	vdw	C:LEU:151:O	C:VAL:158:CA
0	vdw	C:LEU:151:O	C:VAL:158:C
0	vdw	C:GLU:100:OE2	C:LYS:159:CD
0	vdw	C:LEU:102:CD2	C:LYS:159:CD
0	vdw	C:GLU:157:O	C:LEU:152:CA
0	vdw	C:GLU:157:O	C:LEU:152:C
0	vdw	C:LEU:151:O	C:LYS:159:N
0	vdw	C:LEU:151:O	C:LYS:159:O
0	vdw	C:LEU:151:N	C:LYS:159:O
0	vdw	C:LEU:151:CA	C:LYS:159:O
0	vdw	C:ASN:149:CB	C:ASP:144:O
0	vdw	C:ALA:161:N	C:ASN:149:O
0	vdw	C:ALA:161:O	C:ASN:149:O
0	vdw	C:ALA:161:O	C:ASN:149:CB
0	vdw	C:ASN:149:CG	C:ASP:144:O
0	vdw	C:ASN:149:ND2	C:ASP:144:O
0	vdw	C:ILE:191:CG1	C:MET:186:SD
0	vdw	C:ASP:171:CG	C:MET:186:CE
0	vdw	C:ASP:171:OD1	C:MET:186:CE
0	vdw	C:ASP:171:OD2	C:MET:186:CE
0	vdw	C:ILE:191:CG2	C:LEU:228:CD1
0	vdw	C:ILE:191:CG2	C:LEU:228:O
0	vdw	C:LEU:102:CD1	C:THR:83:CG2
0	vdw	C:LEU:102:CD2	C:SER:153:CA
0	vdw	C:LEU:102:CD1	C:LEU:151:CB
0	vdw	C:ALA:161:CB	C:THR:83:CG2
0	vdw	C:ALA:161:CB	C:LEU:151:CD1
0	vdw	C:ASN:149:OD1	C:ASP:162:CB
0	vdw	C:ASN:149:OD1	C:ASP:162:OD2
0	vdw	C:ASN:149:ND2	C:ASP:144:CB
0	vdw	C:ASP:144:CB	C:ASP:162:O
0	vdw	C:ASN:149:ND2	C:ASP:144:CG
0	vdw	C:ASN:149:ND2	C:ASP:144:OD2
0	vdw	C:PHE:179:CD1	C:THR:172:CB
0	vdw	C:PHE:179:CE1	C:THR:172:CB
0	vdw	C:THR:172:CB	C:VAL:180:O
0	vdw	C:MET:99:O	C:VAL:50:C
0	vdw	C:MET:99:O	C:VAL:50:CB
0	vdw	C:ALA:51:N	C:MET:99:O
0	vdw	C:ALA:51:CB	C:GLU:100:O
0	vdw	C:TYR:101:CB	C:VAL:50:C
0	vdw	C:ASP:171:O	C:VAL:180:O
0	vdw	C:THR:172:O	C:THR:178:O
0	vdw	C:THR:172:CA	C:VAL:180:O
0	vdw	C:GLY:41:O	C:VAL:49:CA
0	vdw	C:GLY:41:O	C:VAL:49:C
0	vdw	C:GLY:41:O	C:VAL:50:N
0	vdw	C:GLY:41:C	C:VAL:50:O
0	vdw	C:GLY:41:O	C:VAL:50:O
0	vdw	C:ILE:42:CA	C:LYS:48:O
0	vdw	C:ASP:43:N	C:LYS:48:O
0	vdw	C:GLY:41:O	C:VAL:49:CG1
0	vdw	C:MET:99:O	C:VAL:50:CA
0	vdw	C:ALA:51:O	C:ILE:97:O
0	vdw	C:GLY:41:N	C:VAL:50:O
0	vdw	C:ALA:51:CA	C:PHE:39:O
0	vdw	C:ALA:51:C	C:PHE:39:O
0	vdw	C:ILE:52:N	C:PHE:39:O
0	vdw	C:GLY:41:CA	C:VAL:50:O
0	vdw	C:ILE:52:CA	C:ILE:97:O
0	vdw	C:ILE:52:C	C:ILE:97:O
0	vdw	C:ILE:97:O	C:LYS:53:N
0	vdw	C:ILE:97:O	C:LYS:53:CA
0	vdw	C:ILE:97:O	C:LYS:53:CB
0	vdw	C:ILE:52:CA	C:PHE:39:O
0	vdw	C:LYS:53:CG	C:VAL:38:CG2
0	vdw	C:ILE:42:O	C:PHE:24:CA
0	vdw	C:ILE:42:O	C:THR:25:N
0	vdw	C:ILE:42:N	C:THR:25:O
0	vdw	C:LEU:95:O	C:LYS:53:O
0	vdw	C:ILE:52:CG2	C:TRP:96:CE3
0	vdw	C:ILE:54:CG1	C:TRP:96:CG
0	vdw	C:ILE:54:CG1	C:TRP:96:CD2
0	vdw	C:ILE:54:CG1	C:TRP:96:CE2
0	vdw	C:GLU:37:O	C:ILE:54:N
0	vdw	C:ILE:54:CA	C:LEU:95:O
0	vdw	C:ILE:54:C	C:LEU:95:O
0	vdw	C:ILE:55:N	C:LEU:95:O
0	vdw	C:ILE:55:CA	C:LEU:95:O
0	vdw	C:GLU:37:O	C:ILE:54:CA
0	vdw	C:ALA:60:CB	C:PHE:35:CB
0	vdw	C:ASN:44:OD1	C:THR:25:CG2
0	vdw	C:ASN:44:OD1	C:THR:25:OG1
0	vdw	C:ASN:44:ND2	C:PHE:24:C
0	vdw	C:ASN:44:ND2	C:THR:25:CG2
0	vdw	C:GLU:21:CB	C:TRP:96:CZ3
0	vdw	C:GLU:21:CB	C:TRP:96:CH2
0	vdw	C:GLU:21:CB	C:TRP:96:CZ2
0	vdw	C:ILE:52:CG2	C:TRP:96:CZ3
0	vdw	C:ILE:55:O	C:LYS:94:CA
0	vdw	C:ILE:55:O	C:LYS:94:C
0	vdw	C:ILE:55:O	C:LEU:95:N
0	vdw	C:LEU:57:N	C:THR:93:O
0	vdw	C:LEU:57:CA	C:THR:93:O
0	vdw	C:ASP:56:OD1	C:THR:93:CG2
0	vdw	C:ASP:56:OD1	C:LYS:94:CE
0	vdw	C:GLU:58:CG	C:THR:93:OG1
0	vdw	C:ARG:276:NH2	C:PRO:246:CG
0	vdw	C:ALA:122:CB	C:ASN:277:CB
0	vdw	C:PHE:273:CB	C:PRO:246:C
0	vdw	C:PHE:273:CB	C:PRO:246:O
0	vdw	C:PHE:273:CB	C:PRO:246:CB
0	vdw	C:LEU:247:N	C:PHE:273:CD1
0	vdw	C:LEU:247:CA	C:PHE:273:CG
0	vdw	C:LEU:247:CA	C:PHE:273:CD1
0	vdw	C:LEU:247:CB	C:PHE:273:CD1
0	vdw	C:LEU:247:CB	C:PHE:273:CE1
0	vdw	C:LYS:279:CG	C:THR:119:CG2
0	vdw	C:ALA:122:CB	C:ASN:277:C
0	vdw	C:ALA:122:CB	C:ALA:278:N
0	vdw	C:ALA:122:CB	C:ALA:278:CA
0	vdw	C:LYS:279:N	C:THR:123:OG1
0	vdw	C:ASN:277:O	C:THR:119:CA
0	vdw	C:ASN:277:O	C:THR:119:CG2
0	vdw	C:ALA:122:CA	C:PHE:273:CE2
0	vdw	C:ALA:122:CB	C:PHE:273:CE2
0	vdw	C:ALA:122:CB	C:PHE:273:CZ
0	vdw	C:LEU:247:CD1	C:PHE:273:CE2
0	vdw	C:LEU:247:CD1	C:PHE:273:CZ
0	vdw	C:GLU:118:O	C:PHE:273:CZ
0	vdw	C:ALA:209:CB	C:VAL:251:CG2
0	vdw	C:LEU:255:CD1	C:PRO:237:O
0	vdw	C:ILE:210:CG1	C:VAL:251:CG1
0	vdw	C:ILE:210:CD1	C:VAL:251:CG1
0	vdw	C:ILE:210:CD1	C:LEU:255:CD1
0	vdw	C:LEU:255:CD1	C:PRO:237:CB
0	vdw	C:LEU:255:CD1	C:PRO:237:CD
0	vdw	C:LYS:279:O	C:THR:123:CG2
0	vdw	C:LEU:284:CD1	C:THR:123:CG2
0	vdw	C:ILE:210:CD1	C:PRO:218:CG
0	vdw	C:PRO:218:CG	C:PRO:237:CB
0	vdw	C:GLY:156:CA	C:THR:281:O
0	vdw	C:HIS:155:O	C:THR:285:OG1
0	vdw	C:ILE:124:CD1	C:LEU:110:CD1
0	vdw	C:ILE:124:CG2	C:LEU:212:CD1
0	vdw	C:ALA:107:CB	C:ALA:147:CB
0	vdw	C:ALA:147:CB	C:GLU:211:OE1
0	vdw	C:ALA:107:CB	C:ALA:147:O
0	vdw	C:ALA:147:CB	C:GLU:211:CD
0	vdw	C:ALA:107:C	C:ALA:147:CB
0	vdw	C:ALA:147:CB	C:LEU:108:N
0	vdw	C:ALA:147:CB	C:LEU:108:CA
0	vdw	C:ALA:147:CB	C:GLU:211:OE2
0	vdw	C:THR:208:OG1	C:TRP:185:CD1
0	vdw	C:GLU:211:OE1	C:TRP:185:NE1
0	vdw	C:ILE:207:CB	C:TRP:185:CD1
0	vdw	C:ILE:207:CG2	C:TRP:185:CD1
0	vdw	C:GLU:211:OE1	C:TRP:185:CE2
0	vdw	C:LYS:146:CB	C:TRP:185:CD1
0	vdw	C:LYS:146:CB	C:TRP:185:NE1
0	vdw	C:LYS:146:CA	C:THR:208:OG1
0	vdw	C:ALA:147:N	C:GLU:211:OE1
0	vdw	C:GLU:211:OE1	C:TRP:185:CZ2
0	vdw	C:GLU:211:CD	C:TRP:185:NE1
0	vdw	C:ILE:207:CG2	C:TRP:185:CA
0	vdw	C:ILE:207:CG2	C:TRP:185:CG
0	vdw	C:ILE:207:CG2	C:PHE:184:O
0	vdw	C:PHE:184:CB	C:PRO:217:CG
0	vdw	C:ILE:207:CG2	C:PRO:217:CB
0	vdw	C:GLU:211:CD	C:TRP:185:CE2
0	vdw	C:ILE:207:CG2	C:PRO:218:CD
0	vdw	C:ILE:231:CD1	C:PRO:183:O
0	vdw	C:PHE:184:CD1	C:VAL:227:CG1
0	vdw	C:GLY:104:O	C:LEU:152:CB
0	vdw	C:GLY:104:CA	C:LEU:152:C
0	vdw	C:SER:106:CB	C:VAL:150:O
0	vdw	C:ALA:147:O	C:SER:106:CB
0	vdw	C:LEU:151:CD2	C:SER:106:CB
0	vdw	C:GLY:105:O	C:LEU:151:CA
0	vdw	C:GLY:105:O	C:LEU:152:N
0	vdw	C:SER:106:CA	C:VAL:150:O
0	vdw	C:SER:106:C	C:VAL:150:O
0	vdw	C:ALA:107:N	C:VAL:150:O
0	vdw	C:LEU:152:CD1	C:SER:106:C
0	vdw	C:LEU:110:CD1	C:LEU:152:CD1
0	vdw	C:ALA:147:C	C:LEU:108:CB
0	vdw	C:ALA:147:O	C:LEU:108:N
0	vdw	C:ALA:107:N	C:ALA:147:O
0	vdw	C:LYS:146:CB	C:TRP:185:CD2
0	vdw	C:LYS:146:CD	C:TRP:185:CD2
0	vdw	C:LYS:146:CD	C:TRP:185:CE3
0	vdw	C:GLU:211:OE2	C:TRP:185:CZ2
0	vdw	C:LYS:146:CB	C:TRP:185:CG
0	vdw	C:LYS:146:CB	C:TRP:185:CE2
0	vdw	C:GLU:211:CD	C:TRP:185:CZ2
0	vdw	C:PRO:217:CG	C:TRP:185:CZ2
0	vdw	C:PRO:183:CG	C:PRO:224:O
0	vdw	C:PRO:183:CD	C:PRO:224:CB
0	vdw	C:LEU:228:CD2	C:PHE:179:CE1
0	vdw	C:GLY:104:N	C:SER:153:C
0	vdw	C:LEU:102:CA	C:SER:153:O
0	vdw	C:LEU:102:C	C:SER:153:O
0	vdw	C:GLY:103:N	C:SER:153:O
0	vdw	C:GLY:103:CA	C:SER:153:O
0	vdw	C:GLY:104:N	C:SER:153:O
0	vdw	C:GLY:103:C	C:SER:153:O
0	vdw	C:GLY:104:CA	C:SER:153:O
0	vdw	C:LEU:102:C	C:LEU:152:O
0	vdw	C:LEU:102:CB	C:LEU:152:O
0	vdw	C:GLY:104:N	C:LEU:152:O
0	vdw	C:GLY:104:CA	C:LEU:152:O
0	vdw	C:GLY:104:C	C:LEU:152:O
0	vdw	C:GLY:181:O	C:PRO:224:CB
0	vdw	C:MET:225:CG	C:PHE:179:CG
0	vdw	C:MET:225:CG	C:PHE:179:CD2
0	vdw	C:PHE:179:CE2	C:PRO:224:CB
0	vdw	C:LYS:40:CG	C:TYR:101:CE1
0	vdw	C:ILE:30:CG1	C:PHE:39:CA
0	vdw	C:ILE:30:CG1	C:PHE:39:C
0	vdw	C:ILE:30:CG1	C:LYS:40:N
0	vdw	C:ILE:30:CG1	C:VAL:38:C
0	vdw	C:ILE:30:CG1	C:VAL:38:O
0	vdw	C:ILE:30:CD1	C:VAL:38:CG1
0	vdw	C:ILE:52:O	C:PHE:39:O
0	vdw	C:GLU:28:O	C:PHE:39:CA
0	vdw	C:GLU:28:O	C:PHE:39:C
0	vdw	C:GLU:28:O	C:LYS:40:N
0	vdw	C:GLU:28:O	C:LYS:40:CB
0	vdw	C:GLU:28:CG	C:LYS:40:CB
0	vdw	C:ILE:30:CG2	C:LYS:40:CB
0	vdw	C:GLU:28:CD	C:LYS:40:CB
0	vdw	C:ILE:52:O	C:VAL:38:CA
0	vdw	C:ILE:52:O	C:VAL:38:C
0	vdw	C:ILE:52:O	C:VAL:38:CG1
0	vdw	C:ILE:52:O	C:PHE:39:N
0	vdw	C:GLY:31:O	C:VAL:38:N
0	vdw	C:GLY:31:O	C:VAL:38:CA
0	vdw	C:GLY:31:O	C:VAL:38:C
0	vdw	C:ILE:30:N	C:VAL:38:O
0	vdw	C:GLY:31:N	C:VAL:38:O
0	vdw	C:GLY:31:O	C:VAL:38:O
0	vdw	C:GLY:31:O	C:VAL:38:CB
0	vdw	C:GLY:41:CA	C:THR:25:O
0	vdw	C:GLY:41:CA	C:LEU:27:CD1
0	vdw	C:LEU:27:N	C:LYS:40:O
0	vdw	C:LEU:27:CD1	C:LYS:40:O
0	vdw	C:LEU:27:CA	C:LYS:40:O
0	vdw	C:LEU:27:CB	C:LYS:40:O
0	vdw	C:ILE:54:CD1	C:PHE:39:CD1
0	vdw	C:ILE:54:CD1	C:PHE:39:CE1
0	vdw	C:GLU:37:O	C:ILE:54:O
0	vdw	C:GLY:36:CA	C:ILE:54:O
0	vdw	C:GLY:36:C	C:ILE:54:O
0	vdw	C:GLU:37:N	C:ILE:54:O
0	vdw	C:ASP:56:CB	C:LYS:94:CE
0	vdw	C:ASP:56:CG	C:LYS:94:CE
0	vdw	C:GLU:118:CD	C:SER:244:N
0	vdw	C:GLU:118:CD	C:SER:244:CB
0	vdw	C:GLU:118:CD	C:SER:244:OG
0	vdw	C:GLU:118:OE1	C:SER:244:CB
0	vdw	C:GLU:118:OE1	C:SER:244:OG
0	vdw	C:GLU:118:OE2	C:TYR:243:CA
0	vdw	C:GLU:118:OE2	C:TYR:243:C
0	vdw	C:GLU:118:OE2	C:SER:244:N
0	vdw	C:GLU:118:OE2	C:SER:244:CB
0	vdw	C:GLU:118:OE2	C:SER:244:OG
0	vdw	C:GLU:118:CD	C:LEU:247:CD2
0	vdw	C:GLU:118:OE2	C:LEU:247:CD2
0	vdw	C:GLU:118:CG	C:LEU:247:CD2
0	vdw	C:LEU:239:CD2	C:LEU:247:CG
0	vdw	C:LEU:239:CD2	C:LEU:247:CD2
0	vdw	C:ALA:213:CA	C:ILE:121:CD1
0	vdw	C:ILE:121:CD1	C:LEU:116:O
0	vdw	C:ALA:213:CB	C:LEU:239:CD1
0	vdw	C:ARG:214:CG	C:LEU:239:CD1
0	vdw	C:ALA:213:CB	C:TYR:243:CE1
0	vdw	C:LEU:111:CD2	C:LEU:116:CD1
0	vdw	C:ILE:121:CG1	C:LEU:212:O
0	vdw	C:LEU:111:CD2	C:LEU:212:CA
0	vdw	C:LEU:111:CD2	C:LEU:212:C
0	vdw	C:LEU:111:CD2	C:LEU:212:O
0	vdw	C:LEU:116:CD2	C:LEU:287:CD1
0	vdw	C:GLN:120:NE2	C:LEU:287:CD1
0	vdw	C:GLU:211:O	C:LEU:111:CD1
0	vdw	C:GLU:211:CA	C:GLU:216:C
0	vdw	C:GLU:211:O	C:LEU:111:CD2
0	vdw	C:PRO:217:CG	C:TRP:185:CH2
0	vdw	C:PHE:184:CD1	C:PRO:218:O
0	vdw	C:HIS:219:O	C:VAL:227:CG2
0	vdw	C:HIS:219:CB	C:VAL:227:CG2
0	vdw	C:HIS:219:C	C:PHE:184:CE1
0	vdw	C:HIS:219:O	C:PHE:184:CE1
0	vdw	C:LEU:222:CB	C:VAL:227:CG2
0	vdw	C:LEU:222:CD1	C:LEU:230:CD1
0	vdw	C:LEU:110:CD2	C:LEU:287:O
0	vdw	C:LEU:110:CD2	C:LEU:287:CB
0	vdw	C:GLU:211:OE2	C:LEU:108:CD1
0	vdw	C:PHE:184:CE1	C:VAL:227:CG2
0	vdw	C:PHE:184:CE1	C:SER:220:CA
0	vdw	C:LYS:29:CA	C:PHE:39:CD2
0	vdw	C:LYS:29:CB	C:PHE:39:CD2
0	vdw	C:LYS:29:CB	C:PHE:39:CE2
0	vdw	C:LYS:29:CG	C:PHE:39:CE2
0	vdw	C:LYS:29:CE	C:PHE:39:CE2
0	vdw	C:LYS:29:CE	C:PHE:39:CZ
0	vdw	C:GLU:37:CD	C:LYS:29:CD
0	vdw	C:GLU:37:OE2	C:LYS:29:CD
0	vdw	C:GLU:37:CD	C:LYS:29:CE
0	vdw	C:GLU:37:OE2	C:LYS:29:CE
0	vdw	C:GLU:37:CD	C:LYS:29:NZ
0	vdw	C:GLU:37:OE2	C:LYS:29:NZ
0	vdw	C:ALA:213:O	C:TYR:243:CE1
0	vdw	C:ARG:214:CD	C:GLU:240:O
0	vdw	C:ALA:213:C	C:TYR:243:CZ
0	vdw	C:ALA:213:C	C:TYR:243:OH
0	vdw	C:ARG:214:NH1	C:GLU:240:O
0	vdw	C:ARG:214:NH1	C:GLU:240:CB
0	vdw	C:GLN:120:NE2	C:LEU:287:CD2
0	vdw	C:ALA:213:O	C:TYR:243:CZ
0	vdw	C:ALA:213:O	C:TYR:243:OH
0	vdw	C:GLY:215:CA	C:LEU:111:CD2
0	hbss	C:ASN:44:OD1	C:THR:25:OG1
0	hbss	C:GLU:37:OE2	C:LYS:29:NZ
0	hbss	C:ASN:44:ND2	C:ASN:44:OD1
0	hbss	C:ASP:43:OD2	C:THR:46:OG1
0	hbss	C:GLN:68:NE2	C:GLN:68:OE1
0	hbss	C:GLN:69:NE2	C:GLN:69:OE1
0	hbss	C:GLN:76:NE2	C:GLN:76:OE1
0	hbss	C:SER:88:OG	C:TYR:85:OH
0	hbss	C:ASP:109:OD2	C:SER:106:OG
0	hbss	C:GLN:120:NE2	C:GLN:120:OE1
0	hbss	C:ARG:126:NE	C:ARG:126:NH1
0	hbss	C:ARG:126:NE	C:ARG:126:NH2
0	hbss	C:ARG:126:NH1	C:ARG:126:NH2
0	hbss	C:GLU:127:OE2	C:LYS:130:NZ
0	hbss	C:HIS:136:ND1	C:HIS:136:NE2
0	hbss	C:ASP:201:OD2	C:HIS:136:NE2
0	hbss	C:HIS:142:ND1	C:HIS:142:NE2
0	hbss	C:ARG:143:NE	C:ARG:143:NH1
0	hbss	C:ARG:143:NE	C:ARG:143:NH2
0	hbss	C:ARG:143:NH1	C:ARG:143:NH2
0	hbss	C:ARG:143:NH1	C:TYR:196:OH
0	hbss	C:ASN:149:ND2	C:ASP:144:OD2
0	hbss	C:ASN:149:ND2	C:ASN:149:OD1
0	hbss	C:GLU:100:OE1	C:LYS:159:NZ
0	hbss	C:GLU:100:OE2	C:LYS:159:NZ
0	hbss	C:ASN:177:ND2	C:ASN:177:OD1
0	hbss	C:GLU:211:OE1	C:TRP:185:NE1
0	hbss	C:GLN:193:NE2	C:GLN:193:OE1
0	hbss	C:ARG:214:NE	C:ARG:214:NH1
0	hbss	C:ARG:214:NE	C:ARG:214:NH2
0	hbss	C:ARG:214:NH1	C:ARG:214:NH2
0	hbss	C:HIS:219:ND1	C:HIS:219:NE2
0	hbss	C:GLU:216:OE2	C:SER:220:OG
0	hbss	C:ASN:234:ND2	C:ASN:234:OD1
0	hbss	C:ASN:235:ND2	C:ASN:235:OD1
0	hbss	C:ASN:242:ND2	C:ASN:242:OD1
0	hbss	C:GLU:118:OE1	C:SER:244:OG
0	hbss	C:GLU:118:OE2	C:SER:244:OG
0	hbss	C:ASN:256:ND2	C:ASN:256:OD1
0	hbss	C:GLU:258:OE2	C:SER:260:OG
0	hbss	C:ARG:262:NE	C:ARG:262:NH1
0	hbss	C:ARG:262:NE	C:ARG:262:NH2
0	hbss	C:ARG:262:NH1	C:GLU:189:OE1
0	hbss	C:ARG:262:NH1	C:GLU:189:OE2
0	hbss	C:ARG:262:NH1	C:ARG:262:NH2
0	hbss	C:ARG:262:NH2	C:GLU:189:OE1
0	hbss	C:GLU:267:OE2	C:THR:264:OG1
0	hbss	C:ASP:133:OD1	C:LYS:266:NZ
0	hbss	C:ASP:133:OD2	C:LYS:266:NZ
0	hbss	C:HIS:271:ND1	C:HIS:271:NE2
0	hbss	C:ARG:276:NE	C:ARG:276:NH1
0	hbss	C:ARG:276:NE	C:ARG:276:NH2
0	hbss	C:ARG:276:NH1	C:ARG:276:NH2
0	hbss	C:ASN:277:ND2	C:ASN:277:OD1
0	hbsb	C:ASP:19:N	C:ASP:19:OD1
0	hbsb	C:THR:25:N	C:THR:25:OG1
0	hbsb	C:THR:25:O	C:THR:25:OG1
0	hbsb	C:GLU:28:N	C:GLU:28:OE1
0	hbsb	C:ASN:44:N	C:ASP:43:OD1
0	hbsb	C:ASN:44:N	C:ASN:44:OD1
0	hbsb	C:ASN:44:ND2	C:GLU:22:O
0	hbsb	C:ARG:45:N	C:ASP:43:OD1
0	hbsb	C:THR:46:N	C:THR:46:OG1
0	hbsb	C:ASP:62:N	C:ASP:62:OD1
0	hbsb	C:ASP:66:N	C:ASP:66:OD1
0	hbsb	C:GLN:68:NE2	C:ILE:64:O
0	hbsb	C:THR:72:N	C:THR:72:OG1
0	hbsb	C:GLN:68:O	C:THR:72:OG1
0	hbsb	C:SER:75:N	C:SER:75:OG
0	hbsb	C:ILE:71:O	C:SER:75:OG
0	hbsb	C:SER:75:OG	C:THR:72:O
0	hbsb	C:GLN:76:N	C:SER:75:OG
0	hbsb	C:ASP:78:N	C:TYR:134:OH
0	hbsb	C:PRO:80:N	C:SER:79:OG
0	hbsb	C:SER:79:OG	C:TYR:81:N
0	hbsb	C:THR:83:N	C:THR:83:OG1
0	hbsb	C:THR:83:O	C:THR:83:OG1
0	hbsb	C:LEU:160:O	C:THR:83:OG1
0	hbsb	C:GLU:100:OE1	C:LYS:84:N
0	hbsb	C:SER:88:N	C:TYR:85:OH
0	hbsb	C:SER:88:N	C:SER:88:OG
0	hbsb	C:SER:88:O	C:SER:88:OG
0	hbsb	C:ASP:92:OD1	C:THR:93:N
0	hbsb	C:THR:93:O	C:THR:93:OG1
0	hbsb	C:SER:106:N	C:SER:106:OG
0	hbsb	C:ASP:109:OD2	C:SER:106:N
0	hbsb	C:SER:106:O	C:SER:106:OG
0	hbsb	C:ALA:107:N	C:SER:106:OG
0	hbsb	C:LEU:108:N	C:SER:106:OG
0	hbsb	C:ASP:109:N	C:SER:106:OG
0	hbsb	C:ASP:109:N	C:ASP:109:OD1
0	hbsb	C:ASP:117:N	C:ASP:117:OD1
0	hbsb	C:ASP:117:N	C:GLN:120:OE1
0	hbsb	C:ASP:117:OD1	C:THR:119:N
0	hbsb	C:THR:119:N	C:THR:119:OG1
0	hbsb	C:ASP:117:OD1	C:GLN:120:N
0	hbsb	C:THR:123:N	C:THR:123:OG1
0	hbsb	C:THR:119:O	C:THR:123:OG1
0	hbsb	C:LYS:279:N	C:THR:123:OG1
0	hbsb	C:ARG:126:NH1	C:LYS:279:O
0	hbsb	C:ARG:126:NH2	C:LYS:279:O
0	hbsb	C:ASP:78:O	C:TYR:134:OH
0	hbsb	C:HIS:136:NE2	C:SER:198:O
0	hbsb	C:SER:137:N	C:SER:137:OG
0	hbsb	C:ASP:133:O	C:SER:137:OG
0	hbsb	C:SER:137:OG	C:TYR:134:O
0	hbsb	C:GLU:138:N	C:SER:137:OG
0	hbsb	C:ASP:201:OD2	C:HIS:142:N
0	hbsb	C:ALA:161:O	C:HIS:142:NE2
0	hbsb	C:ARG:143:N	C:ASP:201:OD1
0	hbsb	C:ASP:144:N	C:HIS:142:ND1
0	hbsb	C:HIS:142:ND1	C:ILE:145:N
0	hbsb	C:ALA:147:N	C:GLU:211:OE1
0	hbsb	C:ASN:149:N	C:ASN:149:OD1
0	hbsb	C:ASN:149:ND2	C:ASP:144:O
0	hbsb	C:SER:153:N	C:SER:153:OG
0	hbsb	C:GLU:154:N	C:SER:153:OG
0	hbsb	C:HIS:155:N	C:SER:153:OG
0	hbsb	C:GLY:156:N	C:SER:153:OG
0	hbsb	C:GLU:157:N	C:SER:153:OG
0	hbsb	C:LYS:159:NZ	C:PRO:80:O
0	hbsb	C:ASP:162:N	C:ASP:162:OD1
0	hbsb	C:GLU:70:OE2	C:PHE:163:N
0	hbsb	C:THR:170:N	C:THR:170:OG1
0	hbsb	C:ASP:171:OD2	C:THR:172:N
0	hbsb	C:THR:178:N	C:THR:178:OG1
0	hbsb	C:THR:182:N	C:THR:182:OG1
0	hbsb	C:GLU:189:N	C:GLU:189:OE1
0	hbsb	C:LYS:192:NZ	C:PRO:232:O
0	hbsb	C:SER:194:N	C:SER:194:OG
0	hbsb	C:GLU:189:O	C:SER:194:OG
0	hbsb	C:ASP:197:N	C:ASP:197:OD1
0	hbsb	C:SER:198:N	C:SER:198:OG
0	hbsb	C:LYS:199:N	C:SER:198:OG
0	hbsb	C:LYS:199:NZ	C:PRO:259:O
0	hbsb	C:ARG:262:O	C:LYS:199:NZ
0	hbsb	C:ASP:201:N	C:ASP:201:OD1
0	hbsb	C:MET:186:O	C:TRP:203:NE1
0	hbsb	C:SER:204:N	C:SER:204:OG
0	hbsb	C:SER:204:OG	C:TRP:185:O
0	hbsb	C:ALA:200:O	C:SER:204:OG
0	hbsb	C:THR:208:N	C:THR:208:OG1
0	hbsb	C:ILE:145:O	C:THR:208:OG1
0	hbsb	C:SER:204:O	C:THR:208:OG1
0	hbsb	C:ARG:214:NH1	C:GLU:240:O
0	hbsb	C:SER:220:N	C:SER:220:OG
0	hbsb	C:GLU:221:OE1	C:SER:220:N
0	hbsb	C:PRO:217:O	C:SER:220:OG
0	hbsb	C:GLU:221:N	C:SER:220:OG
0	hbsb	C:GLU:221:N	C:GLU:221:OE1
0	hbsb	C:ASN:234:N	C:ASN:234:OD1
0	hbsb	C:ASN:235:N	C:ASN:235:ND2
0	hbsb	C:THR:238:N	C:THR:238:OG1
0	hbsb	C:ASN:242:N	C:ASN:242:OD1
0	hbsb	C:ALA:213:O	C:TYR:243:OH
0	hbsb	C:GLU:118:OE2	C:SER:244:N
0	hbsb	C:SER:244:N	C:SER:244:OG
0	hbsb	C:SER:244:O	C:SER:244:OG
0	hbsb	C:ASN:256:OD1	C:LYS:257:N
0	hbsb	C:ILE:231:O	C:LYS:257:NZ
0	hbsb	C:LYS:257:NZ	C:PRO:232:O
0	hbsb	C:ASN:234:O	C:LYS:257:NZ
0	hbsb	C:ASN:256:OD1	C:GLU:258:N
0	hbsb	C:SER:260:N	C:SER:260:OG
0	hbsb	C:PHE:261:N	C:SER:260:OG
0	hbsb	C:ARG:262:NE	C:ASN:256:O
0	hbsb	C:ARG:262:NH1	C:LYS:199:O
0	hbsb	C:ARG:262:NH2	C:ASN:256:O
0	hbsb	C:THR:264:N	C:THR:264:OG1
0	hbsb	C:THR:264:O	C:THR:264:OG1
0	hbsb	C:GLU:267:N	C:THR:264:OG1
0	hbsb	C:HIS:271:ND1	C:LYS:272:N
0	hbsb	C:HIS:271:ND1	C:PHE:273:N
0	hbsb	C:ASN:277:N	C:ASN:277:OD1
0	hbsb	C:ARG:276:O	C:LYS:279:NZ
0	hbsb	C:THR:281:N	C:THR:281:OG1
0	hbsb	C:SER:282:N	C:THR:281:OG1
0	hbsb	C:SER:282:N	C:SER:282:OG
0	hbsb	C:SER:282:OG	C:TYR:283:N
0	hbsb	C:THR:285:N	C:THR:285:OG1
0	hbsb	C:HIS:155:O	C:THR:285:OG1
0	hbsb	C:SER:282:O	C:THR:285:OG1
0	hbbb	C:PHE:15:N	C:TYR:14:N
0	hbbb	C:PHE:15:N	C:TYR:14:O
0	hbbb	C:GLN:16:N	C:PHE:15:N
0	hbbb	C:GLN:16:N	C:TYR:14:O
0	hbbb	C:GLN:16:N	C:PHE:15:O
0	hbbb	C:GLN:16:N	C:GLN:16:O
0	hbbb	C:GLN:16:N	C:SER:17:N
0	hbbb	C:GLN:16:O	C:SER:17:N
0	hbbb	C:MET:18:N	C:SER:17:N
0	hbbb	C:GLN:16:O	C:MET:18:N
0	hbbb	C:MET:18:N	C:SER:17:O
0	hbbb	C:MET:18:N	C:MET:18:O
0	hbbb	C:ASP:19:N	C:MET:18:N
0	hbbb	C:ASP:19:N	C:SER:17:O
0	hbbb	C:ASP:19:N	C:MET:18:O
0	hbbb	C:ASP:19:N	C:ASP:19:O
0	hbbb	C:GLU:21:N	C:PRO:20:N
0	hbbb	C:GLU:21:N	C:PRO:20:O
0	hbbb	C:GLU:21:N	C:GLU:22:N
0	hbbb	C:GLU:21:O	C:GLU:22:N
0	hbbb	C:GLU:22:N	C:LEU:23:N
0	hbbb	C:GLU:21:O	C:LEU:23:N
0	hbbb	C:GLU:22:O	C:LEU:23:N
0	hbbb	C:LEU:23:N	C:PHE:24:N
0	hbbb	C:GLU:21:O	C:PHE:24:N
0	hbbb	C:LEU:23:O	C:PHE:24:N
0	hbbb	C:PHE:24:N	C:PHE:24:O
0	hbbb	C:PHE:24:O	C:THR:25:N
0	hbbb	C:THR:25:N	C:THR:25:O
0	hbbb	C:LYS:26:N	C:THR:25:N
0	hbbb	C:ILE:42:O	C:THR:25:N
0	hbbb	C:LYS:26:N	C:THR:25:O
0	hbbb	C:LYS:26:N	C:LYS:26:O
0	hbbb	C:LEU:27:N	C:LYS:26:N
0	hbbb	C:LEU:27:N	C:LYS:26:O
0	hbbb	C:LEU:27:N	C:LEU:27:O
0	hbbb	C:GLU:28:N	C:LEU:27:N
0	hbbb	C:LEU:27:N	C:LYS:40:O
0	hbbb	C:GLU:28:N	C:LEU:27:O
0	hbbb	C:GLU:28:N	C:GLU:28:O
0	hbbb	C:GLU:28:O	C:LYS:29:N
0	hbbb	C:LYS:29:N	C:LYS:29:O
0	hbbb	C:ILE:30:N	C:LYS:29:N
0	hbbb	C:GLU:28:O	C:ILE:30:N
0	hbbb	C:ILE:30:N	C:LYS:29:O
0	hbbb	C:GLY:31:N	C:ILE:30:N
0	hbbb	C:ILE:30:N	C:VAL:38:O
0	hbbb	C:GLY:31:N	C:ILE:30:O
0	hbbb	C:GLY:31:N	C:GLY:31:O
0	hbbb	C:GLY:31:N	C:VAL:38:O
0	hbbb	C:GLY:31:O	C:LYS:32:N
0	hbbb	C:LYS:32:N	C:LYS:32:O
0	hbbb	C:GLY:33:N	C:LYS:32:N
0	hbbb	C:GLY:33:N	C:LYS:32:O
0	hbbb	C:GLY:33:N	C:GLY:33:O
0	hbbb	C:GLY:33:N	C:GLY:36:O
0	hbbb	C:GLY:33:O	C:SER:34:N
0	hbbb	C:SER:34:N	C:SER:34:O
0	hbbb	C:PHE:35:N	C:SER:34:N
0	hbbb	C:PHE:35:N	C:SER:34:O
0	hbbb	C:GLY:36:N	C:PHE:35:N
0	hbbb	C:GLY:36:N	C:PHE:35:O
0	hbbb	C:GLY:36:N	C:GLY:36:O
0	hbbb	C:GLU:37:N	C:GLY:36:O
0	hbbb	C:GLU:37:N	C:GLU:37:O
0	hbbb	C:GLU:37:N	C:ILE:54:O
0	hbbb	C:GLY:31:O	C:VAL:38:N
0	hbbb	C:GLU:37:O	C:VAL:38:N
0	hbbb	C:VAL:38:N	C:VAL:38:O
0	hbbb	C:PHE:39:N	C:VAL:38:O
0	hbbb	C:PHE:39:N	C:PHE:39:O
0	hbbb	C:ILE:52:O	C:PHE:39:N
0	hbbb	C:GLU:28:O	C:LYS:40:N
0	hbbb	C:LYS:40:N	C:PHE:39:O
0	hbbb	C:LYS:40:N	C:LYS:40:O
0	hbbb	C:GLY:41:N	C:LYS:40:N
0	hbbb	C:GLY:41:N	C:LYS:40:O
0	hbbb	C:GLY:41:N	C:GLY:41:O
0	hbbb	C:GLY:41:N	C:VAL:50:O
0	hbbb	C:ILE:42:N	C:THR:25:O
0	hbbb	C:GLY:41:O	C:ILE:42:N
0	hbbb	C:ILE:42:N	C:ILE:42:O
0	hbbb	C:ASP:43:N	C:ILE:42:O
0	hbbb	C:ASP:43:N	C:ASP:43:O
0	hbbb	C:ASN:44:N	C:ASP:43:N
0	hbbb	C:ASP:43:N	C:LYS:48:O
0	hbbb	C:ASN:44:N	C:LEU:23:O
0	hbbb	C:ASN:44:N	C:ILE:42:O
0	hbbb	C:ASN:44:N	C:ASP:43:O
0	hbbb	C:ARG:45:N	C:ASN:44:N
0	hbbb	C:ARG:45:N	C:ASP:43:O
0	hbbb	C:ARG:45:N	C:ASN:44:O
0	hbbb	C:ARG:45:N	C:ARG:45:O
0	hbbb	C:ARG:45:N	C:THR:46:N
0	hbbb	C:ARG:45:O	C:THR:46:N
0	hbbb	C:GLN:47:N	C:THR:46:N
0	hbbb	C:ASP:43:O	C:GLN:47:N
0	hbbb	C:GLN:47:N	C:THR:46:O
0	hbbb	C:GLN:47:N	C:LYS:48:N
0	hbbb	C:LYS:48:N	C:THR:46:O
0	hbbb	C:GLN:47:O	C:LYS:48:N
0	hbbb	C:LYS:48:N	C:LYS:48:O
0	hbbb	C:LYS:48:O	C:VAL:49:N
0	hbbb	C:VAL:49:N	C:VAL:49:O
0	hbbb	C:GLY:41:O	C:VAL:50:N
0	hbbb	C:VAL:49:O	C:VAL:50:N
0	hbbb	C:VAL:50:N	C:VAL:50:O
0	hbbb	C:ALA:51:N	C:VAL:50:O
0	hbbb	C:ALA:51:N	C:ALA:51:O
0	hbbb	C:ALA:51:N	C:ILE:52:N
0	hbbb	C:ALA:51:N	C:MET:99:O
0	hbbb	C:ILE:52:N	C:PHE:39:O
0	hbbb	C:ALA:51:O	C:ILE:52:N
0	hbbb	C:ILE:52:N	C:ILE:52:O
0	hbbb	C:ILE:52:N	C:LYS:53:N
0	hbbb	C:ILE:52:O	C:LYS:53:N
0	hbbb	C:LYS:53:N	C:LYS:53:O
0	hbbb	C:ILE:54:N	C:LYS:53:N
0	hbbb	C:ILE:97:O	C:LYS:53:N
0	hbbb	C:GLU:37:O	C:ILE:54:N
0	hbbb	C:ILE:54:N	C:LYS:53:O
0	hbbb	C:ILE:54:N	C:ILE:54:O
0	hbbb	C:ILE:54:N	C:ILE:55:N
0	hbbb	C:ILE:54:O	C:ILE:55:N
0	hbbb	C:ILE:55:N	C:ILE:55:O
0	hbbb	C:ASP:56:N	C:ILE:55:N
0	hbbb	C:ILE:55:N	C:LEU:95:O
0	hbbb	C:ASP:56:N	C:ILE:55:O
0	hbbb	C:ASP:56:N	C:ASP:56:O
0	hbbb	C:ASP:56:N	C:LEU:57:N
0	hbbb	C:ILE:55:O	C:LEU:57:N
0	hbbb	C:ASP:56:O	C:LEU:57:N
0	hbbb	C:GLU:58:N	C:LEU:57:N
0	hbbb	C:LEU:57:N	C:THR:93:O
0	hbbb	C:ASP:56:O	C:GLU:58:N
0	hbbb	C:GLU:58:N	C:LEU:57:O
0	hbbb	C:GLU:58:N	C:GLU:58:O
0	hbbb	C:GLU:58:O	C:GLU:59:N
0	hbbb	C:ALA:60:N	C:GLU:59:N
0	hbbb	C:ALA:60:N	C:GLU:58:O
0	hbbb	C:ALA:60:N	C:GLU:59:O
0	hbbb	C:ALA:60:N	C:ALA:60:O
0	hbbb	C:ALA:60:N	C:GLU:61:N
0	hbbb	C:GLU:59:O	C:GLU:61:N
0	hbbb	C:ALA:60:O	C:GLU:61:N
0	hbbb	C:GLU:61:N	C:GLU:61:O
0	hbbb	C:ALA:60:O	C:ASP:62:N
0	hbbb	C:ASP:62:N	C:GLU:61:O
0	hbbb	C:ASP:62:N	C:ASP:62:O
0	hbbb	C:ASP:62:O	C:GLU:63:N
0	hbbb	C:GLU:63:N	C:ILE:64:N
0	hbbb	C:ASP:62:O	C:ILE:64:N
0	hbbb	C:GLU:63:O	C:ILE:64:N
0	hbbb	C:ILE:64:N	C:ILE:64:O
0	hbbb	C:GLU:65:N	C:ILE:64:N
0	hbbb	C:GLU:65:N	C:ILE:64:O
0	hbbb	C:ASP:66:N	C:GLU:65:N
0	hbbb	C:ASP:66:N	C:GLU:63:O
0	hbbb	C:ASP:66:N	C:ILE:64:O
0	hbbb	C:ASP:66:N	C:GLU:65:O
0	hbbb	C:ASP:66:N	C:ASP:66:O
0	hbbb	C:ASP:66:N	C:ILE:67:N
0	hbbb	C:GLU:63:O	C:ILE:67:N
0	hbbb	C:ILE:64:O	C:ILE:67:N
0	hbbb	C:ASP:66:O	C:ILE:67:N
0	hbbb	C:ILE:67:N	C:ILE:67:O
0	hbbb	C:GLN:68:N	C:ILE:67:N
0	hbbb	C:GLN:68:N	C:ILE:64:O
0	hbbb	C:GLN:68:N	C:ILE:67:O
0	hbbb	C:GLN:68:N	C:GLN:69:N
0	hbbb	C:GLN:69:N	C:GLU:65:O
0	hbbb	C:GLN:69:N	C:ILE:67:O
0	hbbb	C:GLN:68:O	C:GLN:69:N
0	hbbb	C:GLN:69:N	C:GLU:70:N
0	hbbb	C:ASP:66:O	C:GLU:70:N
0	hbbb	C:GLU:70:N	C:ILE:67:O
0	hbbb	C:GLN:69:O	C:GLU:70:N
0	hbbb	C:GLU:70:N	C:GLU:70:O
0	hbbb	C:GLU:70:N	C:ILE:71:N
0	hbbb	C:ILE:67:O	C:ILE:71:N
0	hbbb	C:GLN:68:O	C:ILE:71:N
0	hbbb	C:GLU:70:O	C:ILE:71:N
0	hbbb	C:ILE:71:N	C:ILE:71:O
0	hbbb	C:ILE:71:N	C:THR:72:N
0	hbbb	C:GLN:68:O	C:THR:72:N
0	hbbb	C:GLN:69:O	C:THR:72:N
0	hbbb	C:GLU:70:O	C:THR:72:N
0	hbbb	C:ILE:71:O	C:THR:72:N
0	hbbb	C:THR:72:N	C:THR:72:O
0	hbbb	C:THR:72:N	C:VAL:73:N
0	hbbb	C:GLN:69:O	C:VAL:73:N
0	hbbb	C:GLU:70:O	C:VAL:73:N
0	hbbb	C:ILE:71:O	C:VAL:73:N
0	hbbb	C:THR:72:O	C:VAL:73:N
0	hbbb	C:VAL:73:N	C:VAL:73:O
0	hbbb	C:LEU:74:N	C:VAL:73:N
0	hbbb	C:GLU:70:O	C:LEU:74:N
0	hbbb	C:ILE:71:O	C:LEU:74:N
0	hbbb	C:LEU:74:N	C:VAL:73:O
0	hbbb	C:LEU:74:N	C:SER:75:N
0	hbbb	C:ILE:71:O	C:SER:75:N
0	hbbb	C:SER:75:N	C:VAL:73:O
0	hbbb	C:LEU:74:O	C:SER:75:N
0	hbbb	C:GLN:76:N	C:SER:75:N
0	hbbb	C:GLN:76:N	C:THR:72:O
0	hbbb	C:GLN:76:N	C:VAL:73:O
0	hbbb	C:GLN:76:N	C:LEU:74:O
0	hbbb	C:GLN:76:N	C:SER:75:O
0	hbbb	C:CYS:77:N	C:GLN:76:N
0	hbbb	C:CYS:77:N	C:VAL:73:O
0	hbbb	C:CYS:77:N	C:LEU:74:O
0	hbbb	C:CYS:77:N	C:GLN:76:O
0	hbbb	C:CYS:77:N	C:CYS:77:O
0	hbbb	C:ASP:78:N	C:CYS:77:O
0	hbbb	C:ASP:78:N	C:ASP:78:O
0	hbbb	C:ASP:78:N	C:SER:79:N
0	hbbb	C:ASP:78:O	C:SER:79:N
0	hbbb	C:SER:79:N	C:SER:79:O
0	hbbb	C:SER:79:O	C:TYR:81:N
0	hbbb	C:PRO:80:N	C:TYR:81:N
0	hbbb	C:PRO:80:O	C:TYR:81:N
0	hbbb	C:TYR:81:N	C:VAL:82:N
0	hbbb	C:SER:79:O	C:VAL:82:N
0	hbbb	C:TYR:81:O	C:VAL:82:N
0	hbbb	C:VAL:82:N	C:VAL:82:O
0	hbbb	C:THR:83:N	C:VAL:82:N
0	hbbb	C:THR:83:N	C:VAL:82:O
0	hbbb	C:THR:83:N	C:THR:83:O
0	hbbb	C:LEU:160:O	C:THR:83:N
0	hbbb	C:LYS:84:N	C:VAL:82:O
0	hbbb	C:LYS:84:N	C:THR:83:O
0	hbbb	C:LYS:84:N	C:LYS:84:O
0	hbbb	C:LYS:84:O	C:TYR:85:N
0	hbbb	C:TYR:85:N	C:TYR:85:O
0	hbbb	C:TYR:85:O	C:TYR:86:N
0	hbbb	C:GLY:87:N	C:TYR:86:N
0	hbbb	C:ILE:98:O	C:TYR:86:N
0	hbbb	C:GLY:87:N	C:TYR:86:O
0	hbbb	C:GLY:87:N	C:GLY:87:O
0	hbbb	C:GLY:87:N	C:ILE:98:O
0	hbbb	C:GLY:87:O	C:SER:88:N
0	hbbb	C:SER:88:N	C:SER:88:O
0	hbbb	C:SER:88:O	C:TYR:89:N
0	hbbb	C:TYR:89:N	C:TYR:89:O
0	hbbb	C:TRP:96:O	C:TYR:89:N
0	hbbb	C:LEU:90:N	C:TYR:89:O
0	hbbb	C:LEU:90:N	C:LEU:90:O
0	hbbb	C:LEU:90:N	C:LYS:91:N
0	hbbb	C:LEU:90:O	C:LYS:91:N
0	hbbb	C:LYS:91:N	C:LYS:91:O
0	hbbb	C:ASP:92:N	C:LYS:91:N
0	hbbb	C:LYS:91:N	C:LYS:94:O
0	hbbb	C:ASP:92:N	C:LYS:91:O
0	hbbb	C:ASP:92:N	C:ASP:92:O
0	hbbb	C:ASP:92:N	C:THR:93:N
0	hbbb	C:LYS:91:O	C:THR:93:N
0	hbbb	C:ASP:92:O	C:THR:93:N
0	hbbb	C:LYS:94:N	C:THR:93:N
0	hbbb	C:LYS:91:O	C:LYS:94:N
0	hbbb	C:LYS:94:N	C:THR:93:O
0	hbbb	C:LYS:94:N	C:LYS:94:O
0	hbbb	C:ILE:55:O	C:LEU:95:N
0	hbbb	C:LEU:95:N	C:LYS:94:O
0	hbbb	C:LEU:95:N	C:LEU:95:O
0	hbbb	C:LEU:95:N	C:TRP:96:N
0	hbbb	C:TRP:96:N	C:TYR:89:O
0	hbbb	C:LEU:95:O	C:TRP:96:N
0	hbbb	C:TRP:96:N	C:TRP:96:O
0	hbbb	C:ILE:97:N	C:TRP:96:N
0	hbbb	C:ILE:97:N	C:LYS:53:O
0	hbbb	C:ILE:97:N	C:TRP:96:O
0	hbbb	C:ILE:97:N	C:ILE:97:O
0	hbbb	C:ILE:97:N	C:ILE:98:N
0	hbbb	C:GLY:87:O	C:ILE:98:N
0	hbbb	C:ILE:97:O	C:ILE:98:N
0	hbbb	C:ILE:98:N	C:ILE:98:O
0	hbbb	C:ILE:98:N	C:MET:99:N
0	hbbb	C:ALA:51:O	C:MET:99:N
0	hbbb	C:ILE:98:O	C:MET:99:N
0	hbbb	C:MET:99:N	C:MET:99:O
0	hbbb	C:GLU:100:N	C:LYS:84:O
0	hbbb	C:GLU:100:N	C:MET:99:O
0	hbbb	C:GLU:100:N	C:GLU:100:O
0	hbbb	C:GLU:100:O	C:TYR:101:N
0	hbbb	C:TYR:101:N	C:TYR:101:O
0	hbbb	C:LEU:102:N	C:TYR:101:N
0	hbbb	C:LEU:102:N	C:TYR:101:O
0	hbbb	C:LEU:102:N	C:LEU:102:O
0	hbbb	C:GLY:103:N	C:LEU:102:N
0	hbbb	C:GLY:103:N	C:LEU:102:O
0	hbbb	C:GLY:103:N	C:GLY:104:N
0	hbbb	C:GLY:103:N	C:SER:153:O
0	hbbb	C:GLY:104:N	C:LEU:102:O
0	hbbb	C:GLY:103:O	C:GLY:104:N
0	hbbb	C:GLY:104:N	C:GLY:105:N
0	hbbb	C:GLY:104:N	C:LEU:152:O
0	hbbb	C:GLY:104:N	C:SER:153:O
0	hbbb	C:GLY:104:O	C:GLY:105:N
0	hbbb	C:GLY:105:N	C:GLY:105:O
0	hbbb	C:GLY:105:O	C:SER:106:N
0	hbbb	C:SER:106:N	C:SER:106:O
0	hbbb	C:ALA:107:N	C:SER:106:O
0	hbbb	C:ALA:107:N	C:LEU:108:N
0	hbbb	C:ALA:107:N	C:ALA:147:O
0	hbbb	C:ALA:107:N	C:VAL:150:O
0	hbbb	C:LEU:108:N	C:SER:106:O
0	hbbb	C:ALA:107:O	C:LEU:108:N
0	hbbb	C:ASP:109:N	C:LEU:108:N
0	hbbb	C:ALA:147:O	C:LEU:108:N
0	hbbb	C:ASP:109:N	C:SER:106:O
0	hbbb	C:ASP:109:N	C:LEU:108:O
0	hbbb	C:ASP:109:N	C:LEU:110:N
0	hbbb	C:LEU:110:N	C:SER:106:O
0	hbbb	C:ALA:107:O	C:LEU:110:N
0	hbbb	C:ASP:109:O	C:LEU:110:N
0	hbbb	C:LEU:110:N	C:LEU:111:N
0	hbbb	C:LEU:108:O	C:LEU:111:N
0	hbbb	C:ASP:109:O	C:LEU:111:N
0	hbbb	C:LEU:110:O	C:LEU:111:N
0	hbbb	C:GLU:112:N	C:LEU:111:N
0	hbbb	C:ASP:109:O	C:GLU:112:N
0	hbbb	C:GLU:112:N	C:LEU:111:O
0	hbbb	C:GLU:112:N	C:GLU:112:O
0	hbbb	C:GLU:112:N	C:PRO:113:N
0	hbbb	C:GLU:112:O	C:GLY:114:N
0	hbbb	C:GLY:114:N	C:PRO:113:N
0	hbbb	C:GLY:114:N	C:PRO:113:O
0	hbbb	C:GLY:114:N	C:GLY:114:O
0	hbbb	C:LEU:116:N	C:PRO:115:O
0	hbbb	C:LEU:116:N	C:LEU:116:O
0	hbbb	C:ASP:117:N	C:LEU:116:O
0	hbbb	C:ASP:117:N	C:ASP:117:O
0	hbbb	C:ASP:117:O	C:GLU:118:N
0	hbbb	C:GLU:118:N	C:THR:119:N
0	hbbb	C:ASP:117:O	C:THR:119:N
0	hbbb	C:GLU:118:O	C:THR:119:N
0	hbbb	C:THR:119:N	C:THR:119:O
0	hbbb	C:GLN:120:N	C:THR:119:N
0	hbbb	C:ASP:117:O	C:GLN:120:N
0	hbbb	C:GLN:120:N	C:THR:119:O
0	hbbb	C:GLN:120:N	C:GLN:120:O
0	hbbb	C:GLN:120:N	C:ILE:121:N
0	hbbb	C:ASP:117:O	C:ILE:121:N
0	hbbb	C:GLN:120:O	C:ILE:121:N
0	hbbb	C:ILE:121:N	C:ILE:121:O
0	hbbb	C:ALA:122:N	C:ILE:121:N
0	hbbb	C:ALA:122:N	C:GLU:118:O
0	hbbb	C:ALA:122:N	C:THR:119:O
0	hbbb	C:ALA:122:N	C:ILE:121:O
0	hbbb	C:ALA:122:N	C:THR:123:N
0	hbbb	C:THR:119:O	C:THR:123:N
0	hbbb	C:GLN:120:O	C:THR:123:N
0	hbbb	C:ALA:122:O	C:THR:123:N
0	hbbb	C:THR:123:N	C:THR:123:O
0	hbbb	C:ILE:124:N	C:THR:123:N
0	hbbb	C:GLN:120:O	C:ILE:124:N
0	hbbb	C:ILE:121:O	C:ILE:124:N
0	hbbb	C:ILE:124:N	C:THR:123:O
0	hbbb	C:ILE:124:N	C:ILE:124:O
0	hbbb	C:ILE:124:N	C:LEU:125:N
0	hbbb	C:ILE:121:O	C:LEU:125:N
0	hbbb	C:ILE:124:O	C:LEU:125:N
0	hbbb	C:ARG:126:N	C:LEU:125:N
0	hbbb	C:ALA:122:O	C:ARG:126:N
0	hbbb	C:ARG:126:N	C:ILE:124:O
0	hbbb	C:ARG:126:N	C:LEU:125:O
0	hbbb	C:ARG:126:N	C:ARG:126:O
0	hbbb	C:ARG:126:N	C:GLU:127:N
0	hbbb	C:GLU:127:N	C:THR:123:O
0	hbbb	C:GLU:127:N	C:ILE:124:O
0	hbbb	C:ARG:126:O	C:GLU:127:N
0	hbbb	C:GLU:127:N	C:ILE:128:N
0	hbbb	C:ILE:124:O	C:ILE:128:N
0	hbbb	C:ILE:128:N	C:LEU:125:O
0	hbbb	C:GLU:127:O	C:ILE:128:N
0	hbbb	C:ILE:128:N	C:ILE:128:O
0	hbbb	C:ILE:128:N	C:LEU:129:N
0	hbbb	C:LEU:125:O	C:LEU:129:N
0	hbbb	C:ARG:126:O	C:LEU:129:N
0	hbbb	C:ILE:128:O	C:LEU:129:N
0	hbbb	C:LEU:129:N	C:LYS:130:N
0	hbbb	C:ARG:126:O	C:LYS:130:N
0	hbbb	C:GLU:127:O	C:LYS:130:N
0	hbbb	C:ILE:128:O	C:LYS:130:N
0	hbbb	C:LEU:129:O	C:LYS:130:N
0	hbbb	C:GLY:131:N	C:LYS:130:N
0	hbbb	C:GLU:127:O	C:GLY:131:N
0	hbbb	C:GLY:131:N	C:ILE:128:O
0	hbbb	C:GLY:131:N	C:LEU:129:O
0	hbbb	C:GLY:131:N	C:LYS:130:O
0	hbbb	C:GLY:131:N	C:LEU:132:N
0	hbbb	C:ILE:128:O	C:LEU:132:N
0	hbbb	C:LEU:129:O	C:LEU:132:N
0	hbbb	C:GLY:131:O	C:LEU:132:N
0	hbbb	C:LEU:132:N	C:LEU:132:O
0	hbbb	C:ASP:133:N	C:LEU:132:N
0	hbbb	C:ASP:133:N	C:LEU:129:O
0	hbbb	C:ASP:133:N	C:LEU:132:O
0	hbbb	C:ASP:133:N	C:TYR:134:N
0	hbbb	C:LYS:130:O	C:TYR:134:N
0	hbbb	C:GLY:131:O	C:TYR:134:N
0	hbbb	C:LEU:132:O	C:TYR:134:N
0	hbbb	C:ASP:133:O	C:TYR:134:N
0	hbbb	C:TYR:134:N	C:TYR:134:O
0	hbbb	C:LEU:135:N	C:TYR:134:N
0	hbbb	C:GLY:131:O	C:LEU:135:N
0	hbbb	C:LEU:132:O	C:LEU:135:N
0	hbbb	C:LEU:135:N	C:TYR:134:O
0	hbbb	C:LEU:135:N	C:LEU:135:O
0	hbbb	C:HIS:136:N	C:LEU:135:N
0	hbbb	C:HIS:136:N	C:LEU:132:O
0	hbbb	C:HIS:136:N	C:LEU:135:O
0	hbbb	C:HIS:136:N	C:SER:137:N
0	hbbb	C:HIS:136:N	C:LYS:140:O
0	hbbb	C:ASP:133:O	C:SER:137:N
0	hbbb	C:SER:137:N	C:TYR:134:O
0	hbbb	C:LEU:135:O	C:SER:137:N
0	hbbb	C:HIS:136:O	C:SER:137:N
0	hbbb	C:GLU:138:N	C:SER:137:N
0	hbbb	C:GLU:138:N	C:TYR:134:O
0	hbbb	C:GLU:138:N	C:LEU:135:O
0	hbbb	C:GLU:138:N	C:HIS:136:O
0	hbbb	C:GLU:138:N	C:SER:137:O
0	hbbb	C:GLU:138:N	C:LYS:139:N
0	hbbb	C:LEU:135:O	C:LYS:139:N
0	hbbb	C:HIS:136:O	C:LYS:139:N
0	hbbb	C:LYS:139:N	C:SER:137:O
0	hbbb	C:GLU:138:O	C:LYS:139:N
0	hbbb	C:LYS:139:N	C:LYS:140:N
0	hbbb	C:LEU:135:O	C:LYS:140:N
0	hbbb	C:GLU:138:O	C:LYS:140:N
0	hbbb	C:LYS:139:O	C:LYS:140:N
0	hbbb	C:LYS:140:N	C:LYS:140:O
0	hbbb	C:ILE:141:N	C:LYS:140:O
0	hbbb	C:ILE:141:N	C:ILE:141:O
0	hbbb	C:HIS:142:N	C:ILE:141:O
0	hbbb	C:HIS:142:N	C:HIS:142:O
0	hbbb	C:ARG:143:N	C:HIS:142:N
0	hbbb	C:ARG:143:N	C:HIS:142:O
0	hbbb	C:ARG:143:N	C:ASP:144:N
0	hbbb	C:ASP:144:N	C:HIS:142:O
0	hbbb	C:ARG:143:O	C:ASP:144:N
0	hbbb	C:ASP:144:N	C:ASP:144:O
0	hbbb	C:ASP:144:N	C:ILE:145:N
0	hbbb	C:ASP:144:O	C:ILE:145:N
0	hbbb	C:ILE:145:N	C:ILE:145:O
0	hbbb	C:ILE:145:N	C:LYS:146:N
0	hbbb	C:ILE:145:O	C:LYS:146:N
0	hbbb	C:LYS:146:N	C:LYS:146:O
0	hbbb	C:ALA:147:N	C:LYS:146:O
0	hbbb	C:ALA:147:N	C:ALA:148:N
0	hbbb	C:ALA:148:N	C:LYS:146:O
0	hbbb	C:ALA:147:O	C:ALA:148:N
0	hbbb	C:ALA:148:N	C:ASN:149:N
0	hbbb	C:ASN:149:N	C:LYS:146:O
0	hbbb	C:ALA:147:O	C:ASN:149:N
0	hbbb	C:ALA:148:O	C:ASN:149:N
0	hbbb	C:ASN:149:N	C:VAL:150:N
0	hbbb	C:LYS:146:O	C:VAL:150:N
0	hbbb	C:ALA:147:O	C:VAL:150:N
0	hbbb	C:ASN:149:O	C:VAL:150:N
0	hbbb	C:VAL:150:N	C:VAL:150:O
0	hbbb	C:LEU:151:N	C:VAL:150:N
0	hbbb	C:LEU:151:N	C:VAL:150:O
0	hbbb	C:LEU:151:N	C:LEU:151:O
0	hbbb	C:LEU:151:N	C:LYS:159:O
0	hbbb	C:GLY:105:O	C:LEU:152:N
0	hbbb	C:LEU:151:O	C:LEU:152:N
0	hbbb	C:LEU:152:N	C:LEU:152:O
0	hbbb	C:LEU:152:O	C:SER:153:N
0	hbbb	C:SER:153:N	C:SER:153:O
0	hbbb	C:GLU:154:N	C:SER:153:N
0	hbbb	C:GLU:157:O	C:SER:153:N
0	hbbb	C:GLU:154:N	C:SER:153:O
0	hbbb	C:GLU:154:N	C:HIS:155:N
0	hbbb	C:GLU:154:O	C:HIS:155:N
0	hbbb	C:GLY:156:N	C:HIS:155:N
0	hbbb	C:GLY:156:N	C:HIS:155:O
0	hbbb	C:GLU:157:N	C:GLY:156:N
0	hbbb	C:GLU:157:N	C:GLY:156:O
0	hbbb	C:GLU:157:N	C:GLU:157:O
0	hbbb	C:GLU:157:O	C:VAL:158:N
0	hbbb	C:VAL:158:N	C:VAL:158:O
0	hbbb	C:LYS:159:N	C:VAL:158:N
0	hbbb	C:LEU:151:O	C:LYS:159:N
0	hbbb	C:LYS:159:N	C:VAL:158:O
0	hbbb	C:LYS:159:N	C:LYS:159:O
0	hbbb	C:LEU:160:N	C:TYR:81:O
0	hbbb	C:LEU:160:N	C:LYS:159:O
0	hbbb	C:LEU:160:N	C:LEU:160:O
0	hbbb	C:ALA:161:N	C:ASN:149:O
0	hbbb	C:ALA:161:N	C:LEU:160:O
0	hbbb	C:ALA:161:N	C:ALA:161:O
0	hbbb	C:ALA:161:O	C:ASP:162:N
0	hbbb	C:ASP:162:N	C:ASP:162:O
0	hbbb	C:ASP:162:N	C:PHE:163:N
0	hbbb	C:ASP:162:O	C:PHE:163:N
0	hbbb	C:PHE:163:N	C:PHE:163:O
0	hbbb	C:GLY:164:N	C:HIS:142:O
0	hbbb	C:GLY:164:N	C:PHE:163:O
0	hbbb	C:GLY:164:N	C:GLY:164:O
0	hbbb	C:GLY:164:O	C:VAL:165:N
0	hbbb	C:VAL:165:N	C:VAL:165:O
0	hbbb	C:ALA:166:N	C:VAL:165:O
0	hbbb	C:ALA:166:N	C:ALA:166:O
0	hbbb	C:ALA:166:O	C:GLY:167:N
0	hbbb	C:GLY:167:N	C:GLY:167:O
0	hbbb	C:GLN:168:N	C:GLY:167:N
0	hbbb	C:GLN:168:N	C:GLY:167:O
0	hbbb	C:GLN:168:N	C:LEU:169:N
0	hbbb	C:GLY:167:O	C:LEU:169:N
0	hbbb	C:GLN:168:O	C:LEU:169:N
0	hbbb	C:LEU:169:N	C:THR:170:N
0	hbbb	C:GLY:167:O	C:THR:170:N
0	hbbb	C:LEU:169:O	C:THR:170:N
0	hbbb	C:ASP:171:N	C:THR:170:N
0	hbbb	C:ASP:171:N	C:GLY:167:O
0	hbbb	C:ASP:171:N	C:GLN:168:O
0	hbbb	C:ASP:171:N	C:THR:170:O
0	hbbb	C:ASP:171:N	C:ASP:171:O
0	hbbb	C:ASP:171:N	C:THR:172:N
0	hbbb	C:GLN:168:O	C:THR:172:N
0	hbbb	C:LEU:169:O	C:THR:172:N
0	hbbb	C:ASP:171:O	C:THR:172:N
0	hbbb	C:ARG:176:N	C:ARG:176:O
0	hbbb	C:ARG:176:N	C:ASN:177:N
0	hbbb	C:ARG:176:O	C:ASN:177:N
0	hbbb	C:ASN:177:N	C:THR:178:N
0	hbbb	C:ARG:176:O	C:THR:178:N
0	hbbb	C:ASN:177:O	C:THR:178:N
0	hbbb	C:THR:178:N	C:THR:178:O
0	hbbb	C:PHE:179:N	C:THR:178:O
0	hbbb	C:PHE:179:N	C:PHE:179:O
0	hbbb	C:PHE:179:N	C:VAL:180:N
0	hbbb	C:THR:178:O	C:VAL:180:N
0	hbbb	C:PHE:179:O	C:VAL:180:N
0	hbbb	C:VAL:180:N	C:VAL:180:O
0	hbbb	C:GLY:181:N	C:VAL:180:N
0	hbbb	C:GLY:181:N	C:VAL:180:O
0	hbbb	C:GLY:181:N	C:GLY:181:O
0	hbbb	C:GLY:181:O	C:THR:182:N
0	hbbb	C:THR:182:N	C:THR:182:O
0	hbbb	C:PRO:183:N	C:THR:182:N
0	hbbb	C:PHE:184:N	C:PRO:183:N
0	hbbb	C:PHE:184:N	C:PRO:183:O
0	hbbb	C:PHE:184:N	C:TRP:185:N
0	hbbb	C:PRO:183:O	C:TRP:185:N
0	hbbb	C:PHE:184:O	C:TRP:185:N
0	hbbb	C:MET:186:N	C:TRP:185:N
0	hbbb	C:MET:186:N	C:PRO:183:O
0	hbbb	C:MET:186:N	C:TRP:185:O
0	hbbb	C:MET:186:N	C:MET:186:O
0	hbbb	C:ALA:187:N	C:MET:186:O
0	hbbb	C:ALA:187:N	C:ALA:187:O
0	hbbb	C:ALA:187:O	C:GLU:189:N
0	hbbb	C:GLU:189:N	C:PRO:188:N
0	hbbb	C:GLU:189:N	C:PRO:188:O
0	hbbb	C:GLU:189:N	C:VAL:190:N
0	hbbb	C:ALA:187:O	C:VAL:190:N
0	hbbb	C:GLU:189:O	C:VAL:190:N
0	hbbb	C:VAL:190:N	C:VAL:190:O
0	hbbb	C:ILE:191:N	C:VAL:190:N
0	hbbb	C:ALA:187:O	C:ILE:191:N
0	hbbb	C:ILE:191:N	C:PRO:188:O
0	hbbb	C:ILE:191:N	C:VAL:190:O
0	hbbb	C:ILE:191:N	C:ILE:191:O
0	hbbb	C:ILE:191:N	C:LYS:192:N
0	hbbb	C:LYS:192:N	C:PRO:188:O
0	hbbb	C:ILE:191:O	C:LYS:192:N
0	hbbb	C:GLN:193:N	C:LYS:192:N
0	hbbb	C:GLN:193:N	C:GLU:189:O
0	hbbb	C:GLN:193:N	C:VAL:190:O
0	hbbb	C:GLN:193:N	C:ILE:191:O
0	hbbb	C:GLN:193:N	C:LYS:192:O
0	hbbb	C:GLN:193:N	C:SER:194:N
0	hbbb	C:GLU:189:O	C:SER:194:N
0	hbbb	C:LYS:192:O	C:SER:194:N
0	hbbb	C:GLN:193:O	C:SER:194:N
0	hbbb	C:SER:194:N	C:SER:194:O
0	hbbb	C:ALA:195:N	C:SER:194:O
0	hbbb	C:ALA:195:N	C:ALA:195:O
0	hbbb	C:SER:194:O	C:TYR:196:N
0	hbbb	C:ALA:195:O	C:TYR:196:N
0	hbbb	C:TYR:196:N	C:TYR:196:O
0	hbbb	C:ASP:197:N	C:TYR:196:O
0	hbbb	C:ASP:197:N	C:ASP:197:O
0	hbbb	C:ASP:197:O	C:SER:198:N
0	hbbb	C:LYS:199:N	C:SER:198:N
0	hbbb	C:ASP:197:O	C:LYS:199:N
0	hbbb	C:LYS:199:N	C:SER:198:O
0	hbbb	C:ALA:200:N	C:LYS:199:N
0	hbbb	C:ALA:200:N	C:ASP:197:O
0	hbbb	C:ALA:200:N	C:SER:198:O
0	hbbb	C:ALA:200:N	C:LYS:199:O
0	hbbb	C:ALA:200:N	C:ASP:201:N
0	hbbb	C:ASP:201:N	C:SER:198:O
0	hbbb	C:ASP:201:N	C:LYS:199:O
0	hbbb	C:ALA:200:O	C:ASP:201:N
0	hbbb	C:ASP:201:N	C:ILE:202:N
0	hbbb	C:ILE:202:N	C:LYS:199:O
0	hbbb	C:ASP:201:O	C:ILE:202:N
0	hbbb	C:ILE:202:N	C:ILE:202:O
0	hbbb	C:ILE:202:N	C:TRP:203:N
0	hbbb	C:LYS:199:O	C:TRP:203:N
0	hbbb	C:ILE:202:O	C:TRP:203:N
0	hbbb	C:TRP:203:N	C:TRP:203:O
0	hbbb	C:SER:204:N	C:TRP:203:N
0	hbbb	C:ALA:200:O	C:SER:204:N
0	hbbb	C:ASP:201:O	C:SER:204:N
0	hbbb	C:SER:204:N	C:TRP:203:O
0	hbbb	C:SER:204:N	C:SER:204:O
0	hbbb	C:LEU:205:N	C:SER:204:N
0	hbbb	C:ASP:201:O	C:LEU:205:N
0	hbbb	C:ILE:202:O	C:LEU:205:N
0	hbbb	C:LEU:205:N	C:TRP:203:O
0	hbbb	C:LEU:205:N	C:SER:204:O
0	hbbb	C:LEU:205:N	C:LEU:205:O
0	hbbb	C:GLY:206:N	C:LEU:205:N
0	hbbb	C:GLY:206:N	C:ILE:202:O
0	hbbb	C:GLY:206:N	C:TRP:203:O
0	hbbb	C:GLY:206:N	C:LEU:205:O
0	hbbb	C:GLY:206:N	C:ILE:207:N
0	hbbb	C:ILE:207:N	C:TRP:203:O
0	hbbb	C:ILE:207:N	C:SER:204:O
0	hbbb	C:ILE:207:N	C:LEU:205:O
0	hbbb	C:GLY:206:O	C:ILE:207:N
0	hbbb	C:ILE:207:N	C:ILE:207:O
0	hbbb	C:ILE:207:N	C:THR:208:N
0	hbbb	C:SER:204:O	C:THR:208:N
0	hbbb	C:LEU:205:O	C:THR:208:N
0	hbbb	C:ILE:207:O	C:THR:208:N
0	hbbb	C:ALA:209:N	C:THR:208:N
0	hbbb	C:ALA:209:N	C:LEU:205:O
0	hbbb	C:ALA:209:N	C:GLY:206:O
0	hbbb	C:ALA:209:N	C:THR:208:O
0	hbbb	C:ALA:209:N	C:ALA:209:O
0	hbbb	C:ALA:209:N	C:ILE:210:N
0	hbbb	C:GLY:206:O	C:ILE:210:N
0	hbbb	C:ILE:207:O	C:ILE:210:N
0	hbbb	C:ALA:209:O	C:ILE:210:N
0	hbbb	C:ILE:210:N	C:ILE:210:O
0	hbbb	C:GLU:211:N	C:ILE:210:N
0	hbbb	C:GLU:211:N	C:ILE:207:O
0	hbbb	C:GLU:211:N	C:THR:208:O
0	hbbb	C:GLU:211:N	C:ILE:210:O
0	hbbb	C:GLU:211:N	C:GLU:211:O
0	hbbb	C:GLU:211:N	C:LEU:212:N
0	hbbb	C:LEU:212:N	C:THR:208:O
0	hbbb	C:ALA:209:O	C:LEU:212:N
0	hbbb	C:ILE:210:O	C:LEU:212:N
0	hbbb	C:GLU:211:O	C:LEU:212:N
0	hbbb	C:ALA:213:N	C:LEU:212:N
0	hbbb	C:ALA:209:O	C:ALA:213:N
0	hbbb	C:ALA:213:N	C:ILE:210:O
0	hbbb	C:ALA:213:N	C:LEU:212:O
0	hbbb	C:ALA:213:N	C:ALA:213:O
0	hbbb	C:ALA:213:N	C:ARG:214:N
0	hbbb	C:ARG:214:N	C:ILE:210:O
0	hbbb	C:ALA:213:O	C:ARG:214:N
0	hbbb	C:ARG:214:N	C:GLY:215:N
0	hbbb	C:GLU:211:O	C:GLY:215:N
0	hbbb	C:ARG:214:O	C:GLY:215:N
0	hbbb	C:GLU:216:N	C:GLY:215:N
0	hbbb	C:GLU:216:N	C:GLY:215:O
0	hbbb	C:GLU:216:N	C:GLU:216:O
0	hbbb	C:HIS:219:N	C:PRO:218:O
0	hbbb	C:HIS:219:N	C:SER:220:N
0	hbbb	C:PRO:218:O	C:SER:220:N
0	hbbb	C:HIS:219:O	C:SER:220:N
0	hbbb	C:GLU:221:N	C:SER:220:N
0	hbbb	C:GLU:221:N	C:HIS:219:O
0	hbbb	C:GLU:221:N	C:SER:220:O
0	hbbb	C:GLU:221:N	C:LEU:222:N
0	hbbb	C:HIS:219:O	C:LEU:222:N
0	hbbb	C:LEU:222:N	C:SER:220:O
0	hbbb	C:GLU:221:O	C:LEU:222:N
0	hbbb	C:LEU:222:N	C:LEU:222:O
0	hbbb	C:HIS:223:N	C:LEU:222:O
0	hbbb	C:HIS:223:N	C:HIS:223:O
0	hbbb	C:HIS:223:O	C:MET:225:N
0	hbbb	C:MET:225:N	C:PRO:224:N
0	hbbb	C:MET:225:N	C:PRO:224:O
0	hbbb	C:LYS:226:N	C:MET:225:N
0	hbbb	C:HIS:223:O	C:LYS:226:N
0	hbbb	C:LYS:226:N	C:PRO:224:O
0	hbbb	C:LYS:226:N	C:MET:225:O
0	hbbb	C:LYS:226:N	C:VAL:227:N
0	hbbb	C:HIS:223:O	C:VAL:227:N
0	hbbb	C:PRO:224:O	C:VAL:227:N
0	hbbb	C:LYS:226:O	C:VAL:227:N
0	hbbb	C:VAL:227:N	C:VAL:227:O
0	hbbb	C:LEU:228:N	C:VAL:227:N
0	hbbb	C:LEU:228:N	C:PRO:224:O
0	hbbb	C:LEU:228:N	C:MET:225:O
0	hbbb	C:LEU:228:N	C:VAL:227:O
0	hbbb	C:LEU:228:N	C:PHE:229:N
0	hbbb	C:MET:225:O	C:PHE:229:N
0	hbbb	C:PHE:229:N	C:VAL:227:O
0	hbbb	C:LEU:228:O	C:PHE:229:N
0	hbbb	C:LEU:230:N	C:PHE:229:N
0	hbbb	C:LEU:230:N	C:LYS:226:O
0	hbbb	C:LEU:230:N	C:VAL:227:O
0	hbbb	C:LEU:230:N	C:PHE:229:O
0	hbbb	C:LEU:230:N	C:LEU:230:O
0	hbbb	C:ILE:231:N	C:LEU:230:N
0	hbbb	C:ILE:231:N	C:VAL:227:O
0	hbbb	C:ILE:231:N	C:LEU:230:O
0	hbbb	C:ILE:231:N	C:ILE:231:O
0	hbbb	C:ILE:231:N	C:PRO:232:N
0	hbbb	C:LEU:230:O	C:LYS:233:N
0	hbbb	C:ILE:231:O	C:LYS:233:N
0	hbbb	C:LYS:233:N	C:PRO:232:N
0	hbbb	C:LYS:233:N	C:PRO:232:O
0	hbbb	C:LYS:233:N	C:LYS:233:O
0	hbbb	C:ASN:234:N	C:LYS:233:N
0	hbbb	C:ASN:234:N	C:LEU:230:O
0	hbbb	C:ASN:234:N	C:LYS:233:O
0	hbbb	C:ASN:234:N	C:ASN:234:O
0	hbbb	C:ASN:234:O	C:ASN:235:N
0	hbbb	C:ASN:235:N	C:ASN:235:O
0	hbbb	C:PRO:237:O	C:THR:238:N
0	hbbb	C:THR:238:N	C:THR:238:O
0	hbbb	C:LEU:239:N	C:THR:238:O
0	hbbb	C:LEU:239:N	C:LEU:239:O
0	hbbb	C:GLU:240:N	C:LEU:239:N
0	hbbb	C:GLU:240:N	C:THR:238:O
0	hbbb	C:GLU:240:N	C:LEU:239:O
0	hbbb	C:GLU:240:N	C:GLU:240:O
0	hbbb	C:GLU:240:O	C:GLY:241:N
0	hbbb	C:GLY:241:N	C:GLY:241:O
0	hbbb	C:ASN:242:N	C:GLY:241:O
0	hbbb	C:ASN:242:N	C:ASN:242:O
0	hbbb	C:ASN:242:N	C:TYR:243:N
0	hbbb	C:GLY:241:O	C:TYR:243:N
0	hbbb	C:ASN:242:O	C:TYR:243:N
0	hbbb	C:TYR:243:N	C:TYR:243:O
0	hbbb	C:SER:244:N	C:TYR:243:O
0	hbbb	C:SER:244:N	C:SER:244:O
0	hbbb	C:LYS:245:N	C:SER:244:O
0	hbbb	C:LYS:245:N	C:LYS:245:O
0	hbbb	C:LYS:245:N	C:PRO:246:N
0	hbbb	C:LEU:247:N	C:SER:244:O
0	hbbb	C:LEU:247:N	C:LYS:245:O
0	hbbb	C:LEU:247:N	C:PRO:246:N
0	hbbb	C:LEU:247:N	C:PRO:246:O
0	hbbb	C:LEU:247:N	C:LEU:247:O
0	hbbb	C:LEU:247:N	C:LYS:248:N
0	hbbb	C:LYS:248:N	C:SER:244:O
0	hbbb	C:LYS:245:O	C:LYS:248:N
0	hbbb	C:LEU:247:O	C:LYS:248:N
0	hbbb	C:GLU:249:N	C:LYS:248:N
0	hbbb	C:GLU:249:N	C:LYS:245:O
0	hbbb	C:GLU:249:N	C:PRO:246:O
0	hbbb	C:GLU:249:N	C:LEU:247:O
0	hbbb	C:GLU:249:N	C:LYS:248:O
0	hbbb	C:GLU:249:N	C:PHE:250:N
0	hbbb	C:PHE:250:N	C:PRO:246:O
0	hbbb	C:LEU:247:O	C:PHE:250:N
0	hbbb	C:GLU:249:O	C:PHE:250:N
0	hbbb	C:PHE:250:N	C:PHE:250:O
0	hbbb	C:PHE:250:N	C:VAL:251:N
0	hbbb	C:LEU:247:O	C:VAL:251:N
0	hbbb	C:LYS:248:O	C:VAL:251:N
0	hbbb	C:PHE:250:O	C:VAL:251:N
0	hbbb	C:VAL:251:N	C:VAL:251:O
0	hbbb	C:GLU:252:N	C:VAL:251:N
0	hbbb	C:GLU:252:N	C:LYS:248:O
0	hbbb	C:GLU:252:N	C:VAL:251:O
0	hbbb	C:ALA:253:N	C:GLU:252:N
0	hbbb	C:ALA:253:N	C:GLU:249:O
0	hbbb	C:ALA:253:N	C:PHE:250:O
0	hbbb	C:ALA:253:N	C:VAL:251:O
0	hbbb	C:ALA:253:N	C:GLU:252:O
0	hbbb	C:ALA:253:N	C:ALA:253:O
0	hbbb	C:ALA:253:N	C:CYS:254:N
0	hbbb	C:CYS:254:N	C:PHE:250:O
0	hbbb	C:CYS:254:N	C:VAL:251:O
0	hbbb	C:ALA:253:O	C:CYS:254:N
0	hbbb	C:CYS:254:N	C:CYS:254:O
0	hbbb	C:CYS:254:N	C:LEU:255:N
0	hbbb	C:LEU:255:N	C:VAL:251:O
0	hbbb	C:CYS:254:O	C:LEU:255:N
0	hbbb	C:LEU:255:N	C:LEU:255:O
0	hbbb	C:ASN:256:N	C:LEU:255:N
0	hbbb	C:ASN:256:N	C:CYS:254:O
0	hbbb	C:ASN:256:N	C:LEU:255:O
0	hbbb	C:ASN:256:N	C:ASN:256:O
0	hbbb	C:ASN:256:N	C:LYS:257:N
0	hbbb	C:ASN:256:O	C:LYS:257:N
0	hbbb	C:GLU:258:N	C:LYS:257:N
0	hbbb	C:ASN:256:O	C:GLU:258:N
0	hbbb	C:GLU:258:N	C:LYS:257:O
0	hbbb	C:GLU:258:N	C:GLU:258:O
0	hbbb	C:GLU:258:N	C:PRO:259:N
0	hbbb	C:GLU:258:O	C:SER:260:N
0	hbbb	C:PRO:259:N	C:SER:260:N
0	hbbb	C:PRO:259:O	C:SER:260:N
0	hbbb	C:PHE:261:N	C:SER:260:N
0	hbbb	C:GLU:258:O	C:PHE:261:N
0	hbbb	C:PHE:261:N	C:PRO:259:O
0	hbbb	C:PHE:261:N	C:SER:260:O
0	hbbb	C:ARG:262:N	C:PHE:261:N
0	hbbb	C:ARG:262:N	C:PRO:259:O
0	hbbb	C:ARG:262:N	C:PHE:261:O
0	hbbb	C:ARG:262:N	C:ARG:262:O
0	hbbb	C:PRO:263:O	C:THR:264:N
0	hbbb	C:THR:264:N	C:THR:264:O
0	hbbb	C:ALA:265:N	C:THR:264:O
0	hbbb	C:ALA:265:N	C:LYS:266:N
0	hbbb	C:LYS:266:N	C:THR:264:O
0	hbbb	C:ALA:265:O	C:LYS:266:N
0	hbbb	C:GLU:267:N	C:LYS:266:N
0	hbbb	C:GLU:267:N	C:THR:264:O
0	hbbb	C:GLU:267:N	C:LYS:266:O
0	hbbb	C:GLU:267:N	C:LEU:268:N
0	hbbb	C:LEU:268:N	C:THR:264:O
0	hbbb	C:ALA:265:O	C:LEU:268:N
0	hbbb	C:GLU:267:O	C:LEU:268:N
0	hbbb	C:LEU:268:N	C:LEU:269:N
0	hbbb	C:ALA:265:O	C:LEU:269:N
0	hbbb	C:LEU:269:N	C:LYS:266:O
0	hbbb	C:GLU:267:O	C:LEU:269:N
0	hbbb	C:LEU:268:O	C:LEU:269:N
0	hbbb	C:LEU:269:N	C:LYS:270:N
0	hbbb	C:GLU:267:O	C:LYS:270:N
0	hbbb	C:LEU:269:O	C:LYS:270:N
0	hbbb	C:HIS:271:N	C:LYS:270:N
0	hbbb	C:HIS:271:N	C:LEU:268:O
0	hbbb	C:HIS:271:N	C:LYS:270:O
0	hbbb	C:HIS:271:N	C:HIS:271:O
0	hbbb	C:HIS:271:O	C:LYS:272:N
0	hbbb	C:LYS:272:N	C:PHE:273:N
0	hbbb	C:HIS:271:O	C:PHE:273:N
0	hbbb	C:LYS:272:O	C:PHE:273:N
0	hbbb	C:PHE:273:N	C:PHE:273:O
0	hbbb	C:ILE:274:N	C:PHE:273:N
0	hbbb	C:HIS:271:O	C:ILE:274:N
0	hbbb	C:ILE:274:N	C:PHE:273:O
0	hbbb	C:ILE:274:N	C:ILE:274:O
0	hbbb	C:ILE:274:N	C:LEU:275:N
0	hbbb	C:HIS:271:O	C:LEU:275:N
0	hbbb	C:ILE:274:O	C:LEU:275:N
0	hbbb	C:ARG:276:N	C:LEU:275:N
0	hbbb	C:ARG:276:N	C:LYS:272:O
0	hbbb	C:ARG:276:N	C:ILE:274:O
0	hbbb	C:ARG:276:N	C:LEU:275:O
0	hbbb	C:ARG:276:N	C:ASN:277:N
0	hbbb	C:ASN:277:N	C:PHE:273:O
0	hbbb	C:ARG:276:O	C:ASN:277:N
0	hbbb	C:ALA:278:N	C:ASN:277:N
0	hbbb	C:ALA:278:N	C:ILE:274:O
0	hbbb	C:ALA:278:N	C:ASN:277:O
0	hbbb	C:ALA:278:N	C:ALA:278:O
0	hbbb	C:ALA:278:O	C:LYS:279:N
0	hbbb	C:LYS:279:N	C:LYS:279:O
0	hbbb	C:LYS:279:O	C:LYS:280:N
0	hbbb	C:LYS:280:N	C:LYS:280:O
0	hbbb	C:LYS:280:O	C:THR:281:N
0	hbbb	C:SER:282:N	C:THR:281:N
0	hbbb	C:SER:282:N	C:THR:281:O
0	hbbb	C:SER:282:N	C:TYR:283:N
0	hbbb	C:THR:281:O	C:TYR:283:N
0	hbbb	C:SER:282:O	C:TYR:283:N
0	hbbb	C:LEU:284:N	C:TYR:283:N
0	hbbb	C:LEU:284:N	C:THR:281:O
0	hbbb	C:LEU:284:N	C:TYR:283:O
0	hbbb	C:LEU:284:N	C:THR:285:N
0	hbbb	C:THR:285:N	C:TYR:283:O
0	hbbb	C:LEU:284:O	C:THR:285:N
0	hbbb	C:GLU:286:N	C:THR:285:N
0	hbbb	C:GLU:286:N	C:LEU:284:O
0	hbbb	C:GLU:286:N	C:THR:285:O
0	hbbb	C:GLU:286:N	C:LEU:287:N
0	hbbb	C:LEU:284:O	C:LEU:287:N
0	hbbb	C:LEU:287:N	C:THR:285:O
0	hbbb	C:GLU:286:O	C:LEU:287:N
0	hbbb	C:LEU:287:N	C:LEU:287:O
0	hbbb	C:ILE:288:N	C:LEU:287:N
0	hbbb	C:ILE:288:N	C:LEU:287:O
0	hbbb	C:ILE:288:N	C:ILE:288:O
