# total_frames:1 beg:0 end:0 stride:1 interaction_types:hp,sb,pc,ps,ts,vdw,hb
# Columns: frame, interaction_type, atom_1, atom_2[, atom_3[, atom_4]]
0	sb	A:ARG:122:NH1	A:GLU:57:OE1
0	sb	A:ASP:86:OD2	A:LYS:89:NZ
0	sb	A:ARG:274:NH1	A:GLU:172:OE1
0	sb	A:ARG:122:NH2	A:GLU:57:OE2
0	sb	A:ARG:274:NH2	A:GLU:172:OE2
0	sb	A:GLU:2:OE2	A:LYS:24:NZ
0	sb	A:ASP:185:OD2	A:HIS:119:NE2
0	sb	A:ASP:288:OD2	A:LYS:105:NZ
0	sb	A:ARG:122:NH2	A:GLU:57:OE1
0	sb	A:ARG:274:NH2	A:GLU:172:OE1
0	sb	A:ASP:145:OD1	A:LYS:33:NZ
0	sb	A:GLU:81:OE2	A:LYS:142:NZ
0	sb	A:ARG:274:NH1	A:GLU:172:OE2
0	sb	A:GLU:51:OE1	A:LYS:33:NZ
0	sb	A:ASP:127:OD2	A:LYS:129:NZ
0	sb	A:ASP:92:OD1	A:LYS:88:NZ
0	sb	A:ASP:288:OD1	A:LYS:105:NZ
0	sb	A:GLU:51:OE2	A:LYS:33:NZ
0	sb	A:GLU:81:OE1	A:LYS:142:NZ
0	pc	A:LYS:20:NZ	A:PHE:82:CE1
0	pc	A:HIS:60:NE2	A:PHE:117:CE1
0	pc	A:HIS:125:ND1	A:PHE:146:CE1
0	pc	A:HIS:121:NE2	A:PHE:117:CE1
0	pc	A:LYS:105:NZ	A:PHE:285:CE1
0	pc	A:ARG:274:NH2	A:TRP:227:CD2
0	pc	A:HIS:121:ND1	A:PHE:117:CE1
0	pc	A:ARG:245:NH1	A:TYR:269:CE1
0	pc	A:HIS:60:ND1	A:PHE:117:CE1
0	pc	A:ARG:150:NH1	A:TYR:159:CE1
0	pc	A:ARG:217:NH1	A:TRP:243:CD2
0	pc	A:HIS:125:NE2	A:PHE:146:CE1
0	pc	A:LYS:6:NZ	A:TYR:19:CE1
0	pc	A:HIS:295:NE2	A:PHE:90:CE1
0	pc	A:ARG:274:NH2	A:TRP:187:CD2
0	pc	A:ARG:126:NH1	A:TYR:159:CE1
0	ps	A:HIS:121:CD2	A:PHE:117:CE1
0	ts	A:HIS:125:CD2	A:PHE:146:CE1
0	vdw	A:HOH:2182:O	A:LYS:278:NZ
0	vdw	A:HOH:2103:O	A:PRO:155:CB
0	vdw	A:HOH:2100:O	A:VAL:154:N
0	vdw	A:HOH:2100:O	A:VAL:154:O
0	vdw	A:GLY:153:C	A:HOH:2100:O
0	vdw	A:GLY:153:CA	A:HOH:2100:O
0	vdw	A:HOH:2102:O	A:PRO:155:O
0	vdw	A:HOH:2101:O	A:PRO:155:O
0	vdw	A:HOH:2103:O	A:PRO:155:CA
0	vdw	A:HOH:2043:O	A:HOH:2102:O
0	vdw	A:HOH:2042:O	A:HOH:2102:O
0	vdw	A:HOH:2104:O	A:VAL:156:O
0	vdw	A:HOH:2098:O	A:PHE:152:O
0	vdw	A:GLY:153:CA	A:HOH:2098:O
0	vdw	A:HOH:2042:O	A:HOH:2101:O
0	vdw	A:GLY:153:CA	A:HOH:2101:O
0	vdw	A:ARG:122:NH2	A:HOH:2086:O
0	vdw	A:ARG:122:NH2	A:GLU:57:OE1
0	vdw	A:GLU:57:OE2	A:HOH:2048:O
0	vdw	A:GLU:57:CD	A:HOH:2048:O
0	vdw	A:ARG:122:NE	A:HOH:2086:O
0	vdw	A:ARG:122:CZ	A:HOH:2086:O
0	vdw	A:ARG:157:NH1	A:HOH:2107:O
0	vdw	A:ARG:157:CD	A:HOH:2107:O
0	vdw	A:HOH:2042:O	A:HOH:2107:O
0	vdw	A:HOH:2085:O	A:LYS:278:CE
0	vdw	A:HOH:2085:O	A:SER:120:OG
0	vdw	A:HOH:2083:O	A:SER:120:OG
0	vdw	A:HOH:2103:O	A:PRO:155:C
0	vdw	A:HOH:2103:O	A:VAL:156:N
0	vdw	A:HIS:119:O	A:PHE:152:CZ
0	vdw	A:ARG:122:CA	A:PHE:152:CD1
0	vdw	A:ARG:122:CA	A:PHE:152:CE1
0	vdw	A:ARG:122:CA	A:PHE:152:CZ
0	vdw	A:HOH:2109:O	A:TYR:179:CE1
0	vdw	A:LYS:178:CE	A:THR:158:OG1
0	vdw	A:ARG:157:C	A:TYR:179:CE1
0	vdw	A:THR:158:N	A:TYR:179:CE1
0	vdw	A:GLU:57:O	A:HOH:2047:O
0	vdw	A:GLU:57:O	A:HOH:2046:O
0	vdw	A:ASN:59:N	A:HOH:2047:O
0	vdw	A:GLU:57:C	A:HOH:2047:O
0	vdw	A:HOH:2047:O	A:PHE:117:CZ
0	vdw	A:HIS:121:CB	A:LEU:58:CD2
0	vdw	A:ARG:122:CZ	A:GLU:57:OE1
0	vdw	A:ARG:122:NH1	A:GLU:57:OE1
0	vdw	A:ALA:151:C	A:ARG:122:O
0	vdw	A:ARG:122:O	A:PHE:152:N
0	vdw	A:ARG:122:CB	A:PHE:152:O
0	vdw	A:ALA:151:CA	A:ARG:122:O
0	vdw	A:ARG:122:O	A:PHE:152:CD1
0	vdw	A:ARG:122:O	A:PHE:152:CE1
0	vdw	A:PHE:152:CA	A:TYR:159:OH
0	vdw	A:GLY:153:N	A:TYR:159:OH
0	vdw	A:GLY:153:N	A:HOH:2099:O
0	vdw	A:HOH:2097:O	A:PHE:152:C
0	vdw	A:HOH:2097:O	A:PHE:152:O
0	vdw	A:HOH:2099:O	A:TYR:159:OH
0	vdw	A:ARG:157:CG	A:HOH:2099:O
0	vdw	A:ARG:157:NH1	A:HOH:2099:O
0	vdw	A:HOH:2099:O	A:TYR:159:CE1
0	vdw	A:HOH:2099:O	A:TYR:159:CZ
0	vdw	A:PHE:152:CB	A:TYR:159:OH
0	vdw	A:ARG:157:CB	A:HOH:2109:O
0	vdw	A:ARG:157:CA	A:TYR:179:CE1
0	vdw	A:ARG:157:CA	A:TYR:179:CD1
0	vdw	A:HOH:2109:O	A:THR:158:CB
0	vdw	A:HOH:2109:O	A:THR:158:OG1
0	vdw	A:HOH:2109:O	A:THR:158:N
0	vdw	A:GLU:57:CA	A:HOH:2046:O
0	vdw	A:GLU:57:CB	A:HOH:2046:O
0	vdw	A:HOH:2045:O	A:LYS:56:O
0	vdw	A:GLU:57:CG	A:HOH:2041:O
0	vdw	A:GLU:57:CD	A:HOH:2040:O
0	vdw	A:GLU:57:OE2	A:HOH:2040:O
0	vdw	A:ALA:151:CB	A:HOH:2095:O
0	vdw	A:ALA:151:O	A:HOH:2094:O
0	vdw	A:ALA:151:O	A:HOH:2096:O
0	vdw	A:ARG:157:NH1	A:HOH:2096:O
0	vdw	A:ARG:150:NH1	A:HOH:2094:O
0	vdw	A:ARG:157:NH2	A:HOH:2108:O
0	vdw	A:ARG:157:NE	A:HOH:2106:O
0	vdw	A:HOH:2041:O	A:SER:53:O
0	vdw	A:HOH:2040:O	A:SER:53:O
0	vdw	A:ASN:272:O	A:HOH:2177:O
0	vdw	A:HOH:2073:O	A:PRO:228:CG
0	vdw	A:HOH:2175:O	A:HOH:2180:O
0	vdw	A:ASN:272:O	A:HOH:2175:O
0	vdw	A:ASN:272:O	A:HOH:2176:O
0	vdw	A:ARG:274:O	A:HOH:2180:O
0	vdw	A:ASN:272:C	A:HOH:2176:O
0	vdw	A:HOH:2174:O	A:HOH:2180:O
0	vdw	A:ASN:272:CB	A:HOH:2173:O
0	vdw	A:ASN:272:CG	A:HOH:2172:O
0	vdw	A:ASN:272:OD1	A:HOH:2172:O
0	vdw	A:ASP:270:CG	A:HOH:2173:O
0	vdw	A:ASP:270:OD2	A:HOH:2173:O
0	vdw	A:HOH:2073:O	A:HOH:2173:O
0	vdw	A:ALA:116:CB	A:HOH:2083:O
0	vdw	A:HOH:2054:O	A:HOH:2082:O
0	vdw	A:HOH:2055:O	A:PHE:117:CD1
0	vdw	A:HOH:2055:O	A:PHE:117:CE1
0	vdw	A:HIS:60:NE2	A:HOH:2054:O
0	vdw	A:HIS:60:NE2	A:HOH:2055:O
0	vdw	A:GLN:113:CA	A:HOH:2082:O
0	vdw	A:GLN:113:C	A:HOH:2082:O
0	vdw	A:GLN:113:O	A:HOH:2082:O
0	vdw	A:HIS:60:CD2	A:HOH:2055:O
0	vdw	A:HIS:119:CB	A:THR:182:CG2
0	vdw	A:PHE:152:CZ	A:THR:182:CG2
0	vdw	A:HIS:119:CG	A:THR:182:CG2
0	vdw	A:HIS:119:ND1	A:THR:182:CG2
0	vdw	A:HIS:119:CD2	A:THR:182:CG2
0	vdw	A:LEU:124:CD2	A:THR:182:CG2
0	vdw	A:SER:181:OG	A:VAL:156:CG1
0	vdw	A:HOH:2126:O	A:THR:182:OG1
0	vdw	A:SER:181:CB	A:VAL:156:CG1
0	vdw	A:ASN:59:O	A:HOH:2051:O
0	vdw	A:HIS:60:CD2	A:PHE:117:CG
0	vdw	A:HIS:60:CD2	A:PHE:117:CD1
0	vdw	A:ILE:63:CD1	A:PHE:117:CD2
0	vdw	A:HIS:60:CD2	A:PHE:117:CB
0	vdw	A:CYS:118:C	A:VAL:123:O
0	vdw	A:CYS:118:O	A:VAL:123:O
0	vdw	A:CYS:118:O	A:VAL:123:CB
0	vdw	A:CYS:118:O	A:VAL:123:N
0	vdw	A:CYS:118:O	A:VAL:123:CA
0	vdw	A:ARG:122:C	A:PHE:152:CD1
0	vdw	A:PHE:152:CD1	A:VAL:123:N
0	vdw	A:PHE:152:CD1	A:VAL:123:C
0	vdw	A:ARG:122:C	A:PHE:152:CE1
0	vdw	A:PHE:152:CE1	A:VAL:123:N
0	vdw	A:PHE:152:CE1	A:VAL:123:C
0	vdw	A:LEU:124:CG	A:PHE:152:CD1
0	vdw	A:LEU:124:CD2	A:PHE:152:CD1
0	vdw	A:LEU:124:CD2	A:PHE:152:CE1
0	vdw	A:CYS:118:CB	A:VAL:123:O
0	vdw	A:TYR:180:O	A:VAL:156:CG2
0	vdw	A:HOH:2105:O	A:TYR:180:O
0	vdw	A:HOH:2105:O	A:TYR:179:CA
0	vdw	A:ARG:157:C	A:TYR:179:CD1
0	vdw	A:ARG:157:O	A:HOH:2105:O
0	vdw	A:HOH:2105:O	A:TYR:180:N
0	vdw	A:HOH:2110:O	A:TYR:179:CA
0	vdw	A:HOH:2105:O	A:HOH:2110:O
0	vdw	A:HOH:2105:O	A:TYR:180:C
0	vdw	A:LYS:178:O	A:THR:158:CB
0	vdw	A:LYS:178:O	A:THR:158:CG2
0	vdw	A:LYS:178:O	A:THR:158:OG1
0	vdw	A:LYS:178:CG	A:THR:158:OG1
0	vdw	A:HOH:2110:O	A:LYS:178:C
0	vdw	A:HOH:2110:O	A:LYS:178:O
0	vdw	A:ASN:59:O	A:PHE:117:CZ
0	vdw	A:HOH:2049:O	A:LEU:58:O
0	vdw	A:ASN:59:CA	A:HOH:2049:O
0	vdw	A:HOH:2044:O	A:LEU:58:O
0	vdw	A:LEU:58:CD1	A:PHE:146:CE2
0	vdw	A:ARG:150:O	A:VAL:123:CA
0	vdw	A:ARG:150:O	A:LEU:124:N
0	vdw	A:PHE:152:CB	A:TYR:159:CE2
0	vdw	A:PHE:152:CB	A:TYR:159:CZ
0	vdw	A:ARG:150:NE	A:TYR:159:CD1
0	vdw	A:ARG:150:CZ	A:TYR:159:CD1
0	vdw	A:HOH:2105:O	A:TYR:159:CD2
0	vdw	A:HOH:2105:O	A:TYR:159:CE2
0	vdw	A:HOH:2106:O	A:THR:158:C
0	vdw	A:HOH:2110:O	A:THR:158:CA
0	vdw	A:HOH:2110:O	A:TYR:159:N
0	vdw	A:LYS:178:O	A:THR:158:CA
0	vdw	A:ASN:59:ND2	A:HOH:2052:O
0	vdw	A:ASN:59:OD1	A:HOH:2045:O
0	vdw	A:ASN:59:OD1	A:HOH:2052:O
0	vdw	A:HOH:2045:O	A:LYS:56:C
0	vdw	A:HOH:2044:O	A:LEU:55:O
0	vdw	A:ARG:150:CA	A:LEU:54:CD1
0	vdw	A:ARG:150:C	A:LEU:54:CD1
0	vdw	A:ARG:150:CA	A:HOH:2095:O
0	vdw	A:ARG:150:C	A:HOH:2095:O
0	vdw	A:ALA:151:N	A:HOH:2095:O
0	vdw	A:ALA:151:CA	A:HOH:2095:O
0	vdw	A:ARG:150:CB	A:HOH:2095:O
0	vdw	A:ARG:126:CZ	A:ARG:150:CG
0	vdw	A:ARG:150:CD	A:TYR:159:CD1
0	vdw	A:ARG:150:NE	A:TPO:160:O2P
0	vdw	A:ARG:150:CZ	A:TPO:160:O2P
0	vdw	A:ARG:150:NH2	A:TPO:160:P
0	vdw	A:ARG:150:NH2	A:TPO:160:O2P
0	vdw	A:ARG:150:NH2	A:TPO:160:O1P
0	vdw	A:HOH:2106:O	A:THR:158:O
0	vdw	A:HOH:2060:O	A:LEU:67:CA
0	vdw	A:HOH:2060:O	A:LEU:67:C
0	vdw	A:HOH:2060:O	A:LEU:67:O
0	vdw	A:HOH:2014:O	A:HOH:2045:O
0	vdw	A:HOH:2014:O	A:HOH:2059:O
0	vdw	A:HOH:2045:O	A:HOH:2052:O
0	vdw	A:HOH:2052:O	A:LEU:66:O
0	vdw	A:HOH:2044:O	A:HOH:2052:O
0	vdw	A:ARG:50:NH2	A:HOH:2038:O
0	vdw	A:ARG:50:NH2	A:TPO:160:O1P
0	vdw	A:ARG:50:NH2	A:HOH:2037:O
0	vdw	A:ARG:150:NH2	A:ARG:50:NH2
0	vdw	A:HOH:2033:O	A:HOH:2038:O
0	vdw	A:HOH:2038:O	A:SER:46:CB
0	vdw	A:ASP:68:OD1	A:HOH:2062:O
0	vdw	A:ASP:68:OD1	A:HOH:2061:O
0	vdw	A:ILE:49:CG1	A:VAL:44:CG1
0	vdw	A:ILE:49:CD1	A:VAL:44:O
0	vdw	A:HOH:2061:O	A:VAL:69:O
0	vdw	A:HOH:2064:O	A:ILE:70:CA
0	vdw	A:HIS:71:N	A:HOH:2064:O
0	vdw	A:GLU:224:C	A:HOH:2143:O
0	vdw	A:GLU:224:O	A:HOH:2143:O
0	vdw	A:ALA:282:CA	A:HOH:2184:O
0	vdw	A:ALA:282:C	A:HOH:2184:O
0	vdw	A:ALA:279:O	A:HOH:2183:O
0	vdw	A:HOH:2170:O	A:HOH:2183:O
0	vdw	A:HOH:2170:O	A:ILE:275:CD1
0	vdw	A:GLN:265:CD	A:HOH:2170:O
0	vdw	A:GLN:265:NE2	A:HOH:2170:O
0	vdw	A:HOH:2178:O	A:LYS:273:O
0	vdw	A:HOH:2178:O	A:LYS:273:C
0	vdw	A:HIS:268:CG	A:LYS:273:CB
0	vdw	A:HIS:268:CD2	A:LYS:273:CB
0	vdw	A:HIS:268:ND1	A:LYS:273:CB
0	vdw	A:HIS:268:CE1	A:LYS:273:CB
0	vdw	A:HIS:268:NE2	A:LYS:273:CB
0	vdw	A:HIS:268:CE1	A:LYS:273:CG
0	vdw	A:GLU:224:OE1	A:GLY:229:N
0	vdw	A:GLU:224:OE1	A:GLY:229:CA
0	vdw	A:GLU:224:OE1	A:HOH:2144:O
0	vdw	A:LEU:281:O	A:PHE:109:CE1
0	vdw	A:HOH:2184:O	A:LEU:281:O
0	vdw	A:ALA:280:N	A:ILE:275:CD1
0	vdw	A:HOH:2181:O	A:ILE:275:CA
0	vdw	A:HOH:2181:O	A:SER:276:N
0	vdw	A:HOH:2179:O	A:ILE:275:C
0	vdw	A:ARG:274:C	A:HOH:2174:O
0	vdw	A:ARG:274:O	A:HOH:2174:O
0	vdw	A:ARG:274:O	A:HOH:2179:O
0	vdw	A:ASP:270:CG	A:HOH:2172:O
0	vdw	A:ASP:270:OD1	A:HOH:2172:O
0	vdw	A:HOH:2145:O	A:HOH:2172:O
0	vdw	A:ASP:270:CB	A:TRP:227:CD1
0	vdw	A:ASP:270:CG	A:TRP:227:CD1
0	vdw	A:ASP:270:OD2	A:PRO:228:CD
0	vdw	A:GLY:229:CA	A:HOH:2144:O
0	vdw	A:GLY:229:CA	A:HOH:2146:O
0	vdw	A:GLY:229:C	A:HOH:2146:O
0	vdw	A:GLU:224:CD	A:GLY:229:N
0	vdw	A:GLU:224:OE2	A:GLY:229:N
0	vdw	A:GLU:224:OE2	A:GLY:229:CA
0	vdw	A:GLU:224:OE2	A:GLY:229:C
0	vdw	A:HOH:2144:O	A:SER:232:CB
0	vdw	A:HOH:2144:O	A:SER:232:OG
0	vdw	A:HOH:2144:O	A:THR:231:OG1
0	vdw	A:GLU:224:CD	A:HOH:2144:O
0	vdw	A:GLU:224:OE2	A:HOH:2144:O
0	vdw	A:GLN:113:CG	A:LEU:281:CD2
0	vdw	A:LEU:112:CB	A:LEU:281:CD2
0	vdw	A:LEU:281:CD2	A:PHE:109:CE1
0	vdw	A:HOH:2084:O	A:SER:276:C
0	vdw	A:ALA:277:N	A:HOH:2084:O
0	vdw	A:ALA:277:CB	A:HOH:2084:O
0	vdw	A:ALA:277:N	A:ILE:186:CD1
0	vdw	A:ALA:277:CA	A:ILE:186:CD1
0	vdw	A:ALA:277:CB	A:ILE:186:CD1
0	vdw	A:HOH:2084:O	A:SER:276:CA
0	vdw	A:HOH:2126:O	A:SER:276:CA
0	vdw	A:HOH:2084:O	A:SER:276:CB
0	vdw	A:HOH:2126:O	A:SER:276:CB
0	vdw	A:HOH:2084:O	A:HOH:2126:O
0	vdw	A:HOH:2179:O	A:ILE:275:O
0	vdw	A:HOH:2126:O	A:HOH:2179:O
0	vdw	A:HIS:119:ND1	A:HOH:2084:O
0	vdw	A:HIS:119:CE1	A:HOH:2084:O
0	vdw	A:HOH:2126:O	A:THR:182:CB
0	vdw	A:ILE:186:CG1	A:ILE:275:O
0	vdw	A:ILE:186:CG2	A:ILE:275:O
0	vdw	A:ALA:183:CB	A:HOH:2179:O
0	vdw	A:HOH:2174:O	A:HOH:2179:O
0	vdw	A:ALA:183:CB	A:PRO:271:CB
0	vdw	A:HOH:2174:O	A:PRO:271:C
0	vdw	A:HOH:2174:O	A:PRO:271:O
0	vdw	A:ALA:183:CA	A:HOH:2179:O
0	vdw	A:ALA:183:CB	A:ARG:274:NH1
0	vdw	A:GLU:172:CD	A:PRO:271:CG
0	vdw	A:GLU:172:OE2	A:PRO:271:CG
0	vdw	A:HOH:2145:O	A:TRP:227:NE1
0	vdw	A:GLY:229:O	A:HOH:2146:O
0	vdw	A:HOH:2146:O	A:SER:232:CB
0	vdw	A:GLN:113:OE1	A:HOH:2057:O
0	vdw	A:HOH:2016:O	A:HOH:2057:O
0	vdw	A:GLN:113:CB	A:HIS:60:CE1
0	vdw	A:ALA:277:CB	A:LEU:112:O
0	vdw	A:ALA:116:N	A:ALA:277:CB
0	vdw	A:ALA:116:CA	A:ALA:277:CB
0	vdw	A:ALA:116:CB	A:ALA:277:CB
0	vdw	A:HIS:119:CG	A:THR:182:CB
0	vdw	A:HIS:119:ND1	A:THR:182:CB
0	vdw	A:HIS:119:CE1	A:THR:182:CB
0	vdw	A:HIS:119:CE1	A:THR:182:CA
0	vdw	A:HIS:119:CE1	A:THR:182:O
0	vdw	A:ASP:185:CB	A:HIS:119:CE1
0	vdw	A:LEU:124:CD2	A:SER:181:C
0	vdw	A:LEU:124:CD2	A:THR:182:N
0	vdw	A:LEU:124:CD2	A:THR:182:CA
0	vdw	A:HOH:2123:O	A:SER:181:N
0	vdw	A:HOH:2123:O	A:TYR:180:CA
0	vdw	A:HOH:2123:O	A:TYR:180:CB
0	vdw	A:GLU:172:CD	A:HOH:2123:O
0	vdw	A:GLU:172:OE2	A:HOH:2123:O
0	vdw	A:GLU:172:CG	A:HOH:2123:O
0	vdw	A:HOH:2123:O	A:VAL:184:CG1
0	vdw	A:HOH:2125:O	A:TYR:179:O
0	vdw	A:CYS:177:SG	A:HOH:2125:O
0	vdw	A:HOH:2125:O	A:TYR:179:C
0	vdw	A:GLU:172:CG	A:HOH:2125:O
0	vdw	A:CYS:177:CB	A:MET:233:CE
0	vdw	A:CYS:177:SG	A:MET:233:CE
0	vdw	A:CYS:177:CB	A:GLU:172:O
0	vdw	A:HOH:2056:O	A:PRO:61:CB
0	vdw	A:HOH:2053:O	A:PRO:61:CA
0	vdw	A:GLN:113:C	A:HIS:60:CE1
0	vdw	A:CYS:118:SG	A:PHE:146:CE2
0	vdw	A:CYS:118:SG	A:PHE:146:CZ
0	vdw	A:ASP:185:OD2	A:HIS:119:NE2
0	vdw	A:ASP:185:OD2	A:LEU:124:CA
0	vdw	A:ASP:185:OD2	A:LEU:124:C
0	vdw	A:ASP:185:OD2	A:HIS:125:N
0	vdw	A:ASP:185:CB	A:HIS:119:NE2
0	vdw	A:ASP:185:CG	A:HIS:119:NE2
0	vdw	A:ASP:185:OD2	A:LEU:115:CD1
0	vdw	A:HOH:2125:O	A:TYR:180:CA
0	vdw	A:HOH:2110:O	A:TYR:180:N
0	vdw	A:HOH:2110:O	A:TYR:180:CD2
0	vdw	A:HOH:2114:O	A:TYR:180:CD2
0	vdw	A:CYS:177:CA	A:MET:233:CE
0	vdw	A:CYS:177:CA	A:GLU:172:O
0	vdw	A:GLY:176:C	A:PRO:234:CG
0	vdw	A:GLY:176:O	A:PRO:234:CG
0	vdw	A:HIS:60:O	A:HOH:2049:O
0	vdw	A:HIS:60:O	A:HOH:2053:O
0	vdw	A:HIS:60:N	A:HOH:2049:O
0	vdw	A:HOH:2044:O	A:HOH:2049:O
0	vdw	A:HOH:2049:O	A:ILE:63:C
0	vdw	A:HOH:2049:O	A:ILE:63:O
0	vdw	A:ILE:63:CG2	A:LEU:55:CD1
0	vdw	A:CYS:118:SG	A:ILE:63:CD1
0	vdw	A:HIS:125:CD2	A:PHE:146:CE2
0	vdw	A:ALA:149:CA	A:LEU:124:O
0	vdw	A:ALA:149:C	A:LEU:124:O
0	vdw	A:ALA:149:CB	A:LEU:124:O
0	vdw	A:ARG:150:N	A:LEU:124:O
0	vdw	A:ASP:185:CG	A:HIS:125:N
0	vdw	A:TYR:159:CB	A:TYR:180:CZ
0	vdw	A:TYR:159:CB	A:TYR:180:OH
0	vdw	A:HOH:2110:O	A:TYR:180:CE2
0	vdw	A:HOH:2111:O	A:TYR:180:CE2
0	vdw	A:ARG:126:NH1	A:TYR:180:OH
0	vdw	A:TYR:180:CZ	A:VAL:163:CG2
0	vdw	A:TYR:180:OH	A:VAL:163:CG2
0	vdw	A:TPO:160:C	A:TYR:180:OH
0	vdw	A:TPO:160:O	A:TYR:180:CE2
0	vdw	A:HOH:2114:O	A:TYR:180:CE2
0	vdw	A:TPO:160:O	A:TYR:180:CZ
0	vdw	A:TPO:160:O	A:TYR:180:OH
0	vdw	A:TYR:180:OH	A:VAL:163:CG1
0	vdw	A:HOH:2111:O	A:TYR:159:O
0	vdw	A:HIS:161:CA	A:HOH:2111:O
0	vdw	A:HOH:2058:O	A:LYS:65:CE
0	vdw	A:HOH:2058:O	A:LYS:65:NZ
0	vdw	A:HOH:2044:O	A:LYS:65:CA
0	vdw	A:GLU:81:OE2	A:LYS:65:CA
0	vdw	A:GLU:81:OE2	A:LYS:65:CB
0	vdw	A:HOH:2044:O	A:LYS:65:C
0	vdw	A:HOH:2044:O	A:LEU:66:N
0	vdw	A:HOH:2044:O	A:VAL:64:O
0	vdw	A:LEU:55:CD1	A:PHE:146:CD1
0	vdw	A:LEU:55:CD1	A:PHE:146:CE1
0	vdw	A:ALA:149:C	A:HOH:2036:O
0	vdw	A:ALA:149:O	A:ARG:50:CD
0	vdw	A:ALA:149:O	A:HOH:2036:O
0	vdw	A:ALA:149:CA	A:HIS:125:O
0	vdw	A:ARG:126:CZ	A:TPO:160:O2P
0	vdw	A:ARG:126:CZ	A:TPO:160:O3P
0	vdw	A:ARG:126:NH2	A:TPO:160:P
0	vdw	A:ARG:126:NH2	A:TPO:160:O2P
0	vdw	A:ARG:126:NH2	A:TPO:160:O3P
0	vdw	A:ARG:126:NH2	A:ARG:50:NH1
0	vdw	A:ARG:126:NE	A:LEU:148:O
0	vdw	A:ARG:126:CZ	A:LEU:148:O
0	vdw	A:ARG:126:NH2	A:LEU:148:O
0	vdw	A:ARG:126:CZ	A:VAL:163:CG1
0	vdw	A:ARG:126:NH1	A:TPO:160:P
0	vdw	A:ARG:126:NH1	A:TPO:160:O2P
0	vdw	A:ARG:126:NH1	A:TPO:160:O3P
0	vdw	A:HOH:2037:O	A:TPO:160:P
0	vdw	A:ARG:126:NH1	A:VAL:163:CG1
0	vdw	A:HOH:2112:O	A:TPO:160:O3P
0	vdw	A:HIS:161:N	A:HOH:2113:O
0	vdw	A:GLU:162:OE1	A:HOH:2113:O
0	vdw	A:HIS:161:CB	A:HOH:2113:O
0	vdw	A:HOH:2058:O	A:LEU:67:CD2
0	vdw	A:HOH:2024:O	A:HOH:2058:O
0	vdw	A:GLU:28:CD	A:HOH:2024:O
0	vdw	A:GLU:28:OE2	A:HOH:2024:O
0	vdw	A:GLU:28:OE1	A:HOH:2024:O
0	vdw	A:HOH:2005:O	A:HOH:2058:O
0	vdw	A:LEU:66:C	A:VAL:79:O
0	vdw	A:LEU:67:N	A:VAL:79:O
0	vdw	A:LEU:55:CD2	A:PHE:80:CE1
0	vdw	A:ARG:50:CD	A:HOH:2036:O
0	vdw	A:ARG:50:NH1	A:HOH:2036:O
0	vdw	A:ARG:50:CZ	A:TPO:160:O1P
0	vdw	A:ARG:50:NH1	A:TPO:160:O1P
0	vdw	A:HOH:2013:O	A:HOH:2036:O
0	vdw	A:ARG:50:NH1	A:TPO:160:P
0	vdw	A:ARG:50:NH1	A:TPO:160:O3P
0	vdw	A:GLY:147:C	A:HOH:2036:O
0	vdw	A:GLY:147:O	A:HOH:2036:O
0	vdw	A:HOH:2036:O	A:LEU:148:O
0	vdw	A:HOH:2036:O	A:LEU:148:CA
0	vdw	A:HOH:2036:O	A:LEU:148:C
0	vdw	A:ALA:149:N	A:HOH:2036:O
0	vdw	A:HOH:2037:O	A:TPO:160:O1P
0	vdw	A:HOH:2012:O	A:HOH:2037:O
0	vdw	A:HOH:2003:O	A:HOH:2023:O
0	vdw	A:HOH:2003:O	A:HOH:2063:O
0	vdw	A:HOH:2003:O	A:HOH:2020:O
0	vdw	A:GLU:28:OE1	A:HOH:2023:O
0	vdw	A:LEU:67:CA	A:VAL:79:O
0	vdw	A:LEU:67:CB	A:VAL:79:O
0	vdw	A:ASP:68:N	A:VAL:79:O
0	vdw	A:ASP:68:O	A:VAL:79:N
0	vdw	A:LEU:66:CD1	A:VAL:79:O
0	vdw	A:ASP:68:O	A:VAL:79:CB
0	vdw	A:ILE:52:CG1	A:LEU:78:CD2
0	vdw	A:ILE:52:CD1	A:LEU:78:CD2
0	vdw	A:ILE:52:CG1	A:LEU:78:CD1
0	vdw	A:HOH:2032:O	A:THR:47:N
0	vdw	A:HOH:2033:O	A:SER:46:CB
0	vdw	A:HOH:2034:O	A:SER:46:CB
0	vdw	A:HOH:2033:O	A:SER:46:OG
0	vdw	A:HOH:2034:O	A:SER:46:OG
0	vdw	A:HOH:2031:O	A:SER:46:CB
0	vdw	A:HOH:2032:O	A:SER:46:OG
0	vdw	A:HOH:2011:O	A:HOH:2033:O
0	vdw	A:HOH:2011:O	A:HOH:2034:O
0	vdw	A:HOH:2019:O	A:HOH:2063:O
0	vdw	A:ASP:68:CG	A:HOH:2063:O
0	vdw	A:ASP:68:OD2	A:HOH:2063:O
0	vdw	A:HOH:2001:O	A:HOH:2019:O
0	vdw	A:ASN:23:ND2	A:HOH:2019:O
0	vdw	A:TYR:77:O	A:VAL:69:CA
0	vdw	A:TYR:77:O	A:VAL:69:C
0	vdw	A:ILE:70:N	A:TYR:77:O
0	vdw	A:LEU:78:CD2	A:VAL:69:CG1
0	vdw	A:ALA:48:CB	A:ILE:35:CD1
0	vdw	A:HOH:2031:O	A:SER:46:N
0	vdw	A:HOH:2011:O	A:HOH:2031:O
0	vdw	A:HOH:2032:O	A:SER:46:N
0	vdw	A:HOH:2001:O	A:SER:0:OG
0	vdw	A:HOH:2001:O	A:SER:0:O
0	vdw	A:ILE:70:CD1	A:SER:0:N
0	vdw	A:ASN:3:CB	A:HOH:2001:O
0	vdw	A:ASN:3:CG	A:HOH:2001:O
0	vdw	A:ASN:3:ND2	A:HOH:2001:O
0	vdw	A:ILE:70:O	A:LEU:76:CA
0	vdw	A:ILE:70:O	A:LEU:76:C
0	vdw	A:ILE:70:O	A:TYR:77:N
0	vdw	A:ILE:70:O	A:TYR:77:CA
0	vdw	A:GLU:42:OE2	A:HOH:2030:O
0	vdw	A:ASN:3:ND2	A:HOH:2002:O
0	vdw	A:HIS:71:NE2	A:HOH:2065:O
0	vdw	A:GLU:42:OE1	A:HOH:2030:O
0	vdw	A:GLU:73:O	A:HOH:2065:O
0	vdw	A:ASN:74:CA	A:HOH:2065:O
0	vdw	A:GLU:73:C	A:HOH:2065:O
0	vdw	A:HOH:2166:O	A:PRO:284:CB
0	vdw	A:GLN:265:OE1	A:HOH:2169:O
0	vdw	A:HIS:283:CD2	A:HOH:2169:O
0	vdw	A:HIS:283:NE2	A:HOH:2169:O
0	vdw	A:HOH:2141:O	A:VAL:225:CB
0	vdw	A:HOH:2184:O	A:PHE:286:CB
0	vdw	A:HIS:283:C	A:HOH:2184:O
0	vdw	A:HIS:283:O	A:HOH:2184:O
0	vdw	A:PHE:109:CD1	A:PHE:286:CB
0	vdw	A:GLN:265:NE2	A:ILE:275:CD1
0	vdw	A:ALA:280:CA	A:ILE:275:CD1
0	vdw	A:ALA:280:CB	A:ILE:275:CD1
0	vdw	A:HIS:268:ND1	A:HOH:2171:O
0	vdw	A:HIS:268:CE1	A:HOH:2171:O
0	vdw	A:ASP:223:O	A:VAL:230:CG1
0	vdw	A:ASP:223:C	A:VAL:230:CG1
0	vdw	A:ASP:223:C	A:HOH:2142:O
0	vdw	A:GLU:224:N	A:HOH:2142:O
0	vdw	A:GLU:224:CA	A:HOH:2142:O
0	vdw	A:GLU:224:CB	A:HOH:2142:O
0	vdw	A:GLU:224:CG	A:HOH:2142:O
0	vdw	A:PHE:109:CD1	A:PHE:286:CD2
0	vdw	A:PHE:109:CD1	A:PHE:286:CG
0	vdw	A:PHE:109:CD1	A:PHE:286:CD1
0	vdw	A:ALA:280:O	A:PHE:286:CD2
0	vdw	A:ALA:280:O	A:PHE:286:CE2
0	vdw	A:LEU:112:CD1	A:PHE:286:CE2
0	vdw	A:LEU:262:CD2	A:PHE:286:CE2
0	vdw	A:GLN:265:C	A:ILE:275:CG2
0	vdw	A:GLN:265:O	A:ILE:275:CG2
0	vdw	A:ILE:275:CG2	A:MET:266:CG
0	vdw	A:ARG:274:CA	A:GLN:265:O
0	vdw	A:GLN:265:O	A:ILE:275:N
0	vdw	A:ARG:274:CA	A:HIS:268:CB
0	vdw	A:ARG:274:CG	A:GLN:265:O
0	vdw	A:ARG:274:CZ	A:HIS:268:O
0	vdw	A:ARG:274:NH2	A:HIS:268:O
0	vdw	A:ASP:270:CA	A:TRP:227:CD1
0	vdw	A:TRP:227:CE3	A:TYR:269:CB
0	vdw	A:GLU:224:OE2	A:VAL:230:N
0	vdw	A:GLU:224:OE2	A:THR:231:N
0	vdw	A:GLU:224:CD	A:THR:231:OG1
0	vdw	A:GLU:224:OE2	A:THR:231:CA
0	vdw	A:GLU:224:OE2	A:THR:231:CB
0	vdw	A:GLU:224:OE2	A:THR:231:CG2
0	vdw	A:GLU:224:OE2	A:THR:231:OG1
0	vdw	A:THR:231:CG2	A:TYR:236:CZ
0	vdw	A:THR:231:CG2	A:TYR:236:OH
0	vdw	A:THR:231:CA	A:TYR:236:CD1
0	vdw	A:THR:231:CA	A:TYR:236:CE1
0	vdw	A:THR:231:CB	A:TYR:236:CE1
0	vdw	A:THR:231:CG2	A:TYR:236:CE1
0	vdw	A:THR:231:CA	A:TYR:236:CG
0	vdw	A:HOH:2029:O	A:HOH:2079:O
0	vdw	A:HOH:2029:O	A:LYS:291:CB
0	vdw	A:HOH:2029:O	A:LYS:291:CD
0	vdw	A:ALA:280:CB	A:LEU:112:CD1
0	vdw	A:LEU:112:CD1	A:PHE:286:CZ
0	vdw	A:LEU:112:CD2	A:LEU:189:CD1
0	vdw	A:ARG:274:CG	A:ILE:186:CG2
0	vdw	A:ILE:186:CG2	A:MET:266:O
0	vdw	A:ILE:186:CG2	A:MET:266:CA
0	vdw	A:ALA:183:O	A:ARG:274:CD
0	vdw	A:ARG:274:CG	A:MET:266:O
0	vdw	A:ARG:274:CD	A:MET:266:O
0	vdw	A:ARG:274:NE	A:HIS:268:O
0	vdw	A:ARG:274:CG	A:MET:266:C
0	vdw	A:ARG:274:NH2	A:TYR:269:O
0	vdw	A:ARG:274:CZ	A:GLU:172:OE1
0	vdw	A:ARG:274:CZ	A:GLU:172:OE2
0	vdw	A:ARG:274:NH1	A:GLU:172:CD
0	vdw	A:ARG:274:NH1	A:GLU:172:OE1
0	vdw	A:ARG:274:NH1	A:GLU:172:OE2
0	vdw	A:ARG:274:NH2	A:GLU:172:CD
0	vdw	A:ARG:274:NH2	A:GLU:172:OE1
0	vdw	A:ARG:274:CZ	A:TRP:187:CE3
0	vdw	A:ARG:274:NH2	A:TYR:269:C
0	vdw	A:ARG:274:NH1	A:TRP:187:CB
0	vdw	A:PRO:271:CD	A:TRP:227:CE2
0	vdw	A:PRO:271:CD	A:TRP:227:NE1
0	vdw	A:PRO:271:CD	A:TRP:227:CZ2
0	vdw	A:MET:233:SD	A:TRP:227:CZ2
0	vdw	A:MET:233:SD	A:TRP:227:CH2
0	vdw	A:GLU:172:CA	A:TRP:227:CH2
0	vdw	A:TYR:236:CB	A:VAL:230:O
0	vdw	A:TYR:236:CG	A:VAL:230:O
0	vdw	A:TYR:236:CD2	A:VAL:230:O
0	vdw	A:THR:231:O	A:TYR:236:CD1
0	vdw	A:HOH:2017:O	A:HOH:2057:O
0	vdw	A:HOH:2017:O	A:LYS:291:CD
0	vdw	A:HOH:2017:O	A:LYS:291:CE
0	vdw	A:HOH:2017:O	A:HOH:2029:O
0	vdw	A:ASN:62:OD1	A:HOH:2057:O
0	vdw	A:ASN:62:ND2	A:HOH:2057:O
0	vdw	A:ASN:62:CG	A:HOH:2057:O
0	vdw	A:ASN:62:CB	A:GLN:110:O
0	vdw	A:ASN:62:CG	A:GLN:110:O
0	vdw	A:LEU:115:CD2	A:LEU:189:CD1
0	vdw	A:ASP:185:CB	A:LEU:115:CD2
0	vdw	A:ILE:186:CD1	A:LEU:115:CD2
0	vdw	A:ASP:185:O	A:LEU:128:CD1
0	vdw	A:HOH:2120:O	A:VAL:184:C
0	vdw	A:HOH:2120:O	A:VAL:184:O
0	vdw	A:ALA:183:C	A:ARG:274:NH1
0	vdw	A:ALA:183:O	A:ARG:274:NH1
0	vdw	A:GLU:172:OE2	A:VAL:184:CG1
0	vdw	A:CYS:177:N	A:GLU:172:O
0	vdw	A:LEU:175:O	A:PRO:234:CD
0	vdw	A:ASP:235:N	A:LEU:175:O
0	vdw	A:ASP:235:CA	A:LEU:175:O
0	vdw	A:ASP:235:CB	A:LEU:175:O
0	vdw	A:HOH:2056:O	A:PRO:61:C
0	vdw	A:HOH:2056:O	A:PRO:61:O
0	vdw	A:LYS:142:CD	A:PRO:61:O
0	vdw	A:LYS:142:CE	A:PRO:61:O
0	vdw	A:LYS:142:NZ	A:PRO:61:O
0	vdw	A:HOH:2056:O	A:LYS:142:CE
0	vdw	A:ALA:140:CB	A:HOH:2056:O
0	vdw	A:ASN:62:ND2	A:ILE:141:O
0	vdw	A:LYS:142:CG	A:PRO:61:O
0	vdw	A:ASN:62:ND2	A:GLN:110:CG
0	vdw	A:ASN:62:ND2	A:GLN:110:CD
0	vdw	A:ASN:62:ND2	A:GLN:110:OE1
0	vdw	A:ASN:62:ND2	A:GLN:110:CB
0	vdw	A:ASN:62:O	A:LEU:143:CG
0	vdw	A:ASN:62:CB	A:ILE:141:O
0	vdw	A:ASN:62:C	A:LYS:142:CA
0	vdw	A:ASN:62:C	A:LYS:142:CB
0	vdw	A:ASN:62:O	A:LYS:142:CA
0	vdw	A:ASN:62:O	A:LYS:142:C
0	vdw	A:ASN:62:CG	A:GLN:110:CB
0	vdw	A:ASN:62:O	A:LEU:143:N
0	vdw	A:LEU:111:CD2	A:LEU:143:CD2
0	vdw	A:LEU:133:CD2	A:LEU:143:CD2
0	vdw	A:ASP:185:CB	A:LEU:115:CD1
0	vdw	A:ASP:185:CB	A:LEU:128:CD1
0	vdw	A:ASP:185:CG	A:LEU:128:CD1
0	vdw	A:ARG:126:N	A:ASP:185:CG
0	vdw	A:ARG:126:N	A:ASP:185:OD1
0	vdw	A:ASP:185:OD1	A:HOH:2089:O
0	vdw	A:ARG:126:CA	A:ASP:185:OD1
0	vdw	A:ILE:173:CD1	A:VAL:184:CG1
0	vdw	A:ILE:173:CD1	A:VAL:164:CG2
0	vdw	A:GLY:176:N	A:HOH:2124:O
0	vdw	A:GLY:176:CA	A:HOH:2124:O
0	vdw	A:ASP:235:CB	A:LEU:175:C
0	vdw	A:GLY:176:C	A:PRO:234:CD
0	vdw	A:GLY:176:O	A:PRO:234:CD
0	vdw	A:HOH:2053:O	A:LYS:142:NZ
0	vdw	A:HOH:2053:O	A:ILE:63:O
0	vdw	A:GLU:81:OE2	A:LYS:142:CD
0	vdw	A:GLU:81:CD	A:LYS:142:NZ
0	vdw	A:GLU:81:OE1	A:LYS:142:NZ
0	vdw	A:GLU:81:OE2	A:LYS:142:NZ
0	vdw	A:GLU:81:OE2	A:HOH:2053:O
0	vdw	A:ILE:63:CA	A:LEU:143:O
0	vdw	A:LEU:143:O	A:VAL:64:N
0	vdw	A:HIS:125:CD2	A:PHE:146:CE1
0	vdw	A:HIS:125:CD2	A:PHE:146:CZ
0	vdw	A:ALA:144:O	A:HIS:125:NE2
0	vdw	A:ASP:145:O	A:HIS:125:NE2
0	vdw	A:HIS:125:O	A:LEU:148:C
0	vdw	A:ALA:149:N	A:HIS:125:O
0	vdw	A:HIS:125:O	A:HOH:2087:O
0	vdw	A:HIS:125:O	A:LEU:148:O
0	vdw	A:ARG:126:CB	A:LEU:148:O
0	vdw	A:ARG:126:C	A:VAL:164:CG2
0	vdw	A:ARG:126:CA	A:HOH:2089:O
0	vdw	A:ARG:126:C	A:HOH:2089:O
0	vdw	A:HOH:2088:O	A:VAL:163:CB
0	vdw	A:HIS:161:CA	A:HOH:2114:O
0	vdw	A:HIS:161:CB	A:HOH:2114:O
0	vdw	A:HIS:161:CG	A:HOH:2114:O
0	vdw	A:HIS:161:ND1	A:HOH:2114:O
0	vdw	A:HIS:161:O	A:ILE:173:CG2
0	vdw	A:HOH:2005:O	A:HOH:2025:O
0	vdw	A:GLU:81:CG	A:VAL:64:CG2
0	vdw	A:GLU:81:CG	A:LYS:65:N
0	vdw	A:GLU:81:CD	A:LYS:65:N
0	vdw	A:GLU:81:OE2	A:VAL:64:CA
0	vdw	A:GLU:81:OE2	A:VAL:64:C
0	vdw	A:GLU:81:OE2	A:LYS:65:N
0	vdw	A:HOH:2039:O	A:VAL:64:CG1
0	vdw	A:ALA:144:CA	A:VAL:64:CG1
0	vdw	A:T6Q:1299:N32	A:VAL:64:CG1
0	vdw	A:T6Q:1299:C31	A:VAL:64:CG2
0	vdw	A:T6Q:1299:N32	A:VAL:64:CG2
0	vdw	A:LEU:143:O	A:VAL:64:CB
0	vdw	A:LEU:143:O	A:VAL:64:CG1
0	vdw	A:LEU:83:CD1	A:VAL:64:CG2
0	vdw	A:HOH:2087:O	A:PHE:146:CA
0	vdw	A:GLU:51:OE2	A:PHE:146:N
0	vdw	A:HOH:2087:O	A:LEU:148:CA
0	vdw	A:HOH:2087:O	A:LEU:148:C
0	vdw	A:ALA:149:N	A:HOH:2087:O
0	vdw	A:HOH:2087:O	A:LEU:148:CB
0	vdw	A:HOH:2087:O	A:LEU:148:N
0	vdw	A:HOH:2009:O	A:HOH:2087:O
0	vdw	A:ASP:145:O	A:HOH:2087:O
0	vdw	A:HIS:125:CE1	A:HOH:2087:O
0	vdw	A:HOH:2088:O	A:LEU:148:CB
0	vdw	A:HOH:2088:O	A:VAL:163:CG1
0	vdw	A:GLU:28:CG	A:HOH:2025:O
0	vdw	A:GLU:28:CD	A:LEU:67:CD1
0	vdw	A:GLU:28:CD	A:HOH:2025:O
0	vdw	A:GLU:28:OE2	A:LEU:67:CD1
0	vdw	A:GLU:28:OE2	A:HOH:2025:O
0	vdw	A:LEU:67:CD1	A:PHE:80:C
0	vdw	A:GLU:81:N	A:LEU:67:CD1
0	vdw	A:LYS:65:O	A:PHE:80:CA
0	vdw	A:GLU:81:N	A:LYS:65:O
0	vdw	A:GLU:81:N	A:LEU:67:CG
0	vdw	A:GLU:81:CA	A:HOH:2027:O
0	vdw	A:ALA:31:O	A:PHE:80:CA
0	vdw	A:HOH:2039:O	A:PHE:80:CE1
0	vdw	A:PHE:80:CB	A:T6Q:1299:C31
0	vdw	A:PHE:80:CB	A:T6Q:1299:N32
0	vdw	A:PHE:80:CG	A:T6Q:1299:C31
0	vdw	A:PHE:80:CG	A:T6Q:1299:N32
0	vdw	A:PHE:80:CD1	A:T6Q:1299:N32
0	vdw	A:PHE:80:CE1	A:T6Q:1299:N32
0	vdw	A:ALA:31:O	A:PHE:80:CB
0	vdw	A:HOH:2039:O	A:PHE:80:CZ
0	vdw	A:HOH:2039:O	A:T6Q:1299:N32
0	vdw	A:ASP:145:N	A:HOH:2039:O
0	vdw	A:ASP:145:CA	A:HOH:2039:O
0	vdw	A:GLU:51:CD	A:LYS:33:NZ
0	vdw	A:GLU:51:OE1	A:LYS:33:CE
0	vdw	A:GLU:51:OE1	A:LYS:33:NZ
0	vdw	A:GLU:51:OE2	A:LYS:33:NZ
0	vdw	A:HOH:2087:O	A:PHE:146:C
0	vdw	A:GLY:147:N	A:HOH:2087:O
0	vdw	A:GLY:147:O	A:THR:47:CB
0	vdw	A:GLY:147:O	A:THR:47:CG2
0	vdw	A:GLY:147:CA	A:HOH:2008:O
0	vdw	A:HOH:2013:O	A:LEU:148:CD1
0	vdw	A:HOH:2013:O	A:HOH:2112:O
0	vdw	A:HOH:2013:O	A:THR:47:CG2
0	vdw	A:LEU:148:CD1	A:THR:14:CG2
0	vdw	A:HOH:2012:O	A:HOH:2112:O
0	vdw	A:HOH:2012:O	A:HOH:2035:O
0	vdw	A:GLU:162:O	A:HOH:2116:O
0	vdw	A:HOH:2022:O	A:THR:26:CB
0	vdw	A:HOH:2022:O	A:THR:26:CG2
0	vdw	A:HOH:2022:O	A:THR:26:OG1
0	vdw	A:GLU:28:CB	A:HOH:2022:O
0	vdw	A:GLU:28:OE1	A:HOH:2022:O
0	vdw	A:GLU:28:CD	A:HOH:2022:O
0	vdw	A:GLU:28:OE1	A:HOH:2020:O
0	vdw	A:HOH:2020:O	A:PHE:4:CE1
0	vdw	A:HOH:2020:O	A:PHE:4:CZ
0	vdw	A:ASN:23:CB	A:HOH:2020:O
0	vdw	A:ALA:31:O	A:VAL:79:CA
0	vdw	A:ALA:31:O	A:VAL:79:C
0	vdw	A:ALA:31:O	A:PHE:80:N
0	vdw	A:ALA:31:O	A:LEU:78:O
0	vdw	A:LEU:32:CA	A:LEU:78:O
0	vdw	A:LEU:32:C	A:LEU:78:O
0	vdw	A:LEU:78:O	A:LYS:33:N
0	vdw	A:PHE:80:CD2	A:T6Q:1299:N32
0	vdw	A:PHE:80:CD2	A:T6Q:1299:C06
0	vdw	A:LYS:33:CB	A:PHE:80:CE2
0	vdw	A:PHE:80:CE2	A:T6Q:1299:C06
0	vdw	A:HOH:2032:O	A:THR:47:OG1
0	vdw	A:THR:47:OG1	A:TYR:15:CG
0	vdw	A:HOH:2032:O	A:THR:47:CG2
0	vdw	A:ASN:23:CG	A:HOH:2020:O
0	vdw	A:ASN:23:ND2	A:HOH:2020:O
0	vdw	A:ILE:70:CD1	A:PHE:4:CE2
0	vdw	A:PHE:4:CE1	A:VAL:30:CG2
0	vdw	A:LEU:32:CD2	A:VAL:79:CG2
0	vdw	A:LYS:33:O	A:TYR:77:CA
0	vdw	A:LYS:33:O	A:TYR:77:C
0	vdw	A:LEU:78:N	A:LYS:33:O
0	vdw	A:ILE:35:CG2	A:TYR:15:CE1
0	vdw	A:GLU:40:OE2	A:PRO:45:CG
0	vdw	A:PRO:45:CG	A:TYR:15:CE1
0	vdw	A:GLU:40:CD	A:PRO:45:CG
0	vdw	A:ASN:3:CG	A:LEU:25:CD1
0	vdw	A:ASN:3:ND2	A:LEU:25:CD1
0	vdw	A:ASN:3:OD1	A:LEU:25:CD1
0	vdw	A:ILE:70:CD1	A:MET:1:SD
0	vdw	A:MET:1:SD	A:TYR:77:CG
0	vdw	A:MET:1:SD	A:TYR:77:CD2
0	vdw	A:MET:1:CE	A:TYR:77:CG
0	vdw	A:MET:1:CE	A:TYR:77:CD2
0	vdw	A:ILE:35:O	A:LEU:76:N
0	vdw	A:ILE:35:O	A:LEU:76:O
0	vdw	A:ILE:35:O	A:LEU:76:CB
0	vdw	A:ILE:35:N	A:LEU:76:O
0	vdw	A:ILE:35:CA	A:LEU:76:O
0	vdw	A:LEU:76:O	A:LYS:33:O
0	vdw	A:LEU:76:O	A:LYS:34:CA
0	vdw	A:LEU:76:O	A:LYS:34:C
0	vdw	A:GLU:40:OE2	A:TYR:15:OH
0	vdw	A:GLU:40:CD	A:TYR:15:OH
0	vdw	A:MET:1:CG	A:TYR:77:CD2
0	vdw	A:ASN:74:O	A:LEU:37:N
0	vdw	A:ASN:74:O	A:LEU:37:CB
0	vdw	A:ASN:74:O	A:LEU:37:CA
0	vdw	A:ASN:74:O	A:ASP:38:N
0	vdw	A:ASN:74:CG	A:ASP:38:OD1
0	vdw	A:ASN:74:OD1	A:ASP:38:OD1
0	vdw	A:ASN:74:CB	A:ASP:38:CG
0	vdw	A:ASN:74:CB	A:ASP:38:OD2
0	vdw	A:ASN:74:CG	A:ASP:38:CG
0	vdw	A:ASN:74:CG	A:ASP:38:OD2
0	vdw	A:ASN:74:ND2	A:ASP:38:OD2
0	vdw	A:ASN:74:OD1	A:ASP:38:CG
0	vdw	A:ASP:258:OD1	A:HOH:2166:O
0	vdw	A:ASP:258:OD1	A:HOH:2167:O
0	vdw	A:HOH:2072:O	A:HOH:2167:O
0	vdw	A:GLU:257:CG	A:HOH:2072:O
0	vdw	A:ASP:258:OD2	A:GLN:287:NE2
0	vdw	A:ASP:258:CG	A:HOH:2163:O
0	vdw	A:ASP:258:OD2	A:HOH:2163:O
0	vdw	A:ASP:258:O	A:HIS:283:CE1
0	vdw	A:HIS:283:CE1	A:SER:261:CB
0	vdw	A:HIS:283:NE2	A:SER:261:CB
0	vdw	A:HOH:2167:O	A:SER:261:CB
0	vdw	A:HIS:283:CE1	A:SER:261:OG
0	vdw	A:HIS:283:NE2	A:SER:261:OG
0	vdw	A:HOH:2167:O	A:SER:261:OG
0	vdw	A:HIS:283:CE1	A:LEU:262:N
0	vdw	A:HIS:283:CE1	A:LEU:262:CB
0	vdw	A:HIS:283:NE2	A:LEU:262:N
0	vdw	A:HIS:283:NE2	A:LEU:262:CA
0	vdw	A:HIS:283:NE2	A:LEU:262:CB
0	vdw	A:HOH:2165:O	A:SER:261:CB
0	vdw	A:ASP:223:OD2	A:HOH:2141:O
0	vdw	A:ASP:223:CG	A:HOH:2141:O
0	vdw	A:ASP:288:O	A:HOH:2185:O
0	vdw	A:LYS:105:CD	A:PHE:285:O
0	vdw	A:LYS:105:CE	A:PHE:285:O
0	vdw	A:LYS:105:NZ	A:PHE:285:O
0	vdw	A:ASP:258:CB	A:PHE:285:CA
0	vdw	A:HOH:2158:O	A:SER:264:C
0	vdw	A:HOH:2158:O	A:SER:264:O
0	vdw	A:HOH:2158:O	A:LEU:267:C
0	vdw	A:PHE:248:CE1	A:SER:264:CA
0	vdw	A:PHE:248:CZ	A:SER:264:CA
0	vdw	A:PHE:248:CE1	A:SER:264:CB
0	vdw	A:HOH:2158:O	A:PHE:248:CE1
0	vdw	A:HOH:2158:O	A:PHE:248:CZ
0	vdw	A:HOH:2158:O	A:LEU:267:O
0	vdw	A:ARG:245:CZ	A:HOH:2158:O
0	vdw	A:ARG:245:NH1	A:HOH:2158:O
0	vdw	A:ARG:245:NH2	A:HOH:2158:O
0	vdw	A:HOH:2157:O	A:HOH:2171:O
0	vdw	A:HOH:2157:O	A:LEU:267:O
0	vdw	A:HOH:2171:O	A:TYR:269:N
0	vdw	A:ARG:245:CZ	A:HOH:2157:O
0	vdw	A:ARG:245:NH1	A:HOH:2157:O
0	vdw	A:HOH:2157:O	A:TYR:269:CD2
0	vdw	A:ASP:223:CA	A:HOH:2142:O
0	vdw	A:ASP:223:CB	A:HOH:2142:O
0	vdw	A:HOH:2187:O	A:THR:290:CA
0	vdw	A:HOH:2079:O	A:THR:290:C
0	vdw	A:HOH:2076:O	A:THR:290:N
0	vdw	A:HOH:2076:O	A:VAL:289:CA
0	vdw	A:HOH:2076:O	A:VAL:289:CG2
0	vdw	A:SER:106:CA	A:VAL:289:CG2
0	vdw	A:PHE:109:CB	A:PHE:286:CD1
0	vdw	A:LYS:105:CG	A:PHE:286:CD1
0	vdw	A:LEU:108:CD2	A:PHE:286:CZ
0	vdw	A:LEU:108:CD2	A:LEU:262:CD2
0	vdw	A:LEU:262:CD2	A:PHE:286:CZ
0	vdw	A:LEU:108:CG	A:PHE:286:CZ
0	vdw	A:LEU:108:CD2	A:PHE:193:CG
0	vdw	A:LEU:108:CD2	A:PHE:193:CD1
0	vdw	A:LEU:108:CD2	A:PHE:193:CD2
0	vdw	A:LEU:108:CD2	A:PHE:193:CE2
0	vdw	A:LEU:267:CA	A:TRP:187:CZ3
0	vdw	A:LEU:267:C	A:TRP:187:CZ3
0	vdw	A:LEU:267:O	A:TRP:187:CZ3
0	vdw	A:LEU:219:CD1	A:LEU:267:O
0	vdw	A:PRO:222:CB	A:TYR:269:CD2
0	vdw	A:PHE:216:CE1	A:PRO:222:CG
0	vdw	A:HOH:2147:O	A:TYR:236:CZ
0	vdw	A:HOH:2147:O	A:TYR:236:OH
0	vdw	A:HOH:2186:O	A:LYS:291:N
0	vdw	A:HOH:2186:O	A:LYS:291:CA
0	vdw	A:HOH:2186:O	A:LYS:291:C
0	vdw	A:HOH:2186:O	A:LYS:291:O
0	vdw	A:HOH:2079:O	A:LYS:291:CB
0	vdw	A:LYS:291:CA	A:SER:106:OG
0	vdw	A:HOH:2080:O	A:LYS:291:CA
0	vdw	A:HOH:2079:O	A:THR:290:O
0	vdw	A:SER:106:CB	A:THR:290:O
0	vdw	A:SER:106:OG	A:THR:290:O
0	vdw	A:HOH:2079:O	A:SER:106:CA
0	vdw	A:HOH:2079:O	A:SER:106:CB
0	vdw	A:HOH:2079:O	A:SER:106:OG
0	vdw	A:HOH:2076:O	A:THR:290:O
0	vdw	A:LYS:105:O	A:PHE:286:CE1
0	vdw	A:PHE:109:N	A:PHE:286:CE1
0	vdw	A:PHE:109:CA	A:PHE:286:CE1
0	vdw	A:PHE:109:CB	A:PHE:286:CE1
0	vdw	A:LEU:189:C	A:MET:266:CE
0	vdw	A:GLY:190:N	A:MET:266:CE
0	vdw	A:LEU:189:CB	A:MET:266:CE
0	vdw	A:GLY:190:CA	A:MET:266:CE
0	vdw	A:PRO:171:CD	A:TRP:187:CD2
0	vdw	A:PRO:171:CD	A:TRP:187:CE3
0	vdw	A:PRO:171:CD	A:TRP:187:CZ3
0	vdw	A:PRO:171:CG	A:TRP:187:CZ3
0	vdw	A:PRO:171:CD	A:TRP:187:CE2
0	vdw	A:PRO:171:CD	A:TRP:187:CZ2
0	vdw	A:PRO:171:CD	A:TRP:187:CH2
0	vdw	A:LEU:267:CD2	A:TRP:187:CD2
0	vdw	A:LEU:175:CD1	A:TRP:227:CZ3
0	vdw	A:HOH:2148:O	A:PRO:238:CD
0	vdw	A:HOH:2093:O	A:LYS:291:NZ
0	vdw	A:GLU:138:O	A:HOH:2093:O
0	vdw	A:GLU:138:CB	A:HOH:2093:O
0	vdw	A:GLU:138:OE1	A:HOH:2093:O
0	vdw	A:GLU:138:O	A:LYS:291:NZ
0	vdw	A:HOH:2080:O	A:LYS:291:CG
0	vdw	A:ALA:140:CA	A:GLN:110:OE1
0	vdw	A:ALA:140:C	A:GLN:110:OE1
0	vdw	A:GLN:110:OE1	A:ILE:141:N
0	vdw	A:GLN:110:CD	A:GLY:139:O
0	vdw	A:GLN:110:NE2	A:GLY:139:O
0	vdw	A:ILE:141:CG2	A:TYR:107:O
0	vdw	A:GLN:110:CB	A:ILE:141:CG2
0	vdw	A:ILE:141:CG2	A:TYR:107:CA
0	vdw	A:ILE:141:CG2	A:TYR:107:CD1
0	vdw	A:SER:188:CA	A:TYR:168:O
0	vdw	A:ALA:170:CB	A:TRP:187:CB
0	vdw	A:ALA:170:CA	A:TRP:187:CG
0	vdw	A:ALA:170:CB	A:TRP:187:CG
0	vdw	A:ALA:170:CA	A:TRP:187:CD1
0	vdw	A:TRP:187:CD1	A:TYR:168:O
0	vdw	A:ARG:169:C	A:TRP:187:CD1
0	vdw	A:LEU:175:CD2	A:LEU:212:CD1
0	vdw	A:LEU:175:CD2	A:PHE:240:CE2
0	vdw	A:ASP:235:O	A:PHE:240:CZ
0	vdw	A:ALA:140:C	A:HOH:2081:O
0	vdw	A:ILE:141:CA	A:LEU:134:O
0	vdw	A:ILE:141:C	A:LEU:134:O
0	vdw	A:LEU:134:O	A:LYS:142:N
0	vdw	A:LEU:111:CD2	A:LEU:133:CD2
0	vdw	A:LEU:111:CD2	A:LEU:133:CD1
0	vdw	A:HOH:2089:O	A:LEU:128:CG
0	vdw	A:LEU:128:CB	A:SER:188:CB
0	vdw	A:HOH:2089:O	A:LEU:128:CB
0	vdw	A:HOH:2089:O	A:SER:188:CB
0	vdw	A:HOH:2089:O	A:SER:188:OG
0	vdw	A:ASP:127:N	A:HOH:2089:O
0	vdw	A:HOH:2089:O	A:LEU:128:N
0	vdw	A:LEU:128:O	A:SER:188:CB
0	vdw	A:SER:188:OG	A:VAL:164:CG1
0	vdw	A:HOH:2120:O	A:VAL:164:CG1
0	vdw	A:SER:188:OG	A:TYR:168:O
0	vdw	A:HOH:2120:O	A:TYR:168:O
0	vdw	A:HOH:2120:O	A:SER:188:OG
0	vdw	A:ARG:169:C	A:HOH:2120:O
0	vdw	A:HOH:2120:O	A:TYR:168:C
0	vdw	A:ARG:169:N	A:VAL:164:CG1
0	vdw	A:ARG:169:CA	A:VAL:164:CG1
0	vdw	A:ARG:169:CA	A:HOH:2120:O
0	vdw	A:HOH:2090:O	A:VAL:164:CG1
0	vdw	A:ALA:170:N	A:HOH:2120:O
0	vdw	A:ALA:170:CA	A:HOH:2120:O
0	vdw	A:ALA:170:CB	A:HOH:2120:O
0	vdw	A:ARG:169:C	A:HOH:2118:O
0	vdw	A:ARG:169:CD	A:HOH:2122:O
0	vdw	A:HOH:2122:O	A:LEU:174:CA
0	vdw	A:ARG:169:CD	A:LEU:174:CD2
0	vdw	A:LEU:174:CB	A:LEU:212:CG
0	vdw	A:LEU:174:CB	A:LEU:212:CD2
0	vdw	A:HOH:2124:O	A:LEU:174:C
0	vdw	A:HOH:2124:O	A:LEU:174:O
0	vdw	A:ASP:235:CG	A:HOH:2124:O
0	vdw	A:ASP:235:OD2	A:HOH:2124:O
0	vdw	A:HIS:161:CE1	A:ILE:173:O
0	vdw	A:HIS:161:CE1	A:HOH:2124:O
0	vdw	A:HOH:2115:O	A:HOH:2124:O
0	vdw	A:ILE:135:C	A:LEU:83:CD2
0	vdw	A:LEU:134:C	A:LEU:83:CD2
0	vdw	A:LEU:134:O	A:LEU:83:CD2
0	vdw	A:LEU:134:N	A:LYS:142:O
0	vdw	A:LEU:133:CA	A:LYS:142:O
0	vdw	A:LEU:133:C	A:LYS:142:O
0	vdw	A:ALA:144:N	A:ASN:132:O
0	vdw	A:ALA:144:CA	A:ASN:132:O
0	vdw	A:ALA:144:CB	A:ASN:132:O
0	vdw	A:ALA:144:O	A:ASN:132:O
0	vdw	A:ALA:144:O	A:HIS:125:CE1
0	vdw	A:ASP:145:O	A:HIS:125:CE1
0	vdw	A:ASP:127:CB	A:LEU:148:CD2
0	vdw	A:ASP:127:CA	A:HOH:2090:O
0	vdw	A:ASP:127:C	A:HOH:2090:O
0	vdw	A:ASP:127:OD1	A:THR:165:N
0	vdw	A:ASP:127:OD1	A:THR:165:CB
0	vdw	A:ASP:127:OD1	A:THR:165:OG1
0	vdw	A:ASP:127:OD1	A:HOH:2090:O
0	vdw	A:ARG:126:O	A:VAL:164:N
0	vdw	A:ARG:126:O	A:VAL:164:CA
0	vdw	A:ARG:126:O	A:VAL:164:CG2
0	vdw	A:ARG:126:O	A:HOH:2088:O
0	vdw	A:HOH:2088:O	A:VAL:164:N
0	vdw	A:HOH:2088:O	A:VAL:164:CA
0	vdw	A:ARG:169:NE	A:VAL:163:O
0	vdw	A:ARG:169:CD	A:VAL:163:O
0	vdw	A:HIS:161:CE1	A:HOH:2122:O
0	vdw	A:ARG:169:NH1	A:HOH:2122:O
0	vdw	A:GLU:208:CD	A:HOH:2122:O
0	vdw	A:GLU:208:OE1	A:HOH:2122:O
0	vdw	A:HOH:2122:O	A:LEU:174:CD2
0	vdw	A:HIS:161:NE2	A:HOH:2115:O
0	vdw	A:GLU:208:CD	A:HOH:2115:O
0	vdw	A:GLU:208:OE1	A:HOH:2115:O
0	vdw	A:GLU:208:OE2	A:HOH:2115:O
0	vdw	A:HOH:2067:O	A:PHE:82:O
0	vdw	A:HOH:2027:O	A:HOH:2067:O
0	vdw	A:ALA:144:CB	A:LEU:134:CG
0	vdw	A:ALA:144:CB	A:LEU:134:CD1
0	vdw	A:ASN:132:ND2	A:ASP:127:CG
0	vdw	A:ASN:132:ND2	A:ASP:127:OD2
0	vdw	A:ASP:145:O	A:HOH:2009:O
0	vdw	A:ASN:132:CG	A:ASP:145:CB
0	vdw	A:ASN:132:OD1	A:ASP:145:CB
0	vdw	A:ASN:132:ND2	A:ASP:127:O
0	vdw	A:ALA:144:O	A:ASN:132:CB
0	vdw	A:ASP:127:OD2	A:HOH:2009:O
0	vdw	A:ASP:127:CG	A:LEU:148:CD2
0	vdw	A:ASP:127:OD2	A:LEU:148:CD2
0	vdw	A:HOH:2009:O	A:LEU:148:CD2
0	vdw	A:HOH:2009:O	A:THR:14:CB
0	vdw	A:HOH:2009:O	A:THR:14:CG2
0	vdw	A:HOH:2009:O	A:THR:14:OG1
0	vdw	A:ASP:127:CG	A:HOH:2090:O
0	vdw	A:HOH:2088:O	A:LEU:148:CG
0	vdw	A:HOH:2088:O	A:VAL:163:CA
0	vdw	A:HOH:2088:O	A:VAL:163:C
0	vdw	A:GLU:28:CA	A:HOH:2026:O
0	vdw	A:HOH:2026:O	A:VAL:29:N
0	vdw	A:HOH:2026:O	A:HOH:2067:O
0	vdw	A:HOH:2027:O	A:VAL:29:O
0	vdw	A:PHE:82:N	A:VAL:29:O
0	vdw	A:HOH:2027:O	A:PHE:82:N
0	vdw	A:PHE:82:CB	A:VAL:29:O
0	vdw	A:GLU:81:O	A:T6Q:1299:C29
0	vdw	A:PHE:80:O	A:VAL:30:C
0	vdw	A:ALA:31:N	A:PHE:80:O
0	vdw	A:ALA:31:O	A:PHE:80:O
0	vdw	A:ALA:31:CB	A:T6Q:1299:C29
0	vdw	A:ALA:31:CB	A:T6Q:1299:C30
0	vdw	A:LEU:134:CD1	A:T6Q:1299:C29
0	vdw	A:LEU:134:CD1	A:T6Q:1299:C30
0	vdw	A:LEU:134:CD1	A:T6Q:1299:C31
0	vdw	A:LEU:83:N	A:T6Q:1299:C29
0	vdw	A:ASP:145:CG	A:HOH:2008:O
0	vdw	A:ASP:145:OD1	A:HOH:2008:O
0	vdw	A:ASP:145:CG	A:THR:14:CB
0	vdw	A:ASP:145:CG	A:THR:14:OG1
0	vdw	A:ASP:145:OD1	A:THR:14:CB
0	vdw	A:ASP:145:OD1	A:THR:14:OG1
0	vdw	A:ASP:145:OD2	A:THR:14:CB
0	vdw	A:ASP:145:OD2	A:THR:14:OG1
0	vdw	A:HOH:2008:O	A:THR:14:CB
0	vdw	A:ASP:145:OD1	A:LYS:33:NZ
0	vdw	A:HOH:2008:O	A:LYS:33:CE
0	vdw	A:HOH:2008:O	A:LYS:33:NZ
0	vdw	A:ASP:145:CG	A:THR:14:N
0	vdw	A:ASP:145:CG	A:T6Q:1299:N02
0	vdw	A:ASP:145:OD2	A:GLY:13:CA
0	vdw	A:ASP:145:OD2	A:GLY:13:C
0	vdw	A:ASP:145:OD2	A:THR:14:N
0	vdw	A:ASP:145:OD2	A:T6Q:1299:N02
0	vdw	A:HOH:2008:O	A:THR:14:N
0	vdw	A:HOH:2008:O	A:THR:14:C
0	vdw	A:HOH:2008:O	A:TYR:15:N
0	vdw	A:ASP:145:OD2	A:THR:14:CA
0	vdw	A:HOH:2008:O	A:THR:14:CA
0	vdw	A:ASP:145:CG	A:HOH:2009:O
0	vdw	A:ASP:145:OD1	A:HOH:2009:O
0	vdw	A:ASP:145:OD2	A:T6Q:1299:C01
0	vdw	A:ASP:145:OD2	A:HOH:2010:O
0	vdw	A:LEU:148:CD2	A:THR:14:CG2
0	vdw	A:HOH:2010:O	A:THR:14:OG1
0	vdw	A:ARG:22:C	A:GLU:28:O
0	vdw	A:ASN:23:N	A:GLU:28:O
0	vdw	A:ASN:23:CA	A:GLU:28:O
0	vdw	A:ASN:23:CB	A:GLU:28:O
0	vdw	A:ARG:22:CA	A:GLU:28:O
0	vdw	A:PHE:4:CD1	A:VAL:30:CG2
0	vdw	A:ALA:21:O	A:VAL:29:CA
0	vdw	A:ALA:21:O	A:VAL:29:C
0	vdw	A:ALA:21:O	A:VAL:30:N
0	vdw	A:PHE:80:O	A:VAL:30:CA
0	vdw	A:PHE:80:O	A:VAL:30:CB
0	vdw	A:PHE:82:CB	A:VAL:29:C
0	vdw	A:PHE:82:CB	A:VAL:30:CA
0	vdw	A:ALA:31:CA	A:TYR:19:O
0	vdw	A:PHE:82:CB	A:VAL:30:C
0	vdw	A:ALA:31:C	A:TYR:19:O
0	vdw	A:LEU:32:N	A:TYR:19:O
0	vdw	A:LYS:33:CE	A:TYR:15:O
0	vdw	A:HOH:2021:O	A:LYS:24:C
0	vdw	A:HOH:2021:O	A:LYS:24:O
0	vdw	A:HOH:2018:O	A:LYS:24:O
0	vdw	A:ASN:3:O	A:LYS:24:CA
0	vdw	A:ARG:22:O	A:ASN:3:O
0	vdw	A:ASN:23:CA	A:ASN:3:O
0	vdw	A:ASN:23:C	A:ASN:3:O
0	vdw	A:ASN:3:O	A:LYS:24:N
0	vdw	A:ARG:22:O	A:PHE:4:CA
0	vdw	A:ARG:22:O	A:PHE:4:C
0	vdw	A:ARG:22:O	A:GLN:5:N
0	vdw	A:LEU:32:CD1	A:MET:1:CE
0	vdw	A:ALA:21:CB	A:LEU:32:CD1
0	vdw	A:LEU:32:O	A:TYR:19:N
0	vdw	A:LEU:32:O	A:VAL:17:O
0	vdw	A:LEU:32:O	A:VAL:18:C
0	vdw	A:LEU:32:O	A:VAL:18:CA
0	vdw	A:LYS:33:CA	A:VAL:17:O
0	vdw	A:LYS:33:C	A:VAL:17:O
0	vdw	A:LYS:34:N	A:VAL:17:O
0	vdw	A:GLY:16:CA	A:LYS:34:O
0	vdw	A:LYS:34:O	A:VAL:17:N
0	vdw	A:HOH:2004:O	A:HOH:2021:O
0	vdw	A:ASN:3:C	A:LYS:24:CE
0	vdw	A:ASN:3:O	A:LYS:24:CB
0	vdw	A:ASN:3:O	A:LYS:24:CG
0	vdw	A:GLU:2:O	A:LYS:24:CE
0	vdw	A:MET:1:CE	A:TYR:77:CD1
0	vdw	A:MET:1:CE	A:TYR:77:CE1
0	vdw	A:LYS:34:CB	A:TYR:77:CE1
0	vdw	A:LYS:34:CG	A:TYR:77:CE1
0	vdw	A:LYS:34:CE	A:TYR:77:CE1
0	vdw	A:LYS:34:CE	A:TYR:77:CZ
0	vdw	A:GLU:2:O	A:LYS:24:NZ
0	vdw	A:LYS:6:NZ	A:TYR:77:OH
0	vdw	A:LYS:34:CE	A:TYR:77:OH
0	vdw	A:GLU:257:CG	A:HOH:2165:O
0	vdw	A:ASP:288:CG	A:LYS:105:NZ
0	vdw	A:HOH:2078:O	A:LYS:105:CE
0	vdw	A:HOH:2078:O	A:LYS:105:NZ
0	vdw	A:ASP:256:CG	A:HOH:2078:O
0	vdw	A:ASP:256:OD2	A:HOH:2078:O
0	vdw	A:ASP:256:OD1	A:HOH:2163:O
0	vdw	A:ASP:258:N	A:HOH:2163:O
0	vdw	A:ASP:258:CB	A:HOH:2163:O
0	vdw	A:ASP:256:CB	A:HOH:2163:O
0	vdw	A:ASP:256:CG	A:HOH:2163:O
0	vdw	A:GLU:257:C	A:HOH:2165:O
0	vdw	A:GLU:257:O	A:HOH:2165:O
0	vdw	A:HOH:2165:O	A:SER:261:N
0	vdw	A:ARG:245:CG	A:LEU:219:C
0	vdw	A:ARG:245:CG	A:LEU:219:O
0	vdw	A:ARG:245:CD	A:LEU:219:O
0	vdw	A:HOH:2077:O	A:HOH:2185:O
0	vdw	A:ASP:288:OD1	A:LYS:105:CD
0	vdw	A:ASP:288:OD1	A:LYS:105:NZ
0	vdw	A:HOH:2077:O	A:LYS:105:CE
0	vdw	A:HOH:2077:O	A:LYS:105:NZ
0	vdw	A:HOH:2076:O	A:HOH:2185:O
0	vdw	A:HOH:2077:O	A:LEU:101:CD1
0	vdw	A:HOH:2185:O	A:PRO:102:CB
0	vdw	A:LYS:105:CE	A:PHE:285:CE1
0	vdw	A:LYS:105:CE	A:PHE:285:CZ
0	vdw	A:GLY:259:CA	A:PHE:285:CD1
0	vdw	A:GLY:259:CA	A:PHE:285:CE1
0	vdw	A:PHE:193:CZ	A:PHE:285:CZ
0	vdw	A:GLY:259:N	A:PHE:285:CD1
0	vdw	A:GLY:259:O	A:PHE:193:CE2
0	vdw	A:LEU:219:CD2	A:PHE:248:CZ
0	vdw	A:LEU:263:CD2	A:PHE:248:CE2
0	vdw	A:ARG:245:NH1	A:LEU:219:O
0	vdw	A:ARG:245:NH1	A:LEU:219:CB
0	vdw	A:HOH:2138:O	A:LEU:219:O
0	vdw	A:ARG:245:CB	A:LEU:219:O
0	vdw	A:HOH:2139:O	A:THR:221:O
0	vdw	A:HOH:2140:O	A:THR:221:O
0	vdw	A:GLY:220:C	A:TRP:243:O
0	vdw	A:THR:221:N	A:TRP:243:O
0	vdw	A:PHE:216:O	A:THR:221:N
0	vdw	A:HOH:2140:O	A:LYS:242:CG
0	vdw	A:HOH:2149:O	A:LYS:242:CD
0	vdw	A:HOH:2076:O	A:THR:290:OG1
0	vdw	A:HOH:2076:O	A:PRO:102:O
0	vdw	A:HOH:2076:O	A:PRO:102:CA
0	vdw	A:HOH:2076:O	A:PRO:102:C
0	vdw	A:HOH:2076:O	A:PRO:102:CB
0	vdw	A:LYS:105:CG	A:PHE:285:CE2
0	vdw	A:PHE:193:CZ	A:PHE:285:CE2
0	vdw	A:LEU:255:CD2	A:PHE:193:CZ
0	vdw	A:GLY:190:O	A:LEU:263:CD1
0	vdw	A:LEU:263:CG	A:PHE:248:CE2
0	vdw	A:LEU:202:CD2	A:LEU:267:CD1
0	vdw	A:LEU:219:CB	A:TYR:269:CE2
0	vdw	A:LEU:219:CB	A:TYR:269:CZ
0	vdw	A:LEU:219:CB	A:TYR:269:OH
0	vdw	A:LEU:219:CD1	A:TRP:187:CH2
0	vdw	A:GLY:220:O	A:TYR:269:CE2
0	vdw	A:GLY:220:O	A:TYR:269:CZ
0	vdw	A:GLY:220:O	A:TYR:269:OH
0	vdw	A:PRO:222:CD	A:TYR:269:CZ
0	vdw	A:ILE:215:CG2	A:TYR:269:CE1
0	vdw	A:ILE:215:CG2	A:TYR:269:OH
0	vdw	A:ILE:215:O	A:TYR:269:OH
0	vdw	A:PHE:216:CA	A:TYR:269:OH
0	vdw	A:PHE:216:CD1	A:TYR:269:OH
0	vdw	A:ILE:215:C	A:TYR:269:OH
0	vdw	A:GLY:220:C	A:TYR:269:OH
0	vdw	A:PHE:216:CD1	A:PRO:222:CD
0	vdw	A:PHE:216:CE1	A:PRO:222:CD
0	vdw	A:PHE:216:CZ	A:PRO:222:CD
0	vdw	A:PRO:241:O	A:THR:221:CB
0	vdw	A:HOH:2140:O	A:THR:221:C
0	vdw	A:LYS:242:CA	A:THR:221:CB
0	vdw	A:THR:221:CB	A:TRP:243:N
0	vdw	A:PRO:241:O	A:THR:221:CG2
0	vdw	A:HOH:2149:O	A:PRO:238:O
0	vdw	A:HOH:2149:O	A:LYS:242:NZ
0	vdw	A:HOH:2150:O	A:PRO:238:O
0	vdw	A:HOH:2151:O	A:PRO:238:O
0	vdw	A:HOH:2080:O	A:LYS:291:C
0	vdw	A:HOH:2080:O	A:PRO:292:N
0	vdw	A:HOH:2080:O	A:PRO:292:CD
0	vdw	A:HOH:2080:O	A:SER:106:CB
0	vdw	A:HOH:2080:O	A:SER:106:OG
0	vdw	A:ILE:215:CG2	A:TRP:187:CZ2
0	vdw	A:ILE:215:CG2	A:TRP:187:CH2
0	vdw	A:PHE:216:CE2	A:PHE:240:CG
0	vdw	A:PHE:216:CE2	A:PHE:240:CD2
0	vdw	A:PHE:213:CE1	A:PHE:240:CD1
0	vdw	A:HOH:2150:O	A:PRO:238:C
0	vdw	A:HOH:2148:O	A:SER:239:N
0	vdw	A:HOH:2148:O	A:LYS:237:NZ
0	vdw	A:HOH:2148:O	A:SER:239:CB
0	vdw	A:HOH:2148:O	A:SER:239:OG
0	vdw	A:GLY:139:CA	A:PRO:292:O
0	vdw	A:GLY:139:CA	A:HOH:2080:O
0	vdw	A:GLY:139:C	A:HOH:2080:O
0	vdw	A:HOH:2080:O	A:PRO:292:C
0	vdw	A:HOH:2080:O	A:PRO:292:O
0	vdw	A:GLY:139:CA	A:HOH:2081:O
0	vdw	A:GLY:139:C	A:HOH:2081:O
0	vdw	A:LEU:103:CD1	A:PRO:292:O
0	vdw	A:GLU:138:O	A:VAL:293:CG1
0	vdw	A:GLY:139:O	A:TYR:107:CE1
0	vdw	A:GLY:139:O	A:HOH:2080:O
0	vdw	A:HOH:2081:O	A:TYR:107:CE1
0	vdw	A:HOH:2080:O	A:LEU:103:CD1
0	vdw	A:ILE:141:CB	A:TYR:107:CD1
0	vdw	A:MET:196:SD	A:TYR:107:CB
0	vdw	A:CYS:191:CB	A:TYR:168:CD1
0	vdw	A:CYS:191:C	A:HOH:2127:O
0	vdw	A:CYS:191:CB	A:HOH:2127:O
0	vdw	A:CYS:191:SG	A:PHE:203:CD2
0	vdw	A:ARG:169:O	A:TRP:187:NE1
0	vdw	A:ARG:169:O	A:HOH:2118:O
0	vdw	A:HOH:2118:O	A:TRP:187:NE1
0	vdw	A:ARG:169:O	A:LEU:174:CD1
0	vdw	A:ARG:169:N	A:HOH:2118:O
0	vdw	A:GLN:211:NE2	A:HOH:2118:O
0	vdw	A:HOH:2118:O	A:TRP:167:O
0	vdw	A:HOH:2118:O	A:TRP:167:C
0	vdw	A:ILE:215:CD1	A:LEU:174:CD1
0	vdw	A:GLN:211:CG	A:LEU:174:CD1
0	vdw	A:LEU:212:CD1	A:PHE:240:CZ
0	vdw	A:ILE:209:CD1	A:PHE:240:CE1
0	vdw	A:GLU:138:CG	A:HOH:2092:O
0	vdw	A:ASN:136:O	A:HOH:2081:O
0	vdw	A:GLY:139:N	A:HOH:2081:O
0	vdw	A:ALA:140:N	A:HOH:2081:O
0	vdw	A:ASN:136:O	A:PRO:294:CG
0	vdw	A:ASN:136:O	A:PRO:294:CD
0	vdw	A:PRO:294:CD	A:THR:137:C
0	vdw	A:GLY:139:N	A:PRO:294:CD
0	vdw	A:ASN:136:O	A:LEU:298:CD1
0	vdw	A:GLU:138:C	A:VAL:293:CG1
0	vdw	A:ALA:140:O	A:ILE:135:CB
0	vdw	A:HOH:2081:O	A:ILE:135:CB
0	vdw	A:ALA:140:O	A:HOH:2081:O
0	vdw	A:ALA:140:O	A:ILE:135:CA
0	vdw	A:ASN:136:N	A:HOH:2081:O
0	vdw	A:HOH:2081:O	A:PRO:294:CG
0	vdw	A:HOH:2081:O	A:TYR:107:CZ
0	vdw	A:HOH:2081:O	A:TYR:107:OH
0	vdw	A:ILE:135:CG2	A:ILE:141:CB
0	vdw	A:ILE:135:CG2	A:ILE:141:CG1
0	vdw	A:ILE:135:CG2	A:ILE:141:CD1
0	vdw	A:ILE:141:CG1	A:LEU:134:O
0	vdw	A:ILE:135:CG2	A:TYR:107:CZ
0	vdw	A:ILE:192:CD1	A:LEU:133:CD1
0	vdw	A:ILE:192:CD1	A:LEU:128:C
0	vdw	A:ILE:192:CD1	A:LYS:129:CA
0	vdw	A:LEU:128:O	A:TYR:168:CB
0	vdw	A:HOH:2090:O	A:LEU:128:C
0	vdw	A:HOH:2090:O	A:LEU:128:O
0	vdw	A:HOH:2118:O	A:TYR:168:C
0	vdw	A:GLN:211:CD	A:LEU:166:O
0	vdw	A:GLN:211:CG	A:LEU:166:O
0	vdw	A:GLN:211:NE2	A:LEU:166:O
0	vdw	A:ASN:136:CB	A:HOH:2092:O
0	vdw	A:ASN:136:CG	A:HOH:2092:O
0	vdw	A:HOH:2092:O	A:THR:137:N
0	vdw	A:HOH:2092:O	A:THR:137:OG1
0	vdw	A:HIS:84:CE1	A:HOH:2092:O
0	vdw	A:ASN:136:CA	A:HIS:84:ND1
0	vdw	A:ASN:136:CB	A:HIS:84:ND1
0	vdw	A:ASN:136:CB	A:HIS:84:CE1
0	vdw	A:HIS:84:ND1	A:THR:137:N
0	vdw	A:ASN:136:C	A:LEU:298:CD1
0	vdw	A:HIS:84:N	A:ILE:135:O
0	vdw	A:GLN:85:O	A:ILE:135:O
0	vdw	A:GLN:85:N	A:ILE:135:O
0	vdw	A:GLN:85:O	A:LEU:134:CA
0	vdw	A:GLN:85:O	A:LEU:134:C
0	vdw	A:GLN:85:O	A:ILE:135:N
0	vdw	A:LEU:133:O	A:LEU:87:N
0	vdw	A:ASP:86:CA	A:LEU:133:O
0	vdw	A:ASP:86:C	A:LEU:133:O
0	vdw	A:LEU:133:O	A:LEU:87:CB
0	vdw	A:HOH:2090:O	A:LYS:129:CB
0	vdw	A:LYS:129:CD	A:THR:165:OG1
0	vdw	A:LYS:129:CB	A:TYR:168:CE2
0	vdw	A:LYS:129:CB	A:TYR:168:CD2
0	vdw	A:HOH:2090:O	A:THR:165:N
0	vdw	A:HOH:2090:O	A:THR:165:CA
0	vdw	A:HOH:2090:O	A:THR:165:CB
0	vdw	A:HOH:2090:O	A:THR:165:OG1
0	vdw	A:HOH:2117:O	A:THR:165:CA
0	vdw	A:ARG:169:NE	A:VAL:164:O
0	vdw	A:ARG:169:NH2	A:VAL:164:O
0	vdw	A:ARG:169:CZ	A:VAL:164:O
0	vdw	A:HOH:2117:O	A:LEU:166:N
0	vdw	A:ARG:169:NH1	A:HOH:2121:O
0	vdw	A:GLU:208:CG	A:HOH:2121:O
0	vdw	A:GLU:208:CD	A:HOH:2121:O
0	vdw	A:GLU:208:OE2	A:HOH:2121:O
0	vdw	A:HOH:2050:O	A:HOH:2121:O
0	vdw	A:GLU:208:CG	A:HOH:2134:O
0	vdw	A:GLU:208:OE2	A:HOH:2134:O
0	vdw	A:LEU:83:N	A:T6Q:1299:N28
0	vdw	A:LEU:83:O	A:T6Q:1299:C10
0	vdw	A:LEU:83:O	A:T6Q:1299:N11
0	vdw	A:LEU:83:O	A:T6Q:1299:N28
0	vdw	A:LEU:134:CB	A:LEU:83:CB
0	vdw	A:LEU:83:O	A:T6Q:1299:C12
0	vdw	A:LEU:83:O	A:T6Q:1299:C27
0	vdw	A:LEU:134:CD1	A:T6Q:1299:C08
0	vdw	A:LEU:134:CD1	A:T6Q:1299:N09
0	vdw	A:LEU:134:CD1	A:T6Q:1299:C10
0	vdw	A:LEU:134:CD1	A:T6Q:1299:N28
0	vdw	A:ASP:86:CB	A:LEU:134:CD2
0	vdw	A:GLN:131:O	A:HOH:2069:O
0	vdw	A:ASP:86:CB	A:GLN:131:O
0	vdw	A:ASN:132:CG	A:HOH:2010:O
0	vdw	A:ASN:132:OD1	A:T6Q:1299:C01
0	vdw	A:ASN:132:OD1	A:HOH:2010:O
0	vdw	A:HOH:2010:O	A:T6Q:1299:C01
0	vdw	A:LYS:129:NZ	A:THR:165:OG1
0	vdw	A:HOH:2117:O	A:LEU:166:CB
0	vdw	A:PHE:82:CD2	A:VAL:29:CG1
0	vdw	A:PHE:82:CB	A:VAL:29:CG1
0	vdw	A:PHE:82:CG	A:VAL:29:CG1
0	vdw	A:ALA:21:O	A:VAL:29:CG1
0	vdw	A:LYS:20:CE	A:VAL:29:CG1
0	vdw	A:PHE:82:CE1	A:T6Q:1299:N11
0	vdw	A:LYS:20:CG	A:PHE:82:CE1
0	vdw	A:ILE:10:CD1	A:PHE:82:CE1
0	vdw	A:LYS:20:CD	A:PHE:82:CE1
0	vdw	A:ILE:10:CD1	A:T6Q:1299:N11
0	vdw	A:GLY:13:CA	A:T6Q:1299:N02
0	vdw	A:ALA:21:O	A:VAL:30:O
0	vdw	A:LYS:20:CA	A:VAL:30:O
0	vdw	A:LYS:20:C	A:VAL:30:O
0	vdw	A:ALA:21:N	A:VAL:30:O
0	vdw	A:ILE:10:CG1	A:LYS:20:N
0	vdw	A:ILE:10:CD1	A:LYS:20:N
0	vdw	A:GLU:8:O	A:LYS:20:N
0	vdw	A:ILE:10:CG1	A:TYR:19:C
0	vdw	A:ILE:10:CD1	A:TYR:19:C
0	vdw	A:GLU:8:O	A:TYR:19:C
0	vdw	A:GLY:11:O	A:VAL:18:N
0	vdw	A:GLY:11:O	A:VAL:18:CA
0	vdw	A:ALA:21:CA	A:GLN:5:O
0	vdw	A:ALA:21:C	A:GLN:5:O
0	vdw	A:ARG:22:N	A:GLN:5:O
0	vdw	A:ALA:21:CB	A:GLN:5:O
0	vdw	A:GLU:8:N	A:LYS:20:O
0	vdw	A:LYS:20:O	A:VAL:7:N
0	vdw	A:LYS:20:O	A:VAL:7:CA
0	vdw	A:LYS:20:O	A:VAL:7:CB
0	vdw	A:GLU:8:O	A:TYR:19:CA
0	vdw	A:GLU:8:O	A:TYR:19:CB
0	vdw	A:GLY:11:O	A:VAL:17:C
0	vdw	A:ASP:256:CA	A:HOH:2164:O
0	vdw	A:ASP:256:CB	A:HOH:2164:O
0	vdw	A:GLU:257:N	A:HOH:2164:O
0	vdw	A:ASP:247:CG	A:HOH:2160:O
0	vdw	A:ASP:247:OD2	A:HOH:2160:O
0	vdw	A:ASP:256:N	A:HOH:2162:O
0	vdw	A:ASP:256:CA	A:HOH:2162:O
0	vdw	A:ASP:256:CB	A:HOH:2162:O
0	vdw	A:ASP:256:CG	A:HOH:2162:O
0	vdw	A:ASP:256:OD2	A:HOH:2162:O
0	vdw	A:ARG:260:NH1	A:LEU:255:O
0	vdw	A:ARG:260:CG	A:LEU:255:O
0	vdw	A:ARG:260:CD	A:SER:249:N
0	vdw	A:ARG:260:CD	A:PHE:248:C
0	vdw	A:ARG:260:CD	A:SER:249:CA
0	vdw	A:ASP:247:CB	A:HOH:2160:O
0	vdw	A:GLN:246:N	A:THR:218:O
0	vdw	A:ARG:245:N	A:HOH:2156:O
0	vdw	A:ARG:245:CB	A:HOH:2156:O
0	vdw	A:ARG:245:CA	A:GLY:220:CA
0	vdw	A:ALA:244:CA	A:HOH:2156:O
0	vdw	A:HOH:2068:O	A:HOH:2156:O
0	vdw	A:HOH:2075:O	A:LEU:101:CB
0	vdw	A:HOH:2162:O	A:LEU:255:CD1
0	vdw	A:HOH:2162:O	A:LEU:255:CA
0	vdw	A:LEU:255:CD1	A:VAL:197:CG2
0	vdw	A:HOH:2162:O	A:LEU:255:C
0	vdw	A:ARG:260:CG	A:LEU:255:CB
0	vdw	A:THR:218:CG2	A:VAL:251:CG2
0	vdw	A:GLN:246:CG	A:THR:218:O
0	vdw	A:ALA:244:C	A:GLY:220:CA
0	vdw	A:ALA:244:O	A:GLY:220:CA
0	vdw	A:GLY:220:CA	A:TRP:243:O
0	vdw	A:ALA:244:O	A:HOH:2136:O
0	vdw	A:ALA:244:C	A:HOH:2156:O
0	vdw	A:HOH:2155:O	A:TRP:243:CA
0	vdw	A:ALA:244:N	A:HOH:2155:O
0	vdw	A:HOH:2154:O	A:LYS:242:C
0	vdw	A:HOH:2154:O	A:LYS:242:O
0	vdw	A:LEU:263:CD2	A:VAL:252:CG2
0	vdw	A:ALA:194:CB	A:VAL:252:CG2
0	vdw	A:LEU:263:CD2	A:PHE:248:CD2
0	vdw	A:THR:218:CG2	A:VAL:251:CG1
0	vdw	A:LEU:202:CD1	A:VAL:251:CG1
0	vdw	A:PHE:203:CE1	A:THR:218:CB
0	vdw	A:PHE:216:O	A:TRP:243:CB
0	vdw	A:PHE:216:CB	A:TRP:243:CE3
0	vdw	A:THR:221:OG1	A:TRP:243:CE3
0	vdw	A:PRO:241:C	A:THR:221:OG1
0	vdw	A:PRO:241:O	A:THR:221:OG1
0	vdw	A:PHE:216:CB	A:TRP:243:CZ3
0	vdw	A:LYS:242:CA	A:THR:221:OG1
0	vdw	A:LYS:242:C	A:THR:221:OG1
0	vdw	A:THR:221:OG1	A:TRP:243:N
0	vdw	A:HOH:2153:O	A:LYS:242:N
0	vdw	A:HOH:2149:O	A:PHE:240:O
0	vdw	A:ILE:104:CG1	A:ILE:99:CB
0	vdw	A:ILE:104:CG1	A:ILE:99:CG2
0	vdw	A:ILE:104:CD1	A:MET:196:C
0	vdw	A:ILE:104:CD1	A:MET:196:O
0	vdw	A:ILE:104:CD1	A:VAL:197:CA
0	vdw	A:ILE:104:CD1	A:ILE:99:O
0	vdw	A:ALA:194:C	A:HOH:2128:O
0	vdw	A:ALA:194:CB	A:LEU:202:CD2
0	vdw	A:HOH:2128:O	A:LEU:202:CB
0	vdw	A:ARG:214:C	A:PHE:203:CD1
0	vdw	A:ILE:215:CA	A:PHE:203:CD1
0	vdw	A:ILE:215:CA	A:PHE:203:CE1
0	vdw	A:PHE:203:CE1	A:THR:218:OG1
0	vdw	A:ARG:214:O	A:HOH:2135:O
0	vdw	A:PHE:213:CD1	A:TRP:243:CZ3
0	vdw	A:PHE:213:CE1	A:PRO:241:CD
0	vdw	A:PHE:213:CZ	A:PRO:241:CD
0	vdw	A:HOH:2152:O	A:SER:239:C
0	vdw	A:HOH:2152:O	A:SER:239:O
0	vdw	A:THR:137:O	A:VAL:293:CB
0	vdw	A:THR:137:O	A:VAL:293:CG1
0	vdw	A:LEU:103:CD2	A:PRO:294:CA
0	vdw	A:LEU:103:CD2	A:PHE:90:CZ
0	vdw	A:LEU:103:CD2	A:PHE:90:CE2
0	vdw	A:GLU:195:CB	A:HOH:2127:O
0	vdw	A:CYS:191:O	A:HOH:2127:O
0	vdw	A:GLU:195:OE1	A:HOH:2127:O
0	vdw	A:HOH:2119:O	A:HOH:2127:O
0	vdw	A:GLU:195:OE1	A:TYR:168:CE1
0	vdw	A:GLU:195:OE1	A:TYR:168:CZ
0	vdw	A:GLU:195:OE1	A:TYR:168:OH
0	vdw	A:HOH:2127:O	A:TYR:168:CE1
0	vdw	A:ALA:201:CA	A:GLU:195:OE1
0	vdw	A:ALA:201:CA	A:HOH:2127:O
0	vdw	A:HOH:2127:O	A:LEU:202:N
0	vdw	A:HOH:2119:O	A:TRP:167:O
0	vdw	A:GLN:211:NE2	A:TRP:167:O
0	vdw	A:HOH:2119:O	A:PHE:203:CB
0	vdw	A:HOH:2119:O	A:LEU:202:N
0	vdw	A:HOH:2119:O	A:PHE:203:N
0	vdw	A:HOH:2119:O	A:PHE:203:CA
0	vdw	A:HOH:2119:O	A:PHE:203:C
0	vdw	A:GLN:211:NE2	A:PHE:203:O
0	vdw	A:GLN:211:NE2	A:PHE:203:CB
0	vdw	A:GLN:211:CD	A:PHE:203:O
0	vdw	A:GLN:211:OE1	A:PHE:203:O
0	vdw	A:PRO:294:CD	A:THR:137:O
0	vdw	A:PRO:294:CG	A:TYR:107:OH
0	vdw	A:ILE:135:CD1	A:PHE:90:CD1
0	vdw	A:ILE:135:CD1	A:PHE:90:CB
0	vdw	A:ILE:135:CD1	A:PHE:90:CG
0	vdw	A:LEU:87:CB	A:PRO:130:O
0	vdw	A:PRO:130:CG	A:TYR:168:OH
0	vdw	A:PRO:130:CD	A:TYR:168:CE1
0	vdw	A:PRO:130:CD	A:TYR:168:CZ
0	vdw	A:PRO:130:CD	A:TYR:168:OH
0	vdw	A:MET:91:CE	A:PRO:130:CB
0	vdw	A:MET:91:CE	A:PRO:130:CG
0	vdw	A:GLU:195:OE2	A:PRO:130:CG
0	vdw	A:LYS:88:CB	A:PRO:130:CB
0	vdw	A:LYS:88:CA	A:PRO:130:CB
0	vdw	A:HOH:2071:O	A:TYR:168:OH
0	vdw	A:GLU:195:OE2	A:TYR:168:OH
0	vdw	A:GLU:195:CD	A:TYR:168:OH
0	vdw	A:PRO:204:CA	A:TRP:167:CG
0	vdw	A:PHE:203:O	A:TRP:167:CA
0	vdw	A:GLN:211:NE2	A:TRP:167:CA
0	vdw	A:GLN:211:NE2	A:TRP:167:C
0	vdw	A:PHE:203:O	A:TRP:167:CB
0	vdw	A:GLN:211:OE1	A:LEU:166:CG
0	vdw	A:GLN:211:OE1	A:GLY:205:N
0	vdw	A:GLN:211:OE1	A:GLY:205:CA
0	vdw	A:LEU:166:CD2	A:SER:207:C
0	vdw	A:GLN:211:CB	A:LEU:166:CD1
0	vdw	A:HOH:2133:O	A:ILE:209:N
0	vdw	A:GLN:85:O	A:ILE:135:CG1
0	vdw	A:LEU:87:N	A:PRO:130:O
0	vdw	A:LYS:88:N	A:PRO:130:O
0	vdw	A:ASP:86:CB	A:HOH:2069:O
0	vdw	A:ASP:86:CG	A:HOH:2069:O
0	vdw	A:LYS:88:N	A:PRO:130:CB
0	vdw	A:LEU:166:CD2	A:SER:207:N
0	vdw	A:GLU:208:N	A:HOH:2133:O
0	vdw	A:GLU:208:N	A:HOH:2134:O
0	vdw	A:HOH:2133:O	A:ILE:209:CB
0	vdw	A:HOH:2133:O	A:ILE:209:CG2
0	vdw	A:HIS:84:O	A:T6Q:1299:C25
0	vdw	A:HIS:84:C	A:T6Q:1299:C26
0	vdw	A:HIS:84:O	A:T6Q:1299:C26
0	vdw	A:HIS:84:O	A:T6Q:1299:N17
0	vdw	A:GLN:85:OE1	A:T6Q:1299:C15
0	vdw	A:LYS:89:NZ	A:T6Q:1299:C15
0	vdw	A:ASP:86:OD2	A:HOH:2069:O
0	vdw	A:HOH:2028:O	A:HOH:2069:O
0	vdw	A:HOH:2015:O	A:LYS:20:NZ
0	vdw	A:HOH:2015:O	A:LYS:20:CE
0	vdw	A:LYS:20:NZ	A:T6Q:1299:C23
0	vdw	A:PHE:82:CZ	A:T6Q:1299:C25
0	vdw	A:PHE:82:CZ	A:T6Q:1299:C23
0	vdw	A:LYS:20:CD	A:PHE:82:CZ
0	vdw	A:LYS:20:CD	A:T6Q:1299:C23
0	vdw	A:ILE:10:CD1	A:LYS:20:CB
0	vdw	A:ILE:10:N	A:VAL:18:O
0	vdw	A:ILE:10:CA	A:VAL:18:O
0	vdw	A:ILE:10:CB	A:VAL:18:O
0	vdw	A:GLY:11:N	A:VAL:18:O
0	vdw	A:GLY:11:O	A:VAL:18:O
0	vdw	A:GLY:11:O	A:VAL:17:CG1
0	vdw	A:GLU:12:CG	A:HOH:2007:O
0	vdw	A:LYS:9:CA	A:TYR:19:CD2
0	vdw	A:HOH:2006:O	A:LYS:9:CE
0	vdw	A:GLU:12:CD	A:HOH:2007:O
0	vdw	A:GLU:12:OE2	A:HOH:2007:O
0	vdw	A:HOH:2160:O	A:SER:249:OG
0	vdw	A:HOH:2161:O	A:LYS:250:O
0	vdw	A:GLN:246:NE2	A:HOH:2159:O
0	vdw	A:ARG:217:O	A:HOH:2136:O
0	vdw	A:HOH:2155:O	A:TRP:243:CD1
0	vdw	A:HOH:2075:O	A:PRO:100:CA
0	vdw	A:HOH:2075:O	A:LEU:101:N
0	vdw	A:HOH:2074:O	A:VAL:197:O
0	vdw	A:VAL:197:CB	A:VAL:252:CG1
0	vdw	A:VAL:197:CG1	A:VAL:252:CG1
0	vdw	A:PRO:254:CG	A:VAL:197:CG1
0	vdw	A:HOH:2135:O	A:THR:218:OG1
0	vdw	A:ARG:217:CG	A:TRP:243:CG
0	vdw	A:ARG:217:CG	A:TRP:243:CD1
0	vdw	A:ARG:217:CG	A:TRP:243:CD2
0	vdw	A:ARG:217:CG	A:TRP:243:CE2
0	vdw	A:ARG:217:CG	A:TRP:243:NE1
0	vdw	A:ARG:217:CG	A:TRP:243:CZ2
0	vdw	A:ARG:217:NH1	A:TRP:243:CZ2
0	vdw	A:ARG:217:CD	A:TRP:243:CE2
0	vdw	A:HIS:295:CG	A:PRO:100:CG
0	vdw	A:HIS:295:CG	A:PRO:100:CD
0	vdw	A:HIS:295:ND1	A:PRO:100:CD
0	vdw	A:HIS:295:CE1	A:PRO:100:CD
0	vdw	A:HIS:295:CD2	A:PRO:100:CD
0	vdw	A:HIS:295:NE2	A:PRO:100:CD
0	vdw	A:HOH:2074:O	A:ILE:99:CA
0	vdw	A:HOH:2074:O	A:ILE:99:CB
0	vdw	A:HOH:2074:O	A:MET:196:O
0	vdw	A:HOH:2074:O	A:VAL:197:C
0	vdw	A:ARG:199:NH1	A:HOH:2074:O
0	vdw	A:HOH:2074:O	A:ILE:99:N
0	vdw	A:ARG:200:O	A:GLU:195:CA
0	vdw	A:HOH:2128:O	A:THR:198:OG1
0	vdw	A:HOH:2128:O	A:LEU:202:CA
0	vdw	A:ARG:200:C	A:HOH:2128:O
0	vdw	A:ARG:200:O	A:HOH:2128:O
0	vdw	A:ALA:201:C	A:HOH:2128:O
0	vdw	A:HOH:2128:O	A:LEU:202:N
0	vdw	A:HOH:2131:O	A:LEU:202:O
0	vdw	A:ARG:214:CB	A:HOH:2131:O
0	vdw	A:ARG:214:CG	A:HOH:2131:O
0	vdw	A:ARG:214:NH1	A:HOH:2131:O
0	vdw	A:PHE:213:CG	A:TRP:243:CH2
0	vdw	A:HOH:2137:O	A:PHE:213:CB
0	vdw	A:ARG:217:NH1	A:HOH:2137:O
0	vdw	A:HIS:295:ND1	A:PHE:90:CZ
0	vdw	A:HIS:295:CE1	A:PHE:90:CZ
0	vdw	A:HIS:295:CE1	A:SER:94:OG
0	vdw	A:ILE:99:CD1	A:MET:91:CG
0	vdw	A:ILE:99:CG1	A:SER:94:CB
0	vdw	A:GLU:195:CG	A:MET:91:SD
0	vdw	A:ARG:200:C	A:GLU:195:CG
0	vdw	A:ARG:200:O	A:GLU:195:CG
0	vdw	A:GLU:195:CG	A:HOH:2070:O
0	vdw	A:ALA:201:CA	A:GLU:195:CD
0	vdw	A:ALA:201:CB	A:TRP:167:CE3
0	vdw	A:ALA:201:CB	A:TRP:167:CZ3
0	vdw	A:ALA:201:N	A:HOH:2130:O
0	vdw	A:ALA:201:N	A:HOH:2129:O
0	vdw	A:ALA:201:CB	A:HOH:2129:O
0	vdw	A:ALA:201:C	A:HOH:2130:O
0	vdw	A:ALA:201:O	A:HOH:2130:O
0	vdw	A:HOH:2131:O	A:PRO:204:CD
0	vdw	A:HOH:2137:O	A:PHE:213:CD2
0	vdw	A:LEU:298:CD2	A:PHE:90:CD1
0	vdw	A:GLU:195:OE2	A:MET:91:CE
0	vdw	A:HOH:2070:O	A:MET:91:CE
0	vdw	A:GLU:195:OE2	A:HOH:2070:O
0	vdw	A:GLU:195:OE2	A:HOH:2071:O
0	vdw	A:HOH:2070:O	A:LYS:88:NZ
0	vdw	A:GLU:195:CD	A:HOH:2070:O
0	vdw	A:ARG:199:C	A:HOH:2070:O
0	vdw	A:ARG:199:O	A:HOH:2070:O
0	vdw	A:HOH:2071:O	A:LYS:88:NZ
0	vdw	A:PRO:204:CB	A:TRP:167:CE2
0	vdw	A:PRO:204:CB	A:TRP:167:CZ2
0	vdw	A:PRO:204:CA	A:TRP:167:CD2
0	vdw	A:PRO:204:CA	A:TRP:167:CE2
0	vdw	A:PRO:204:CA	A:TRP:167:CD1
0	vdw	A:PRO:204:C	A:TRP:167:CD1
0	vdw	A:GLY:205:N	A:TRP:167:CD1
0	vdw	A:GLY:205:O	A:TRP:167:CD1
0	vdw	A:PRO:204:CA	A:TRP:167:NE1
0	vdw	A:PRO:204:C	A:TRP:167:NE1
0	vdw	A:GLY:205:N	A:TRP:167:NE1
0	vdw	A:GLY:205:O	A:TRP:167:NE1
0	vdw	A:ASP:210:OD2	A:GLY:205:CA
0	vdw	A:ASP:210:OD2	A:GLY:205:C
0	vdw	A:ARG:214:CD	A:PRO:204:C
0	vdw	A:ARG:214:NE	A:PRO:204:O
0	vdw	A:ARG:214:CD	A:GLY:205:N
0	vdw	A:ARG:214:CD	A:GLY:205:CA
0	vdw	A:ARG:214:NE	A:GLY:205:CA
0	vdw	A:ARG:214:CZ	A:PRO:204:O
0	vdw	A:GLN:131:NE2	A:LYS:88:CG
0	vdw	A:HOH:2091:O	A:LYS:88:CG
0	vdw	A:GLN:131:NE2	A:HOH:2091:O
0	vdw	A:HOH:2071:O	A:LYS:88:CD
0	vdw	A:HOH:2071:O	A:LYS:88:CE
0	vdw	A:GLU:8:CG	A:T6Q:1299:O24
0	vdw	A:GLU:8:CD	A:T6Q:1299:O24
0	vdw	A:GLU:8:OE1	A:T6Q:1299:O24
0	vdw	A:GLU:8:OE2	A:T6Q:1299:O24
0	vdw	A:HOH:2006:O	A:LYS:9:NZ
0	vdw	A:HOH:2007:O	A:LYS:9:NZ
0	vdw	A:ARG:199:CZ	A:GLY:98:CA
0	vdw	A:ARG:199:NH1	A:GLY:98:CA
0	vdw	A:ARG:200:CG	A:HOH:2130:O
0	vdw	A:ARG:200:CD	A:HOH:2130:O
0	vdw	A:ARG:217:NH2	A:HOH:2137:O
0	vdw	A:ARG:217:CZ	A:HOH:2137:O
0	vdw	A:HIS:295:NE2	A:SER:94:OG
0	vdw	A:GLY:98:O	A:HIS:295:NE2
0	vdw	A:ARG:199:CD	A:SER:94:C
0	vdw	A:ARG:199:NE	A:SER:94:C
0	vdw	A:ARG:199:CD	A:SER:94:O
0	vdw	A:ARG:199:NE	A:SER:94:O
0	vdw	A:ARG:199:CZ	A:SER:94:O
0	vdw	A:ARG:199:CD	A:MET:91:O
0	vdw	A:ALA:95:CA	A:ARG:199:NE
0	vdw	A:ARG:200:CB	A:HOH:2130:O
0	vdw	A:ARG:200:CA	A:HOH:2129:O
0	vdw	A:HOH:2130:O	A:PRO:204:CG
0	vdw	A:ARG:214:NH1	A:PRO:204:CG
0	vdw	A:LEU:296:CD1	A:SER:94:OG
0	vdw	A:ASP:206:OD1	A:HOH:2132:O
0	vdw	A:HOH:2066:O	A:HOH:2132:O
0	vdw	A:ALA:95:O	A:ARG:199:NH2
0	hbbb	A:ASN:23:N	A:GLU:28:O
0	hbbb	A:ARG:260:N	A:SER:261:N
0	hbbb	A:ASN:3:N	A:GLU:2:N
0	hbbb	A:GLY:16:O	A:VAL:17:N
0	hbsb	A:PHE:90:O	A:SER:94:OG
0	hbbb	A:ALA:194:N	A:GLY:190:O
0	hbbb	A:LEU:108:N	A:TYR:107:N
0	hbbb	A:GLY:11:N	A:VAL:18:O
0	hbbb	A:ASP:223:O	A:VAL:225:N
0	hbbb	A:ASP:145:N	A:PHE:146:N
0	hbbb	A:ARG:214:N	A:PHE:213:N
0	hbbb	A:LYS:250:N	A:SER:249:O
0	hbbb	A:PRO:238:O	A:SER:239:N
0	hbbb	A:GLY:27:N	A:THR:26:N
0	hbbb	A:ALA:93:N	A:ASP:92:N
0	hbbb	A:GLY:98:N	A:SER:94:O
0	hbbb	A:LEU:212:N	A:PHE:213:N
0	hbbb	A:ASP:145:O	A:PHE:146:N
0	hbbb	A:GLY:220:N	A:LEU:219:N
0	hbbb	A:ILE:63:N	A:VAL:64:N
0	hbbb	A:ASP:68:N	A:LEU:67:N
0	hbbb	A:LEU:166:O	A:TYR:168:N
0	hbsb	A:ARG:50:O	A:SER:53:OG
0	hbbb	A:ILE:35:N	A:LYS:34:N
0	hbss	A:ASN:23:ND2	A:THR:26:OG1
0	hbbb	A:GLU:57:N	A:LEU:55:O
0	hbbb	A:ASP:210:N	A:GLN:211:N
0	hbbb	A:LEU:143:O	A:VAL:64:N
0	hbbb	A:ILE:275:N	A:LYS:273:O
0	hbbb	A:GLN:113:O	A:LEU:115:N
0	hbbb	A:ASP:288:N	A:VAL:289:N
0	hbsb	A:ARG:50:NH1	A:TPO:160:O1P
0	hbbb	A:LEU:32:N	A:LYS:33:N
0	hbbb	A:GLN:85:N	A:HIS:84:N
0	hbsb	A:SER:106:OG	A:THR:290:O
0	hbbb	A:ARG:217:N	A:ILE:215:O
0	hbbb	A:ASN:3:N	A:PHE:4:N
0	hbbb	A:ARG:200:N	A:THR:198:O
0	hbbb	A:ASN:3:N	A:MET:1:O
0	hbbb	A:PHE:193:O	A:VAL:197:N
0	hbbb	A:ARG:199:N	A:GLU:195:O
0	hbbb	A:ASP:185:N	A:VAL:184:N
0	hbbb	A:PHE:285:N	A:PHE:286:N
0	hbbb	A:GLU:195:N	A:ILE:192:O
0	hbbb	A:ARG:126:O	A:VAL:164:N
0	hbbb	A:ILE:70:O	A:TYR:77:N
0	hbbb	A:GLY:176:N	A:LEU:175:N
0	hbbb	A:LEU:128:N	A:LYS:129:N
0	hbbb	A:ILE:104:O	A:TYR:107:N
0	hbbb	A:GLN:265:N	A:SER:261:O
0	hbbb	A:LEU:76:N	A:LYS:75:O
0	hbbb	A:LEU:133:O	A:LEU:87:N
0	hbbb	A:GLY:114:N	A:LEU:115:N
0	hbbb	A:ASP:127:O	A:LYS:129:N
0	hbbb	A:PHE:203:N	A:PRO:204:N
0	hbbb	A:ARG:214:O	A:PHE:216:N
0	hbbb	A:LEU:103:N	A:PRO:102:N
0	hbbb	A:MET:196:N	A:VAL:197:N
0	hbbb	A:GLU:12:N	A:GLY:11:O
0	hbbb	A:GLU:42:N	A:THR:41:N
0	hbbb	A:LYS:89:N	A:PHE:90:N
0	hbbb	A:LEU:111:N	A:TYR:107:O
0	hbbb	A:ILE:104:O	A:LYS:105:N
0	hbsb	A:GLN:211:NE2	A:LEU:166:O
0	hbbb	A:ALA:280:O	A:LEU:281:N
0	hbsb	A:THR:39:O	A:THR:41:OG1
0	hbbb	A:LEU:54:N	A:LEU:55:N
0	hbbb	A:ASP:235:N	A:TYR:236:N
0	hbbb	A:LEU:101:O	A:LEU:103:N
0	hbbb	A:LEU:111:N	A:LEU:112:N
0	hbbb	A:LEU:219:N	A:THR:218:N
0	hbbb	A:ALA:116:N	A:LEU:112:O
0	hbbb	A:HIS:268:N	A:LEU:267:N
0	hbbb	A:LYS:273:N	A:PRO:271:O
0	hbbb	A:GLY:229:N	A:VAL:230:N
0	hbbb	A:ASP:127:N	A:LEU:128:N
0	hbbb	A:ASP:206:N	A:SER:207:N
0	hbbb	A:ALA:279:O	A:ALA:280:N
0	hbsb	A:GLU:224:OE1	A:GLY:229:N
0	hbbb	A:ILE:192:N	A:LEU:189:O
0	hbbb	A:ASP:86:O	A:LEU:87:N
0	hbsb	A:GLU:2:O	A:LYS:24:NZ
0	hblb	A:LEU:83:O	A:T6Q:1299:N11
0	hbbb	A:ASN:62:N	A:ILE:63:N
0	hbbb	A:ASN:3:O	A:LYS:24:N
0	hbbb	A:ILE:52:N	A:SER:53:N
0	hbbb	A:ALA:140:O	A:ASN:136:N
0	hbbb	A:GLN:131:N	A:LYS:129:O
0	hbbb	A:GLY:147:N	A:PHE:146:N
0	hbbb	A:LEU:67:N	A:LYS:65:O
0	hbbb	A:TRP:187:N	A:VAL:184:O
0	hbbb	A:CYS:118:N	A:PHE:117:O
0	hbbb	A:LEU:189:O	A:PHE:193:N
0	hbbb	A:LYS:75:N	A:THR:72:O
0	hbsb	A:GLY:205:N	A:TRP:167:NE1
0	hbbb	A:LEU:189:N	A:SER:188:N
0	hbbb	A:ASP:270:N	A:TYR:269:N
0	hbbb	A:ASN:132:N	A:LEU:133:N
0	hbbb	A:GLN:110:N	A:LEU:111:N
0	hbbb	A:LYS:237:N	A:TYR:236:O
0	hbbb	A:LYS:242:N	A:TRP:243:N
0	hbbb	A:LEU:263:O	A:MET:266:N
0	hbbb	A:ARG:169:N	A:TYR:168:N
0	hbbb	A:LEU:174:N	A:PRO:171:O
0	hbsb	A:LEU:54:N	A:SER:53:OG
0	hbbb	A:ASP:256:O	A:GLY:259:N
0	hbbb	A:THR:165:N	A:VAL:164:O
0	hbbb	A:ALA:282:N	A:HIS:283:N
0	hbbb	A:ALA:183:N	A:SER:181:O
0	hbbb	A:ILE:173:O	A:LEU:174:N
0	hbbb	A:ASP:258:N	A:GLU:257:O
0	hbbb	A:CYS:177:N	A:GLY:176:N
0	hbbb	A:GLU:138:N	A:THR:137:O
0	hbbb	A:GLY:11:N	A:ILE:10:N
0	hbbb	A:VAL:251:O	A:VAL:252:N
0	hbbb	A:LEU:133:N	A:LEU:134:N
0	hbbb	A:ASP:270:N	A:HIS:268:O
0	hbbb	A:ALA:116:N	A:LEU:115:N
0	hbss	A:LYS:178:NZ	A:TYR:179:OH
0	hbbb	A:ARG:50:N	A:SER:46:O
0	hbbb	A:ALA:201:N	A:ARG:200:O
0	hbbb	A:ILE:135:N	A:LEU:134:O
0	hbsb	A:LYS:178:O	A:THR:158:OG1
0	hbbb	A:ARG:260:O	A:SER:264:N
0	hbbb	A:ALA:116:O	A:SER:120:N
0	hbbb	A:ASN:74:N	A:GLU:73:N
0	hbbb	A:SER:188:N	A:TRP:187:N
0	hbbb	A:ASP:235:N	A:LEU:175:O
0	hbbb	A:LEU:262:O	A:LEU:263:N
0	hbsb	A:GLY:27:N	A:THR:26:OG1
0	hbsb	A:GLY:153:N	A:TYR:159:OH
0	hbbb	A:CYS:118:N	A:HIS:119:N
0	hbbb	A:ALA:194:O	A:GLU:195:N
0	hbbb	A:ALA:183:N	A:THR:182:N
0	hbbb	A:ARG:126:N	A:HIS:125:O
0	hbbb	A:ARG:50:O	A:SER:53:N
0	hbsb	A:ASN:136:OD1	A:GLU:138:N
0	hbbb	A:ALA:277:O	A:LEU:281:N
0	hbbb	A:ILE:186:O	A:TRP:187:N
0	hbbb	A:ASP:247:O	A:VAL:251:N
0	hbbb	A:ASP:210:O	A:GLN:211:N
0	hbbb	A:TRP:227:O	A:VAL:230:N
0	hbbb	A:ASP:258:O	A:GLY:259:N
0	hbbb	A:ASP:235:N	A:PRO:234:N
0	hbsb	A:SER:46:OG	A:THR:47:N
0	hbbb	A:GLN:131:N	A:PRO:130:N
0	hbbb	A:GLY:27:N	A:THR:26:O
0	hbsb	A:GLY:98:N	A:THR:97:OG1
0	hbbb	A:ILE:35:O	A:LEU:76:N
0	hbbb	A:MET:233:N	A:VAL:230:O
0	hbbb	A:ASN:132:N	A:GLN:131:O
0	hbbb	A:LEU:32:N	A:TYR:19:O
0	hbbb	A:ALA:277:O	A:ALA:279:N
0	hbbb	A:ALA:149:N	A:HIS:125:O
0	hbbb	A:ASN:136:N	A:ILE:135:O
0	hbbb	A:SER:181:O	A:THR:182:N
0	hbss	A:GLU:195:OE1	A:TYR:168:OH
0	hbbb	A:GLU:42:N	A:GLY:43:N
0	hbbb	A:GLN:287:N	A:PHE:286:O
0	hbbb	A:ALA:95:N	A:ASP:92:O
0	hbbb	A:ALA:144:N	A:LEU:143:O
0	hbbb	A:GLN:265:N	A:MET:266:N
0	hbbb	A:ALA:277:N	A:LYS:278:N
0	hbsb	A:ALA:140:N	A:ASN:136:OD1
0	hbbb	A:ALA:194:N	A:PHE:193:N
0	hblb	A:LEU:83:N	A:T6Q:1299:N28
0	hbbb	A:HIS:121:N	A:SER:120:N
0	hbbb	A:LEU:54:N	A:SER:53:N
0	hbsb	A:GLN:110:NE2	A:SER:106:O
0	hbbb	A:HIS:84:N	A:LEU:83:O
0	hbss	A:ASN:74:ND2	A:ASP:38:OD2
0	hbbb	A:GLN:113:O	A:PHE:117:N
0	hbss	A:ASP:288:OD1	A:LYS:105:NZ
0	hbbb	A:THR:231:N	A:VAL:230:N
0	hbbb	A:LEU:166:N	A:THR:165:N
0	hbbb	A:GLN:265:N	A:SER:264:O
0	hbbb	A:LEU:87:O	A:MET:91:N
0	hbbb	A:SER:232:N	A:THR:231:N
0	hbbb	A:CYS:177:N	A:GLY:176:O
0	hbbb	A:GLY:176:N	A:ILE:173:O
0	hbbb	A:LEU:263:O	A:LEU:267:N
0	hbbb	A:GLU:208:N	A:SER:207:O
0	hbbb	A:LEU:174:N	A:LEU:175:N
0	hbbb	A:LYS:250:O	A:VAL:251:N
0	hbbb	A:ARG:199:N	A:THR:198:N
0	hbbb	A:LEU:66:N	A:LYS:65:O
0	hbbb	A:ASN:23:O	A:LYS:24:N
0	hbbb	A:LEU:78:N	A:VAL:79:N
0	hbsb	A:ASP:145:O	A:HIS:125:NE2
0	hbbb	A:GLU:57:N	A:LEU:54:O
0	hbbb	A:LYS:178:N	A:TYR:179:N
0	hbss	A:ARG:126:NH1	A:TPO:160:O3P
0	hbsb	A:ARG:200:N	A:THR:198:OG1
0	hbbb	A:GLN:246:O	A:PHE:248:N
0	hbbb	A:HIS:119:N	A:LEU:115:O
0	hbbb	A:ASN:62:N	A:PRO:61:O
0	hbbb	A:LEU:76:O	A:TYR:77:N
0	hbbb	A:PRO:238:N	A:SER:239:N
0	hbbb	A:ASN:59:N	A:LEU:58:N
0	hbbb	A:ARG:36:N	A:ILE:35:N
0	hbbb	A:LEU:55:N	A:LYS:56:N
0	hbbb	A:ASN:74:N	A:GLU:73:O
0	hbsb	A:ARG:214:O	A:THR:218:OG1
0	hbbb	A:HIS:71:N	A:THR:72:N
0	hbbb	A:ARG:217:N	A:THR:218:N
0	hbbb	A:LEU:103:O	A:TYR:107:N
0	hbbb	A:LEU:25:N	A:LYS:24:N
0	hbbb	A:ARG:126:N	A:ASP:127:N
0	hbbb	A:ASP:258:N	A:GLY:259:N
0	hbbb	A:GLU:40:N	A:THR:39:O
0	hbbb	A:LEU:267:N	A:MET:266:N
0	hbbb	A:GLU:42:N	A:THR:41:O
0	hbbb	A:ASP:258:O	A:SER:261:N
0	hbbb	A:SER:232:N	A:THR:231:O
0	hbbb	A:HIS:119:N	A:SER:120:N
0	hbbb	A:ALA:149:N	A:LEU:148:N
0	hbbb	A:ASN:272:N	A:PRO:271:N
0	hbbb	A:PRO:155:O	A:VAL:156:N
0	hbbb	A:ASP:206:O	A:SER:207:N
0	hbbb	A:GLU:172:N	A:PRO:171:N
0	hbss	A:GLU:224:OE2	A:THR:231:OG1
0	hbbb	A:PHE:285:N	A:PRO:284:O
0	hbbb	A:GLU:2:N	A:MET:1:O
0	hbbb	A:LYS:237:O	A:SER:239:N
0	hbbb	A:GLY:153:O	A:VAL:156:N
0	hbbb	A:GLN:211:O	A:PHE:213:N
0	hbbb	A:GLY:98:O	A:ILE:99:N
0	hbbb	A:ARG:36:N	A:ILE:35:O
0	hbbb	A:SER:106:N	A:TYR:107:N
0	hbsb	A:ASP:86:N	A:GLN:85:OE1
0	hbbb	A:ARG:122:N	A:VAL:123:N
0	hbbb	A:ALA:280:O	A:HIS:283:N
0	hbbb	A:ARG:297:N	A:LEU:296:O
0	hbbb	A:ARG:274:O	A:ILE:275:N
0	hbbb	A:LEU:32:O	A:TYR:19:N
0	hbbb	A:GLY:190:N	A:TRP:187:O
0	hbbb	A:GLN:5:N	A:LYS:6:N
0	hbbb	A:LEU:263:N	A:SER:264:N
0	hbbb	A:PHE:248:O	A:VAL:252:N
0	hbsb	A:GLY:98:O	A:THR:97:OG1
0	hbbb	A:GLU:57:N	A:LYS:56:O
0	hbbb	A:ALA:280:O	A:ALA:282:N
0	hbbb	A:HIS:71:O	A:THR:72:N
0	hbbb	A:ASP:288:N	A:PHE:286:O
0	hbbb	A:SER:106:O	A:TYR:107:N
0	hbbb	A:PHE:117:O	A:SER:120:N
0	hbbb	A:LEU:96:N	A:SER:94:O
0	hbbb	A:ALA:116:N	A:PHE:117:N
0	hbbb	A:LYS:20:O	A:VAL:7:N
0	hbbb	A:ARG:260:N	A:GLY:259:N
0	hbsb	A:GLU:224:OE2	A:GLY:229:N
0	hbbb	A:VAL:251:N	A:VAL:252:N
0	hbbb	A:CYS:191:N	A:SER:188:O
0	hbbb	A:GLY:16:N	A:TYR:15:N
0	hbbb	A:CYS:177:N	A:GLU:172:O
0	hbbb	A:ALA:48:N	A:THR:47:N
0	hbbb	A:ARG:150:N	A:LEU:124:O
0	hbbb	A:ARG:122:N	A:CYS:118:O
0	hbsb	A:ASP:210:N	A:SER:207:OG
0	hbbb	A:ARG:260:N	A:ASP:258:O
0	hbbb	A:LEU:189:N	A:SER:188:O
0	hbss	A:ARG:274:NH2	A:GLU:172:OE1
0	hbbb	A:MET:91:N	A:PHE:90:O
0	hbbb	A:ILE:192:O	A:MET:196:N
0	hbbb	A:ILE:104:N	A:LEU:103:N
0	hbsb	A:ARG:245:NH1	A:LEU:219:O
0	hbbb	A:GLU:162:N	A:VAL:163:N
0	hbbb	A:GLY:205:N	A:PHE:203:O
0	hbbb	A:ALA:194:N	A:GLU:195:N
0	hbbb	A:ASN:62:O	A:LEU:143:N
0	hbbb	A:GLU:257:O	A:SER:261:N
0	hbbb	A:ARG:157:O	A:TYR:159:N
0	hbbb	A:ALA:21:O	A:VAL:30:N
0	hbbb	A:GLY:147:N	A:PHE:146:O
0	hbbb	A:ALA:95:N	A:SER:94:N
0	hbbb	A:GLU:51:O	A:LEU:55:N
0	hbbb	A:ILE:104:N	A:LEU:101:O
0	hbsb	A:LEU:262:N	A:SER:261:OG
0	hbbb	A:HIS:295:N	A:LEU:296:N
0	hbbb	A:GLN:211:N	A:GLU:208:O
0	hbbb	A:LYS:33:O	A:LYS:34:N
0	hbbb	A:VAL:225:N	A:VAL:226:N
0	hbbb	A:GLU:195:N	A:MET:196:N
0	hbbb	A:SER:188:N	A:VAL:184:O
0	hbbb	A:ASN:136:O	A:THR:137:N
0	hbbb	A:GLN:265:N	A:LEU:263:O
0	hbbb	A:ARG:260:N	A:ASP:256:O
0	hbsb	A:HIS:268:ND1	A:TYR:269:N
0	hbbb	A:ILE:215:N	A:LEU:212:O
0	hbss	A:ARG:122:NH2	A:GLU:57:OE1
0	hbbb	A:ALA:279:N	A:SER:276:O
0	hbbb	A:LEU:83:N	A:PHE:82:O
0	hbbb	A:ASP:185:N	A:ILE:186:N
0	hbbb	A:ILE:104:N	A:LEU:103:O
0	hbbb	A:ARG:297:O	A:LEU:298:N
0	hbbb	A:CYS:118:N	A:LEU:115:O
0	hbbb	A:ALA:95:N	A:MET:91:O
0	hbbb	A:ILE:192:N	A:PHE:193:N
0	hbbb	A:LEU:101:O	A:LYS:105:N
0	hbbb	A:GLY:229:O	A:SER:232:N
0	hbbb	A:LEU:87:N	A:LYS:88:N
0	hbbb	A:GLY:13:N	A:GLY:16:O
0	hbbb	A:ILE:10:N	A:LYS:9:O
0	hbbb	A:LYS:291:N	A:PRO:292:N
0	hbbb	A:LYS:88:O	A:MET:91:N
0	hbbb	A:ASP:258:O	A:LEU:262:N
0	hbbb	A:GLU:57:N	A:LEU:58:N
0	hbbb	A:ALA:279:N	A:LYS:278:N
0	hbss	A:GLU:40:OE2	A:TYR:15:OH
0	hbbb	A:GLN:287:N	A:PHE:286:N
0	hbss	A:GLU:195:OE2	A:TYR:168:OH
0	hbbb	A:LYS:242:O	A:TRP:243:N
0	hbbb	A:PHE:80:N	A:VAL:79:N
0	hbsb	A:ARG:169:NE	A:VAL:163:O
0	hbbb	A:MET:1:O	A:PHE:4:N
0	hbbb	A:ILE:186:O	A:SER:188:N
0	hbbb	A:ASP:256:O	A:GLU:257:N
0	hbbb	A:LEU:255:N	A:PRO:254:O
0	hbbb	A:ILE:215:O	A:PHE:216:N
0	hbbb	A:THR:158:O	A:TYR:159:N
0	hbbb	A:ILE:70:N	A:VAL:69:O
0	hbbb	A:CYS:118:O	A:HIS:121:N
0	hbbb	A:LEU:262:O	A:SER:264:N
0	hbsb	A:GLU:51:OE2	A:PHE:146:N
0	hbbb	A:LEU:96:N	A:THR:97:N
0	hbbb	A:LYS:291:N	A:THR:290:O
0	hbbb	A:LEU:66:O	A:LEU:67:N
0	hbbb	A:ARG:217:N	A:PHE:216:O
0	hbbb	A:PHE:240:N	A:SER:239:O
0	hbbb	A:GLU:195:O	A:MET:196:N
0	hbbb	A:LYS:105:O	A:SER:106:N
0	hbbb	A:ALA:116:N	A:GLN:113:O
0	hbss	A:ASP:258:OD2	A:GLN:287:NE2
0	hbbb	A:ARG:274:N	A:LYS:273:N
0	hbbb	A:LEU:202:N	A:PHE:203:N
0	hbbb	A:THR:158:N	A:TYR:159:N
0	hbbb	A:ASP:127:N	A:HIS:125:O
0	hbbb	A:HIS:161:N	A:TPO:160:N
0	hbbb	A:GLU:28:N	A:GLY:27:N
0	hbbb	A:ARG:260:O	A:LEU:262:N
0	hbbb	A:ASP:86:O	A:LYS:88:N
0	hbbb	A:VAL:225:O	A:VAL:226:N
0	hbbb	A:SER:46:N	A:THR:47:N
0	hbsb	A:LYS:250:N	A:SER:249:OG
0	hbbb	A:LEU:37:O	A:THR:39:N
0	hbbb	A:ALA:282:O	A:HIS:283:N
0	hbbb	A:ASN:59:N	A:LEU:58:O
0	hbbb	A:GLY:114:O	A:PHE:117:N
0	hbbb	A:GLU:224:N	A:VAL:225:N
0	hbsb	A:ARG:199:N	A:THR:198:OG1
0	hbsb	A:SER:188:OG	A:VAL:184:O
0	hbsb	A:HIS:283:NE2	A:LEU:262:N
0	hbbb	A:ALA:93:N	A:SER:94:N
0	hbbb	A:LEU:111:O	A:LEU:115:N
0	hbbb	A:LEU:55:O	A:LEU:58:N
0	hbbb	A:ILE:186:O	A:LEU:189:N
0	hbbb	A:ALA:93:N	A:ASP:92:O
0	hbbb	A:VAL:17:O	A:VAL:18:N
0	hbbb	A:CYS:191:O	A:GLU:195:N
0	hbss	A:GLU:81:OE2	A:LYS:142:NZ
0	hbbb	A:GLY:176:N	A:LEU:175:O
0	hbbb	A:LEU:128:O	A:LYS:129:N
0	hbbb	A:ARG:169:N	A:LEU:166:O
0	hbbb	A:ASN:62:N	A:HIS:60:O
0	hbbb	A:HIS:121:N	A:SER:120:O
0	hbss	A:ASP:145:OD1	A:THR:14:OG1
0	hbbb	A:PHE:286:O	A:VAL:289:N
0	hbbb	A:LEU:166:N	A:TRP:167:N
0	hbbb	A:GLU:208:N	A:ILE:209:N
0	hbbb	A:CYS:191:N	A:GLY:190:N
0	hbbb	A:CYS:118:O	A:SER:120:N
0	hbbb	A:LEU:101:N	A:PRO:102:N
0	hbbb	A:LYS:34:N	A:VAL:17:O
0	hbbb	A:ASP:92:N	A:MET:91:O
0	hbbb	A:ILE:104:O	A:LEU:108:N
0	hbsb	A:ASP:223:OD1	A:GLU:224:N
0	hbbb	A:GLU:57:N	A:LYS:56:N
0	hbbb	A:TRP:227:N	A:VAL:226:N
0	hbbb	A:ALA:244:O	A:ARG:245:N
0	hbsb	A:GLU:208:N	A:SER:207:OG
0	hbbb	A:ALA:31:N	A:PHE:80:O
0	hbbb	A:LYS:242:N	A:PHE:240:O
0	hbbb	A:LYS:250:N	A:VAL:251:N
0	hbbb	A:ALA:21:O	A:ARG:22:N
0	hbsb	A:ARG:199:NE	A:SER:94:O
0	hbbb	A:LEU:54:O	A:LEU:55:N
0	hbbb	A:ALA:93:N	A:PHE:90:O
0	hbbb	A:SER:181:O	A:VAL:184:N
0	hbbb	A:ALA:277:N	A:SER:276:O
0	hbbb	A:ILE:173:N	A:LEU:174:N
0	hbbb	A:HIS:121:O	A:VAL:123:N
0	hbbb	A:MET:233:N	A:SER:232:N
0	hbbb	A:GLY:190:N	A:LEU:189:N
0	hbbb	A:LEU:263:O	A:SER:264:N
0	hbbb	A:GLN:113:N	A:LEU:112:N
0	hbbb	A:THR:198:N	A:VAL:197:O
0	hbsb	A:ALA:194:O	A:THR:198:OG1
0	hbbb	A:GLN:113:N	A:GLY:114:N
0	hbbb	A:ALA:279:N	A:ALA:280:N
0	hbss	A:GLU:51:OE1	A:LYS:33:NZ
0	hbbb	A:ALA:183:O	A:VAL:184:N
0	hbbb	A:ARG:22:O	A:GLN:5:N
0	hbss	A:ARG:126:NH1	A:TYR:180:OH
0	hbbb	A:ARG:50:N	A:ILE:49:N
0	hbbb	A:MET:91:O	A:SER:94:N
0	hbbb	A:LEU:78:N	A:TYR:77:N
0	hbbb	A:GLY:205:N	A:PRO:204:O
0	hbss	A:GLU:51:OE2	A:LYS:33:NZ
0	hbsb	A:ASP:185:OD2	A:HIS:125:N
0	hbsb	A:ARG:150:NE	A:TPO:160:O2P
0	hbbb	A:ALA:95:N	A:LEU:96:N
0	hbbb	A:LEU:143:N	A:LYS:142:O
0	hbsb	A:ASN:136:OD1	A:GLY:139:N
0	hbbb	A:ILE:209:O	A:PHE:213:N
0	hbss	A:ASN:62:ND2	A:GLN:110:OE1
0	hbbb	A:LEU:108:O	A:PHE:109:N
0	hbbb	A:ALA:48:N	A:SER:46:O
0	hbbb	A:GLU:40:N	A:THR:39:N
0	hbbb	A:LEU:108:O	A:LEU:112:N
0	hbsb	A:GLU:138:N	A:THR:137:OG1
0	hbsb	A:TPO:160:O	A:TYR:180:OH
0	hbbb	A:ILE:173:N	A:PRO:171:O
0	hbbb	A:GLN:110:N	A:PHE:109:N
0	hbbb	A:HIS:161:O	A:VAL:163:N
0	hbbb	A:GLU:172:N	A:ILE:173:N
0	hbsb	A:ALA:183:O	A:ARG:274:NH1
0	hbsb	A:GLU:28:N	A:THR:26:OG1
0	hbsb	A:GLN:110:NE2	A:GLY:139:O
0	hbbb	A:GLU:208:O	A:LEU:212:N
0	hbbb	A:CYS:118:O	A:HIS:119:N
0	hbbb	A:CYS:191:N	A:ILE:192:N
0	hbbb	A:THR:165:N	A:VAL:164:N
0	hbbb	A:ARG:22:N	A:GLN:5:O
0	hbbb	A:PHE:248:O	A:VAL:251:N
0	hbbb	A:HIS:125:N	A:LEU:124:O
0	hbbb	A:ALA:244:N	A:TRP:243:O
0	hbbb	A:GLU:12:O	A:GLY:13:N
0	hbbb	A:ARG:217:N	A:PHE:216:N
0	hbbb	A:PHE:248:N	A:SER:249:N
0	hbbb	A:MET:91:N	A:PHE:90:N
0	hbbb	A:LYS:34:O	A:VAL:17:N
0	hbsb	A:ARG:169:NH2	A:VAL:164:O
0	hbbb	A:HIS:121:N	A:PHE:117:O
0	hbbb	A:ASP:247:O	A:LYS:250:N
0	hbbb	A:ILE:186:N	A:TRP:187:N
0	hbbb	A:ARG:50:N	A:GLU:51:N
0	hbbb	A:LEU:66:N	A:LEU:67:N
0	hbbb	A:GLU:51:N	A:THR:47:O
0	hbbb	A:LEU:267:O	A:TYR:269:N
0	hbbb	A:ASP:68:N	A:VAL:79:O
0	hbsb	A:GLN:211:NE2	A:PHE:203:O
0	hbbb	A:SER:188:N	A:TRP:187:O
0	hbbb	A:LEU:255:N	A:PRO:254:N
0	hbbb	A:SER:46:O	A:THR:47:N
0	hbbb	A:GLU:40:N	A:LEU:37:O
0	hbbb	A:ILE:10:N	A:LYS:9:N
0	hbbb	A:GLU:28:N	A:GLY:27:O
0	hbbb	A:ARG:122:N	A:HIS:121:N
0	hbbb	A:ASN:74:O	A:LYS:75:N
0	hbsb	A:ARG:200:O	A:THR:198:OG1
0	hbbb	A:LEU:87:O	A:LYS:88:N
0	hbbb	A:GLN:113:N	A:PHE:109:O
0	hbbb	A:ARG:214:N	A:PHE:213:O
0	hbbb	A:GLU:40:N	A:THR:41:N
0	hbbb	A:GLN:211:N	A:LEU:212:N
0	hbbb	A:CYS:118:N	A:GLY:114:O
0	hbbb	A:GLY:229:O	A:MET:233:N
0	hbss	A:ARG:126:NH2	A:TPO:160:O3P
0	hbss	A:ARG:150:NH2	A:ARG:50:NH2
0	hbbb	A:SER:181:N	A:TYR:180:O
0	hbss	A:GLN:110:NE2	A:SER:106:OG
0	hbbb	A:PRO:45:O	A:THR:47:N
0	hbbb	A:LEU:96:O	A:THR:97:N
0	hbbb	A:HIS:161:N	A:TYR:159:O
0	hbbb	A:GLY:43:O	A:VAL:44:N
0	hbbb	A:GLU:224:O	A:VAL:225:N
0	hbsb	A:ARG:122:NH1	A:HIS:121:O
0	hbbb	A:LYS:105:N	A:SER:106:N
0	hbbb	A:ASP:185:O	A:ILE:186:N
0	hbbb	A:LEU:54:O	A:LYS:56:N
0	hbsb	A:ASP:223:OD1	A:VAL:225:N
0	hbsb	A:SER:181:OG	A:THR:182:N
0	hbsb	A:ASP:68:OD1	A:VAL:69:N
0	hbbb	A:ASP:38:N	A:LEU:37:N
0	hbbb	A:GLY:147:O	A:LEU:148:N
0	hbbb	A:ASP:235:N	A:MET:233:O
0	hbbb	A:ILE:275:O	A:SER:276:N
0	hbbb	A:ASP:92:N	A:PHE:90:O
0	hbbb	A:LEU:212:O	A:PHE:213:N
0	hbbb	A:GLU:195:N	A:PHE:193:O
0	hbbb	A:GLN:265:O	A:ILE:275:N
0	hbbb	A:ARG:169:N	A:THR:165:O
0	hbbb	A:ARG:126:N	A:HIS:125:N
0	hbbb	A:ALA:149:N	A:LEU:148:O
0	hbsb	A:GLU:81:OE2	A:LYS:65:N
0	hbbb	A:GLU:2:O	A:PHE:4:N
0	hbbb	A:LEU:25:N	A:LYS:24:O
0	hbbb	A:GLU:138:N	A:GLY:139:N
0	hbbb	A:ASP:288:N	A:GLN:287:N
0	hbbb	A:LEU:212:O	A:PHE:216:N
0	hbbb	A:VAL:29:N	A:VAL:30:N
0	hbss	A:GLU:81:OE1	A:LYS:142:NZ
0	hbbb	A:PHE:285:N	A:PRO:284:N
0	hbss	A:ASP:145:OD2	A:THR:14:OG1
0	hbbb	A:TYR:19:N	A:VAL:18:O
0	hbbb	A:LEU:166:O	A:TRP:167:N
0	hbss	A:HIS:283:NE2	A:SER:261:OG
0	hbbb	A:GLU:208:O	A:ILE:209:N
0	hbbb	A:ALA:144:N	A:ASN:132:O
0	hbss	A:ARG:214:NE	A:ASP:210:OD2
0	hbbb	A:LEU:103:N	A:PRO:100:O
0	hbbb	A:GLY:147:N	A:LEU:148:N
0	hbsb	A:GLN:211:NE2	A:TRP:167:O
0	hbsb	A:ARG:126:NH2	A:LEU:148:O
0	hbbb	A:GLN:265:N	A:LEU:262:O
0	hbbb	A:LYS:237:O	A:PHE:240:N
0	hbbb	A:ALA:140:N	A:GLY:139:N
0	hbbb	A:GLY:114:O	A:LEU:115:N
0	hbbb	A:LEU:134:N	A:LYS:142:O
0	hbbb	A:ASP:235:O	A:TYR:236:N
0	hbsb	A:ARG:260:NH1	A:LEU:255:O
0	hbbb	A:GLY:220:N	A:PHE:216:O
0	hbbb	A:ASN:272:N	A:LYS:273:N
0	hbbb	A:ARG:150:O	A:LEU:124:N
0	hbbb	A:ILE:35:N	A:LEU:76:O
0	hbbb	A:ALA:48:N	A:ILE:49:N
0	hbbb	A:TPO:160:N	A:TYR:159:O
0	hbbb	A:ILE:99:O	A:LEU:101:N
0	hbbb	A:LEU:25:N	A:THR:26:N
0	hbbb	A:LEU:262:N	A:LEU:263:N
0	hbbb	A:GLU:8:N	A:VAL:7:O
0	hbbb	A:ILE:192:N	A:SER:188:O
0	hbbb	A:ASN:74:N	A:LYS:75:N
0	hbbb	A:ARG:260:O	A:SER:261:N
0	hbbb	A:ALA:280:N	A:LEU:281:N
0	hbbb	A:PRO:222:N	A:THR:221:N
0	hbbb	A:ALA:31:N	A:VAL:30:O
0	hbbb	A:ALA:277:O	A:LYS:278:N
0	hbsb	A:GLY:205:O	A:TRP:167:NE1
0	hbsb	A:ASP:145:OD2	A:THR:14:N
0	hbsb	A:GLN:265:N	A:SER:264:OG
0	hbbb	A:ASP:247:O	A:SER:249:N
0	hbbb	A:ARG:214:N	A:ASP:210:O
0	hbbb	A:GLY:176:O	A:LYS:178:N
0	hbbb	A:GLN:85:O	A:ILE:135:N
0	hbbb	A:GLY:190:N	A:SER:188:O
0	hbbb	A:GLY:205:N	A:PRO:204:N
0	hbbb	A:ASN:59:N	A:GLU:57:O
0	hbsb	A:ALA:116:O	A:SER:120:OG
0	hbbb	A:LEU:55:O	A:LYS:56:N
0	hbbb	A:TYR:179:N	A:TYR:180:N
0	hbbb	A:ALA:183:N	A:THR:182:O
0	hbbb	A:ALA:144:O	A:ASP:145:N
0	hbbb	A:ILE:52:O	A:SER:53:N
0	hbsb	A:PHE:240:N	A:SER:239:OG
0	hbbb	A:GLU:138:N	A:THR:137:N
0	hbsb	A:ARG:274:NH2	A:TYR:269:O
0	hbbb	A:ALA:151:N	A:ARG:150:O
0	hbbb	A:ARG:200:O	A:LEU:202:N
0	hbbb	A:ASP:210:N	A:SER:207:O
0	hbbb	A:LYS:178:O	A:TYR:179:N
0	hbbb	A:ALA:280:N	A:LYS:278:O
0	hbbb	A:ALA:93:N	A:LYS:89:O
0	hbbb	A:ILE:49:N	A:PRO:45:O
0	hbbb	A:LEU:296:N	A:PRO:294:O
0	hbbb	A:THR:198:N	A:VAL:197:N
0	hbbb	A:THR:221:N	A:TRP:243:O
0	hbsb	A:ASP:270:N	A:HIS:268:ND1
0	hbbb	A:ALA:116:N	A:LEU:115:O
0	hbbb	A:PRO:45:O	A:SER:46:N
0	hbsb	A:ARG:214:NE	A:PRO:204:O
0	hbbb	A:ARG:214:N	A:ILE:215:N
0	hbbb	A:GLU:2:N	A:MET:1:N
0	hbbb	A:ASN:23:O	A:GLY:27:N
0	hbbb	A:LEU:262:N	A:SER:261:O
0	hbbb	A:ASP:223:N	A:PRO:222:O
0	hbbb	A:THR:14:N	A:TYR:15:N
0	hbss	A:ARG:150:NH2	A:TPO:160:P
0	hbbb	A:ARG:260:O	A:LEU:263:N
0	hbbb	A:PHE:240:N	A:SER:239:N
0	hbbb	A:LEU:267:N	A:MET:266:O
0	hbbb	A:LEU:78:N	A:LYS:33:O
0	hbbb	A:ALA:282:N	A:LEU:281:N
0	hbsb	A:ALA:95:O	A:ARG:199:NH2
0	hbbb	A:HIS:84:N	A:ILE:135:O
0	hbbb	A:LEU:103:O	A:SER:106:N
0	hbbb	A:TYR:179:O	A:TYR:180:N
0	hbbb	A:PHE:90:O	A:SER:94:N
0	hbsb	A:ASN:132:ND2	A:ASP:127:O
0	hbbb	A:LEU:108:N	A:PHE:109:N
0	hbbb	A:ASP:270:N	A:PRO:271:N
0	hbbb	A:ARG:199:N	A:ARG:200:N
0	hbbb	A:GLN:131:N	A:PRO:130:O
0	hbbb	A:ASP:223:O	A:VAL:226:N
0	hbbb	A:GLY:98:N	A:THR:97:O
0	hbbb	A:HIS:283:O	A:PHE:286:N
0	hbbb	A:ASP:210:N	A:ILE:209:N
0	hbbb	A:ASP:92:N	A:LYS:88:O
0	hbsb	A:GLU:224:OE2	A:VAL:230:N
0	hbbb	A:ASN:132:N	A:GLN:131:N
0	hbbb	A:PRO:102:O	A:SER:106:N
0	hbsb	A:ASP:256:OD1	A:GLU:257:N
0	hbsb	A:ALA:48:N	A:THR:47:OG1
0	hbbb	A:SER:261:O	A:SER:264:N
0	hbbb	A:GLN:211:O	A:LEU:212:N
0	hbss	A:HIS:295:NE2	A:SER:94:OG
0	hbbb	A:ASP:38:O	A:THR:39:N
0	hbsb	A:LYS:291:N	A:THR:290:OG1
0	hbbb	A:GLN:85:N	A:HIS:84:O
0	hbbb	A:LEU:76:N	A:TYR:77:N
0	hbbb	A:LEU:78:O	A:VAL:79:N
0	hbbb	A:ILE:52:O	A:LYS:56:N
0	hbbb	A:CYS:118:N	A:PHE:117:N
0	hbbb	A:ASN:62:N	A:PRO:61:N
0	hbbb	A:LEU:202:O	A:PHE:203:N
0	hbbb	A:LEU:267:N	A:SER:264:O
0	hbsb	A:ILE:49:O	A:SER:53:OG
0	hbbb	A:HIS:71:N	A:ILE:70:N
0	hbbb	A:ALA:48:N	A:PRO:45:O
0	hbsb	A:ARG:169:NE	A:VAL:164:O
0	hbss	A:ASP:127:OD1	A:THR:165:OG1
0	hbbb	A:ASN:23:N	A:LYS:24:N
0	hbbb	A:GLU:8:N	A:VAL:7:N
0	hbbb	A:ILE:70:N	A:TYR:77:O
0	hbbb	A:GLN:110:N	A:SER:106:O
0	hbbb	A:ALA:170:N	A:ARG:169:O
0	hbbb	A:ASP:185:O	A:LEU:189:N
0	hbbb	A:LEU:124:N	A:VAL:123:O
0	hbbb	A:GLU:172:O	A:ILE:173:N
0	hbsb	A:ARG:126:NH1	A:TPO:160:O2P
0	hbbb	A:ASP:38:N	A:LEU:37:O
0	hbbb	A:GLU:8:N	A:LYS:20:O
0	hbbb	A:LEU:133:N	A:PRO:130:O
0	hbsb	A:HIS:71:NE2	A:THR:72:O
0	hbsb	A:ASN:23:OD1	A:LEU:25:N
0	hbbb	A:ILE:104:N	A:LYS:105:N
0	hbsb	A:HIS:125:ND1	A:LEU:128:N
0	hbsb	A:ALA:144:O	A:HIS:125:NE2
0	hbbb	A:GLY:11:O	A:VAL:18:N
0	hbbb	A:LEU:108:N	A:TYR:107:O
0	hbsb	A:ASP:86:OD1	A:LYS:89:N
0	hbbb	A:GLU:172:O	A:GLY:176:N
0	hbsb	A:HIS:283:ND1	A:PHE:285:N
0	hbsb	A:GLN:211:OE1	A:GLY:205:N
0	hbbb	A:GLU:138:O	A:GLY:139:N
0	hbbb	A:ILE:52:O	A:LEU:54:N
0	hbbb	A:LYS:88:O	A:PHE:90:N
0	hbbb	A:GLY:229:N	A:PRO:228:O
0	hbbb	A:LEU:255:N	A:VAL:252:O
0	hbbb	A:ILE:209:O	A:LEU:212:N
0	hbbb	A:GLU:162:N	A:HIS:161:O
0	hbls	A:ASP:145:OD2	A:T6Q:1299:N02
0	hbbb	A:ALA:48:O	A:ILE:52:N
0	hbsb	A:GLU:138:O	A:LYS:291:NZ
0	hbss	A:ARG:214:NE	A:ASP:210:OD1
0	hbbb	A:LYS:242:N	A:PRO:241:O
0	hbbb	A:PHE:216:O	A:THR:218:N
0	hbbb	A:ASN:59:O	A:HIS:60:N
0	hbbb	A:GLU:162:N	A:HIS:161:N
0	hbbb	A:LYS:278:N	A:SER:276:O
0	hbbb	A:MET:196:O	A:VAL:197:N
0	hbbb	A:ARG:157:O	A:THR:158:N
0	hbbb	A:ASP:38:N	A:THR:39:N
0	hbsb	A:ASN:23:OD1	A:THR:26:N
0	hbbb	A:ARG:245:O	A:GLN:246:N
0	hbbb	A:THR:290:N	A:VAL:289:O
0	hbsb	A:ARG:126:NE	A:LEU:148:O
0	hbbb	A:ILE:10:N	A:VAL:18:O
0	hbsb	A:GLN:287:NE2	A:PRO:284:O
0	hbbb	A:LEU:134:O	A:LYS:142:N
0	hbbb	A:LYS:88:O	A:LYS:89:N
0	hbbb	A:HIS:71:N	A:ILE:70:O
0	hbbb	A:LEU:111:O	A:LEU:112:N
0	hbbb	A:ARG:50:N	A:ILE:49:O
0	hbbb	A:HIS:283:O	A:PHE:285:N
0	hbbb	A:GLN:265:O	A:MET:266:N
0	hbsb	A:ALA:279:N	A:SER:276:OG
0	hbbb	A:GLY:229:O	A:VAL:230:N
0	hbsb	A:ASP:86:OD1	A:LEU:87:N
0	hbbb	A:ILE:63:O	A:VAL:64:N
0	hbbb	A:GLU:162:O	A:VAL:163:N
0	hbsb	A:ARG:150:NH2	A:TPO:160:O1P
0	hbbb	A:ALA:95:O	A:LEU:96:N
0	hbsb	A:GLU:73:O	A:HIS:71:NE2
0	hbbb	A:ASP:223:O	A:TRP:227:N
0	hbbb	A:ILE:104:N	A:PRO:100:O
0	hbbb	A:ASP:270:N	A:TYR:269:O
0	hbbb	A:ALA:282:N	A:LEU:281:O
0	hbsb	A:ALA:183:N	A:THR:182:OG1
0	hbbb	A:ALA:31:O	A:LEU:32:N
0	hbbb	A:GLY:190:N	A:ILE:186:O
0	hbsb	A:LYS:242:NZ	A:PHE:240:O
0	hbbb	A:ILE:70:N	A:VAL:69:N
0	hbsb	A:ASP:256:OD1	A:GLY:259:N
0	hbbb	A:ARG:122:O	A:VAL:123:N
0	hbbb	A:ALA:201:O	A:LEU:202:N
0	hbsb	A:SER:261:O	A:SER:264:OG
0	hbbb	A:ASN:132:O	A:LEU:133:N
0	hbbb	A:ARG:22:O	A:ASN:23:N
0	hbbb	A:GLY:220:N	A:LEU:219:O
0	hbbb	A:LYS:89:O	A:MET:91:N
0	hbbb	A:LYS:88:N	A:LYS:89:N
0	hbbb	A:ASP:206:N	A:GLY:205:O
0	hbbb	A:ASP:38:O	A:GLU:40:N
0	hbbb	A:ARG:169:N	A:TYR:168:O
0	hbsb	A:PRO:241:O	A:THR:221:OG1
0	hbbb	A:LYS:33:N	A:LYS:34:N
0	hbbb	A:HIS:268:O	A:TYR:269:N
0	hbbb	A:VAL:163:O	A:VAL:164:N
0	hbbb	A:GLY:98:N	A:THR:97:N
0	hbbb	A:ALA:170:O	A:LEU:174:N
0	hbss	A:ASP:86:OD2	A:LYS:89:NZ
0	hbbb	A:GLN:265:N	A:SER:264:N
0	hbbb	A:ARG:122:O	A:PHE:152:N
0	hbbb	A:ASN:132:N	A:PRO:130:O
0	hbbb	A:ALA:277:O	A:ALA:280:N
0	hbbb	A:GLN:110:O	A:GLN:113:N
0	hbsb	A:LYS:142:NZ	A:PRO:61:O
0	hbbb	A:ASN:136:O	A:GLU:138:N
0	hbbb	A:ARG:22:O	A:LYS:24:N
0	hbsb	A:SER:188:OG	A:TYR:168:O
0	hbbb	A:GLU:51:N	A:ILE:52:N
0	hbbb	A:ALA:194:N	A:CYS:191:O
0	hbbb	A:ARG:214:O	A:ILE:215:N
0	hbbb	A:LEU:87:N	A:PRO:130:O
0	hbbb	A:ALA:183:O	A:ASP:185:N
0	hbbb	A:GLU:8:O	A:LYS:20:N
0	hbbb	A:LEU:103:O	A:LYS:105:N
0	hbsb	A:ASP:256:OD1	A:ASP:258:N
0	hbbb	A:GLN:110:O	A:LEU:112:N
0	hbbb	A:GLY:220:O	A:THR:221:N
0	hbbb	A:ALA:194:N	A:PHE:193:O
0	hbbb	A:ASP:68:O	A:VAL:79:N
0	hbbb	A:ALA:48:O	A:ARG:50:N
0	hbbb	A:GLU:8:O	A:LYS:9:N
0	hbbb	A:PRO:253:N	A:VAL:252:N
0	hbbb	A:GLU:81:O	A:PHE:82:N
0	hbbb	A:LYS:75:O	A:THR:72:N
0	hbbb	A:LEU:219:N	A:THR:218:O
0	hbbb	A:ILE:215:N	A:PHE:216:N
0	hbbb	A:ALA:183:O	A:TRP:187:N
0	hbsb	A:GLU:224:OE2	A:THR:231:N
0	hbsb	A:ASP:127:N	A:HIS:125:ND1
0	hbbb	A:ARG:50:O	A:ILE:52:N
0	hbbb	A:ASN:3:N	A:GLU:2:O
0	hbbb	A:PHE:286:N	A:PRO:284:O
0	hbbb	A:ASN:74:N	A:THR:72:O
0	hbbb	A:THR:231:N	A:VAL:230:O
0	hbbb	A:MET:233:O	A:TYR:236:N
0	hbbb	A:ARG:214:N	A:LEU:212:O
0	hbbb	A:LYS:6:O	A:VAL:7:N
0	hbbb	A:ALA:21:N	A:VAL:30:O
0	hbbb	A:ALA:279:O	A:LEU:281:N
0	hbbb	A:LEU:166:N	A:THR:165:O
0	hbbb	A:GLY:229:O	A:THR:231:N
0	hbbb	A:ALA:183:O	A:ILE:186:N
0	hbsb	A:ASP:86:OD1	A:LYS:88:N
0	hbsb	A:ARG:274:NE	A:HIS:268:O
0	hbss	A:LYS:129:NZ	A:THR:165:OG1
0	hbss	A:ASP:92:OD1	A:LYS:88:NZ
0	hbbb	A:ILE:215:O	A:THR:218:N
0	hbbb	A:LEU:66:N	A:LYS:65:N
0	hbbb	A:ALA:31:O	A:PHE:80:N
0	hbbb	A:ALA:21:N	A:LYS:20:O
0	hbbb	A:ILE:99:N	A:PRO:100:N
0	hbbb	A:HIS:119:O	A:SER:120:N
0	hbbb	A:ASP:86:O	A:LYS:89:N
0	hbbb	A:ASP:258:N	A:GLU:257:N
0	hbss	A:ARG:50:NH1	A:TPO:160:O3P
0	hbbb	A:LEU:112:O	A:LEU:115:N
0	hbbb	A:ASN:74:O	A:LEU:37:N
0	hbbb	A:GLN:5:N	A:PHE:4:N
0	hbsb	A:ASN:62:N	A:HIS:60:ND1
0	hbbb	A:ASN:272:N	A:PRO:271:O
0	hbbb	A:LYS:250:N	A:PHE:248:O
0	hbbb	A:ASN:59:N	A:HIS:60:N
0	hbbb	A:LEU:101:N	A:PRO:100:O
0	hbbb	A:GLN:113:N	A:LEU:111:O
0	hbbb	A:LEU:32:O	A:LYS:33:N
0	hbbb	A:GLN:5:N	A:PHE:4:O
0	hbbb	A:LYS:20:N	A:TYR:19:O
0	hbbb	A:ILE:141:O	A:LYS:142:N
0	hbbb	A:ALA:140:N	A:GLY:139:O
0	hbbb	A:PHE:109:N	A:SER:106:O
0	hbsb	A:GLU:40:N	A:THR:41:OG1
0	hbbb	A:ASP:92:N	A:MET:91:N
0	hbbb	A:ASP:223:O	A:GLU:224:N
0	hbbb	A:PRO:292:O	A:VAL:293:N
0	hbbb	A:LEU:189:N	A:TRP:187:O
0	hbbb	A:ALA:93:N	A:MET:91:O
0	hbbb	A:TRP:227:N	A:VAL:226:O
0	hbbb	A:GLN:110:O	A:LEU:111:N
0	hbbb	A:ASP:210:O	A:PHE:213:N
0	hbbb	A:GLU:172:N	A:PRO:171:O
0	hbbb	A:LYS:105:O	A:PHE:109:N
0	hbbb	A:ASP:185:O	A:TRP:187:N
0	hbbb	A:THR:165:O	A:TYR:168:N
0	hbbb	A:LYS:65:N	A:VAL:64:O
0	hbbb	A:ALA:151:N	A:PHE:152:N
0	hbbb	A:LYS:89:O	A:PHE:90:N
0	hbbb	A:GLY:190:N	A:LEU:189:O
0	hbbb	A:ASN:272:N	A:ASP:270:O
0	hbbb	A:LEU:262:N	A:SER:261:N
0	hbbb	A:GLY:13:O	A:THR:14:N
0	hbbb	A:ALA:116:O	A:PHE:117:N
0	hbbb	A:ALA:170:O	A:GLU:172:N
0	hbbb	A:GLY:16:N	A:TYR:15:O
0	hbbb	A:PHE:109:N	A:TYR:107:O
0	hbbb	A:ALA:48:N	A:THR:47:O
0	hbbb	A:GLY:114:N	A:LEU:111:O
0	hbbb	A:ILE:52:O	A:LEU:55:N
0	hbsb	A:LYS:105:NZ	A:PHE:285:O
0	hbbb	A:ASN:136:O	A:GLY:139:N
0	hbbb	A:ASP:127:O	A:LEU:128:N
0	hbbb	A:PRO:228:N	A:TRP:227:N
0	hbbb	A:ARG:199:N	A:THR:198:O
0	hbbb	A:ILE:215:O	A:LEU:219:N
0	hbbb	A:ALA:31:N	A:LEU:32:N
0	hbsb	A:SER:106:OG	A:TYR:107:N
0	hbbb	A:ASP:270:O	A:LYS:273:N
0	hbbb	A:ARG:214:O	A:ARG:217:N
0	hbsb	A:GLY:220:O	A:TYR:269:OH
0	hbbb	A:LYS:250:N	A:SER:249:N
0	hbbb	A:ALA:280:N	A:SER:276:O
0	hbbb	A:GLY:190:O	A:ILE:192:N
0	hbbb	A:ASP:256:N	A:LEU:255:O
0	hbbb	A:GLU:28:N	A:THR:26:O
0	hbbb	A:ILE:192:O	A:PHE:193:N
0	hbbb	A:TRP:167:O	A:TYR:168:N
0	hbbb	A:ARG:199:O	A:ARG:200:N
0	hbbb	A:CYS:191:O	A:ILE:192:N
0	hbsb	A:ARG:150:NH2	A:TPO:160:O2P
0	hbbb	A:ASN:272:O	A:LYS:273:N
0	hbsb	A:ASN:136:OD1	A:THR:137:N
0	hbbb	A:ALA:95:N	A:SER:94:O
0	hbbb	A:PHE:80:O	A:PHE:82:N
0	hbbb	A:ASP:210:N	A:GLU:208:O
0	hbsb	A:ILE:215:O	A:TYR:269:OH
0	hbbb	A:LEU:67:N	A:VAL:79:O
0	hbbb	A:SER:46:N	A:VAL:44:O
0	hbbb	A:GLY:259:O	A:LEU:263:N
0	hbbb	A:GLY:190:O	A:PHE:193:N
0	hbsb	A:LYS:242:NZ	A:PRO:238:O
0	hbbb	A:GLU:40:O	A:THR:41:N
0	hbbb	A:ARG:157:N	A:VAL:156:O
0	hbbb	A:ARG:36:O	A:LEU:37:N
0	hbbb	A:GLN:85:N	A:ILE:135:O
0	hbbb	A:ILE:173:O	A:LEU:175:N
0	hbbb	A:ARG:126:O	A:ASP:127:N
0	hbbb	A:ARG:274:N	A:ASP:270:O
0	hbbb	A:GLN:110:N	A:TYR:107:O
0	hbbb	A:HIS:161:N	A:TPO:160:O
0	hbbb	A:ARG:214:N	A:GLN:211:O
0	hbbb	A:PRO:45:N	A:VAL:44:N
0	hbbb	A:ALA:194:O	A:MET:196:N
0	hbbb	A:CYS:191:N	A:TRP:187:O
0	hbss	A:ASP:185:OD2	A:HIS:119:NE2
0	hbbb	A:GLU:42:O	A:GLY:43:N
0	hbbb	A:ASP:92:N	A:LYS:89:O
0	hbbb	A:GLN:110:O	A:GLY:114:N
0	hbbb	A:MET:1:N	A:SER:0:O
0	hbbb	A:ASN:132:N	A:LYS:129:O
0	hbbb	A:GLU:57:O	A:LEU:58:N
0	hbbb	A:ASP:185:N	A:VAL:184:O
0	hbbb	A:LEU:54:N	A:SER:53:O
0	hbbb	A:LEU:78:O	A:LYS:33:N
0	hbbb	A:LEU:262:O	A:MET:266:N
0	hbbb	A:ASN:23:O	A:LEU:25:N
0	hbbb	A:ALA:93:O	A:SER:94:N
0	hbbb	A:ASP:185:N	A:THR:182:O
0	hbbb	A:SER:232:N	A:VAL:230:O
0	hbsb	A:ASP:206:N	A:ASP:210:OD2
0	hbbb	A:LEU:87:O	A:PHE:90:N
0	hbbb	A:LEU:174:O	A:LEU:175:N
0	hbbb	A:HIS:119:O	A:HIS:121:N
0	hbsb	A:ARG:50:NH2	A:TPO:160:O1P
0	hbbb	A:ARG:22:N	A:ASN:23:N
0	hbbb	A:GLU:51:O	A:ILE:52:N
0	hbsb	A:THR:221:OG1	A:TRP:243:N
0	hbbb	A:LEU:166:N	A:VAL:164:O
0	hbbb	A:ASP:68:O	A:VAL:69:N
0	hbbb	A:GLN:113:N	A:LEU:112:O
0	hbbb	A:ILE:35:N	A:LYS:34:O
0	hbsb	A:ASN:23:OD1	A:LYS:24:N
0	hbbb	A:ARG:50:O	A:GLU:51:N
0	hbbb	A:ASP:288:O	A:VAL:289:N
0	hbsb	A:ARG:169:O	A:TRP:187:NE1
0	hbbb	A:GLU:81:N	A:PHE:80:O
0	hbbb	A:HIS:60:O	A:ILE:63:N
0	hbbb	A:ARG:217:O	A:THR:218:N
0	hbbb	A:ASP:68:N	A:LEU:67:O
0	hbbb	A:GLN:5:O	A:LYS:6:N
0	hbbb	A:ILE:49:N	A:SER:46:O
0	hbbb	A:ASN:3:O	A:PHE:4:N
0	hbbb	A:VAL:29:O	A:VAL:30:N
0	hbbb	A:CYS:191:N	A:GLY:190:O
0	hbbb	A:CYS:118:O	A:VAL:123:N
0	hbbb	A:CYS:177:O	A:LYS:178:N
0	hbbb	A:HIS:268:N	A:SER:264:O
0	hbbb	A:ALA:48:O	A:ILE:49:N
0	hbbb	A:LEU:281:N	A:LYS:278:O
0	hbbb	A:ALA:151:O	A:PHE:152:N
0	hbbb	A:GLY:259:O	A:SER:261:N
0	hbbb	A:GLU:81:N	A:LYS:65:O
0	hbbb	A:GLY:11:N	A:ILE:10:O
0	hbss	A:GLN:265:OE1	A:SER:261:OG
0	hbbb	A:GLU:28:O	A:VAL:29:N
0	hbsb	A:GLY:98:O	A:HIS:295:NE2
0	hbbb	A:LEU:115:O	A:PHE:117:N
0	hbbb	A:LEU:103:N	A:PRO:102:O
0	hbbb	A:THR:165:O	A:TRP:167:N
0	hbbb	A:THR:182:O	A:VAL:184:N
0	hbsb	A:ARG:126:N	A:ASP:185:OD1
0	hbbb	A:ALA:279:O	A:ALA:282:N
0	hbbb	A:LYS:105:O	A:TYR:107:N
0	hbbb	A:LEU:255:N	A:PRO:253:O
0	hbbb	A:GLU:2:N	A:SER:0:O
0	hbbb	A:ARG:217:N	A:PHE:213:O
0	hbbb	A:GLN:113:O	A:GLY:114:N
0	hbbb	A:LEU:25:O	A:THR:26:N
0	hbbb	A:ALA:194:O	A:VAL:197:N
0	hbbb	A:ARG:50:O	A:LEU:54:N
0	hbbb	A:ALA:149:O	A:ARG:150:N
0	hbbb	A:GLN:287:N	A:PRO:284:O
0	hbsb	A:ASN:272:N	A:ASP:270:OD1
0	hbbb	A:HIS:295:O	A:LEU:296:N
0	hbbb	A:TRP:167:N	A:TYR:168:N
0	hbbb	A:GLN:211:N	A:SER:207:O
0	hbbb	A:ASN:62:O	A:ILE:63:N
0	hbbb	A:LEU:108:O	A:LEU:111:N
0	hbbb	A:ALA:183:N	A:VAL:184:N
0	hbbb	A:HIS:295:N	A:PRO:294:O
0	hbbb	A:PHE:213:O	A:PHE:216:N
0	hbsb	A:GLN:110:OE1	A:ILE:141:N
0	hbbb	A:GLU:195:O	A:VAL:197:N
0	hbbb	A:ILE:63:O	A:LYS:65:N
0	hbbb	A:ASP:288:N	A:GLN:287:O
0	hbbb	A:ASP:185:O	A:SER:188:N
0	hbbb	A:ALA:170:O	A:ILE:173:N
0	hbbb	A:ALA:140:O	A:ILE:141:N
0	hbsb	A:ASP:145:OD1	A:GLY:147:N
0	hbbb	A:HIS:268:N	A:LEU:267:O
0	hbbb	A:ASP:92:O	A:SER:94:N
0	hbbb	A:ALA:149:N	A:PHE:146:O
0	hbbb	A:ARG:122:N	A:HIS:119:O
0	hbbb	A:ALA:194:O	A:THR:198:N
0	hbbb	A:PRO:155:N	A:VAL:154:N
0	hbbb	A:LEU:148:N	A:PHE:146:O
0	hbbb	A:ILE:49:O	A:SER:53:N
0	hbbb	A:LEU:175:N	A:PRO:171:O
0	hbbb	A:GLN:211:N	A:ILE:209:O
0	hbbb	A:MET:233:N	A:SER:232:O
0	hbbb	A:ARG:260:N	A:GLY:259:O
0	hbbb	A:ASP:247:N	A:GLN:246:O
0	hbbb	A:GLY:13:O	A:TYR:15:N
0	hbbb	A:GLN:246:N	A:THR:218:O
0	hbbb	A:LEU:54:O	A:LEU:58:N
0	hbsb	A:ARG:274:NH2	A:HIS:268:O
0	hbbb	A:ALA:48:O	A:GLU:51:N
0	hbbb	A:ARG:274:N	A:PRO:271:O
0	hbbb	A:GLU:195:O	A:THR:198:N
0	hbbb	A:ALA:93:O	A:ALA:95:N
0	hbbb	A:GLY:153:N	A:PHE:152:O
0	hbbb	A:MET:196:N	A:PHE:193:O
0	hbbb	A:THR:14:O	A:TYR:15:N
0	hbbb	A:PHE:80:N	A:VAL:79:O
0	hbbb	A:LEU:112:N	A:PHE:109:O
0	hbbb	A:ARG:214:O	A:THR:218:N
0	hbbb	A:ASP:145:O	A:GLY:147:N
0	hbbb	A:LEU:78:N	A:TYR:77:O
0	hbbb	A:GLU:73:N	A:THR:72:O
0	hbbb	A:GLN:110:N	A:LEU:108:O
0	hbss	A:ASN:132:ND2	A:ASP:127:OD2
0	hbsb	A:ASN:62:ND2	A:ILE:141:O
0	hbbb	A:GLY:27:O	A:VAL:29:N
0	hbbb	A:ASP:256:O	A:ASP:258:N
0	hbsb	A:ARG:260:O	A:SER:264:OG
0	hbbb	A:ARG:122:N	A:HIS:121:O
0	hbbb	A:LEU:263:N	A:SER:261:O
0	hbbb	A:GLY:153:O	A:VAL:154:N
0	hbbb	A:ASP:86:O	A:PHE:90:N
0	hbbb	A:GLN:110:N	A:PHE:109:O
0	hbss	A:ARG:274:NH1	A:GLU:172:OE2
0	hbsb	A:ASP:223:OD1	A:VAL:226:N
0	hbss	A:ARG:122:NH1	A:GLU:57:OE1
0	hbbb	A:ASP:210:N	A:ILE:209:O
0	hbbb	A:LEU:133:O	A:LEU:134:N
0	hbbb	A:GLN:211:O	A:ILE:215:N
0	hbbb	A:ALA:279:N	A:LYS:278:O
0	hbbb	A:ASP:247:O	A:PHE:248:N
0	hbbb	A:PHE:285:O	A:PHE:286:N
0	hbbb	A:ASP:235:N	A:PRO:234:O
0	hbss	A:ARG:274:NH1	A:GLU:172:OE1
0	hbsb	A:ASP:127:OD1	A:THR:165:N
0	hbbb	A:ASP:86:N	A:GLN:85:O
0	hbbb	A:ARG:274:N	A:LYS:273:O
0	hbbb	A:CYS:177:O	A:TYR:179:N
0	hbbb	A:PHE:248:O	A:SER:249:N
0	hbbb	A:GLY:259:O	A:LEU:262:N
0	hbbb	A:GLY:229:N	A:TRP:227:O
0	wb	A:ASP:86:OD2	A:GLN:131:O	A:HOH:2069:O
0	wb	A:GLU:195:OE2	A:LYS:88:NZ	A:HOH:2070:O
0	wb	A:ARG:199:O	A:LYS:88:NZ	A:HOH:2070:O
0	wb	A:ARG:199:O	A:GLU:195:OE2	A:HOH:2070:O
0	wb	A:GLU:195:OE2	A:LYS:88:NZ	A:HOH:2071:O
0	wb	A:LYS:88:NZ	A:TYR:168:OH	A:HOH:2071:O
0	wb	A:GLU:195:OE2	A:TYR:168:OH	A:HOH:2071:O
0	wb	A:ARG:199:NH1	A:VAL:197:O	A:HOH:2074:O
0	wb	A:ARG:199:NH1	A:MET:196:O	A:HOH:2074:O
0	wb	A:ARG:199:NH1	A:ILE:99:N	A:HOH:2074:O
0	wb	A:MET:196:O	A:VAL:197:O	A:HOH:2074:O
0	wb	A:ILE:99:N	A:VAL:197:O	A:HOH:2074:O
0	wb	A:ILE:99:N	A:MET:196:O	A:HOH:2074:O
0	wb2	A:ASP:288:O	A:THR:290:O	A:HOH:2185:O	A:HOH:2076:O
0	wb2	A:ASP:288:O	A:PRO:102:O	A:HOH:2185:O	A:HOH:2076:O
0	wb2	A:ASP:288:O	A:THR:290:OG1	A:HOH:2185:O	A:HOH:2076:O
0	wb2	A:ASP:288:O	A:THR:290:N	A:HOH:2185:O	A:HOH:2076:O
0	wb	A:PRO:102:O	A:THR:290:O	A:HOH:2076:O
0	wb	A:PRO:102:O	A:THR:290:OG1	A:HOH:2076:O
0	wb	A:PRO:102:O	A:THR:290:N	A:HOH:2076:O
0	wb2	A:ASP:288:O	A:LYS:105:NZ	A:HOH:2185:O	A:HOH:2077:O
0	wb	A:ASP:256:OD2	A:LYS:105:NZ	A:HOH:2078:O
0	wb	A:SER:106:OG	A:THR:290:O	A:HOH:2079:O
0	wb	A:GLY:139:O	A:PRO:292:N	A:HOH:2080:O
0	wb	A:PRO:292:N	A:SER:106:OG	A:HOH:2080:O
0	wb	A:GLY:139:O	A:PRO:292:O	A:HOH:2080:O
0	wb	A:PRO:292:O	A:SER:106:OG	A:HOH:2080:O
0	wb	A:GLY:139:O	A:SER:106:OG	A:HOH:2080:O
0	wb	A:ALA:140:N	A:TYR:107:OH	A:HOH:2081:O
0	wb	A:GLY:139:N	A:TYR:107:OH	A:HOH:2081:O
0	wb	A:ALA:140:O	A:TYR:107:OH	A:HOH:2081:O
0	wb	A:ASN:136:O	A:TYR:107:OH	A:HOH:2081:O
0	wb	A:ALA:140:N	A:GLY:139:N	A:HOH:2081:O
0	wb	A:ALA:140:N	A:ASN:136:O	A:HOH:2081:O
0	wb	A:ALA:140:O	A:GLY:139:N	A:HOH:2081:O
0	wb	A:ASN:136:O	A:GLY:139:N	A:HOH:2081:O
0	wb	A:ALA:140:O	A:ASN:136:O	A:HOH:2081:O
0	wb2	A:ALA:277:N	A:THR:182:OG1	A:HOH:2084:O	A:HOH:2126:O
0	wb2	A:HIS:119:ND1	A:THR:182:OG1	A:HOH:2084:O	A:HOH:2126:O
0	wb	A:ALA:277:N	A:HIS:119:ND1	A:HOH:2084:O
0	wb	A:ALA:149:N	A:LEU:148:N	A:HOH:2087:O
0	wb	A:ASP:145:O	A:LEU:148:N	A:HOH:2087:O
0	wb	A:HIS:125:O	A:LEU:148:N	A:HOH:2087:O
0	wb	A:ALA:149:N	A:ASP:145:O	A:HOH:2087:O
0	wb	A:ALA:149:N	A:HIS:125:O	A:HOH:2087:O
0	wb	A:ASP:145:O	A:HIS:125:O	A:HOH:2087:O
0	wb	A:ARG:126:O	A:VAL:164:N	A:HOH:2088:O
0	wb	A:ASP:127:N	A:LEU:128:N	A:HOH:2089:O
0	wb	A:LEU:128:N	A:SER:188:OG	A:HOH:2089:O
0	wb	A:ASP:185:OD1	A:LEU:128:N	A:HOH:2089:O
0	wb	A:ASP:127:N	A:SER:188:OG	A:HOH:2089:O
0	wb	A:ASP:127:N	A:ASP:185:OD1	A:HOH:2089:O
0	wb	A:ASP:185:OD1	A:SER:188:OG	A:HOH:2089:O
0	wb	A:ASP:127:OD1	A:LEU:128:O	A:HOH:2090:O
0	wb	A:LEU:128:O	A:THR:165:OG1	A:HOH:2090:O
0	wb	A:LEU:128:O	A:THR:165:N	A:HOH:2090:O
0	wb	A:ASP:127:OD1	A:THR:165:OG1	A:HOH:2090:O
0	wb	A:ASP:127:OD1	A:THR:165:N	A:HOH:2090:O
0	wb	A:GLU:138:OE1	A:LYS:291:NZ	A:HOH:2093:O
0	wb	A:GLU:138:O	A:LYS:291:NZ	A:HOH:2093:O
0	wb	A:ALA:151:O	A:ARG:150:NH1	A:HOH:2094:O
0	wb2	A:ALA:151:N	A:ARG:150:NH1	A:HOH:2095:O	A:HOH:2094:O
0	wb2	A:ALA:151:O	A:ARG:150:NH1	A:HOH:2096:O	A:HOH:2094:O
0	wb2	A:ALA:151:O	A:PHE:152:O	A:HOH:2096:O	A:HOH:2097:O
0	wb2	A:ALA:151:O	A:TYR:159:OH	A:HOH:2096:O	A:HOH:2099:O
0	wb2	A:ALA:151:O	A:ARG:157:NH1	A:HOH:2096:O	A:HOH:2099:O
0	wb2	A:ALA:151:O	A:GLY:153:N	A:HOH:2096:O	A:HOH:2099:O
0	wb2	A:PHE:152:O	A:VAL:154:N	A:HOH:2098:O	A:HOH:2100:O
0	wb2	A:PHE:152:O	A:VAL:154:O	A:HOH:2098:O	A:HOH:2100:O
0	wb	A:ARG:157:NH1	A:TYR:159:OH	A:HOH:2099:O
0	wb	A:GLY:153:N	A:TYR:159:OH	A:HOH:2099:O
0	wb2	A:PRO:155:O	A:TYR:159:OH	A:HOH:2101:O	A:HOH:2099:O
0	wb	A:ARG:157:NH1	A:GLY:153:N	A:HOH:2099:O
0	wb2	A:ARG:157:NH1	A:PRO:155:O	A:HOH:2099:O	A:HOH:2101:O
0	wb2	A:GLY:153:N	A:PRO:155:O	A:HOH:2099:O	A:HOH:2101:O
0	wb2	A:PRO:155:O	A:VAL:156:O	A:HOH:2102:O	A:HOH:2104:O
0	wb2	A:LYS:178:O	A:TYR:180:N	A:HOH:2110:O	A:HOH:2105:O
0	wb2	A:TYR:159:N	A:TYR:180:N	A:HOH:2110:O	A:HOH:2105:O
0	wb2	A:LYS:178:O	A:TYR:180:O	A:HOH:2110:O	A:HOH:2105:O
0	wb2	A:TYR:159:N	A:TYR:180:O	A:HOH:2110:O	A:HOH:2105:O
0	wb2	A:ARG:157:O	A:LYS:178:O	A:HOH:2105:O	A:HOH:2110:O
0	wb2	A:ARG:157:O	A:TYR:159:N	A:HOH:2105:O	A:HOH:2110:O
0	wb	A:ARG:157:O	A:TYR:180:N	A:HOH:2105:O
0	wb	A:ARG:157:O	A:TYR:180:O	A:HOH:2105:O
0	wb	A:ARG:157:NE	A:THR:158:O	A:HOH:2106:O
0	wb2	A:ARG:157:NH2	A:THR:158:O	A:HOH:2108:O	A:HOH:2106:O
0	wb2	A:LYS:178:O	A:TYR:159:O	A:HOH:2110:O	A:HOH:2111:O
0	wb	A:LYS:178:O	A:TYR:159:N	A:HOH:2110:O
0	wb2	A:HIS:161:ND1	A:TYR:159:O	A:HOH:2114:O	A:HOH:2111:O
0	wb2	A:GLU:162:O	A:TPO:160:O3P	A:HOH:2116:O	A:HOH:2112:O
0	wb	A:GLU:162:OE1	A:HIS:161:N	A:HOH:2113:O
0	wb2	A:ASP:235:OD2	A:GLU:208:OE1	A:HOH:2124:O	A:HOH:2115:O
0	wb2	A:GLU:208:OE1	A:LEU:174:O	A:HOH:2115:O	A:HOH:2124:O
0	wb2	A:GLU:208:OE1	A:GLY:176:N	A:HOH:2115:O	A:HOH:2124:O
0	wb2	A:ASP:235:OD2	A:GLU:208:OE2	A:HOH:2124:O	A:HOH:2115:O
0	wb2	A:GLU:208:OE2	A:LEU:174:O	A:HOH:2115:O	A:HOH:2124:O
0	wb2	A:GLU:208:OE2	A:GLY:176:N	A:HOH:2115:O	A:HOH:2124:O
0	wb2	A:ASP:235:OD2	A:HIS:161:NE2	A:HOH:2124:O	A:HOH:2115:O
0	wb2	A:HIS:161:NE2	A:LEU:174:O	A:HOH:2115:O	A:HOH:2124:O
0	wb2	A:GLY:176:N	A:HIS:161:NE2	A:HOH:2124:O	A:HOH:2115:O
0	wb	A:GLU:208:OE1	A:HIS:161:NE2	A:HOH:2115:O
0	wb	A:GLU:208:OE2	A:HIS:161:NE2	A:HOH:2115:O
0	wb	A:GLN:211:NE2	A:TRP:167:O	A:HOH:2118:O
0	wb	A:ARG:169:N	A:GLN:211:NE2	A:HOH:2118:O
0	wb	A:GLN:211:NE2	A:TRP:187:NE1	A:HOH:2118:O
0	wb	A:ARG:169:O	A:GLN:211:NE2	A:HOH:2118:O
0	wb	A:ARG:169:N	A:TRP:167:O	A:HOH:2118:O
0	wb	A:TRP:167:O	A:TRP:187:NE1	A:HOH:2118:O
0	wb	A:ARG:169:O	A:TRP:167:O	A:HOH:2118:O
0	wb	A:ARG:169:N	A:TRP:187:NE1	A:HOH:2118:O
0	wb	A:ARG:169:O	A:TRP:187:NE1	A:HOH:2118:O
0	wb	A:LEU:202:N	A:TRP:167:O	A:HOH:2119:O
0	wb2	A:CYS:191:O	A:LEU:202:N	A:HOH:2127:O	A:HOH:2119:O
0	wb2	A:GLU:195:OE1	A:LEU:202:N	A:HOH:2127:O	A:HOH:2119:O
0	wb	A:LEU:202:N	A:PHE:203:N	A:HOH:2119:O
0	wb2	A:CYS:191:O	A:TRP:167:O	A:HOH:2127:O	A:HOH:2119:O
0	wb2	A:LEU:202:N	A:TRP:167:O	A:HOH:2127:O	A:HOH:2119:O
0	wb2	A:GLU:195:OE1	A:TRP:167:O	A:HOH:2127:O	A:HOH:2119:O
0	wb	A:PHE:203:N	A:TRP:167:O	A:HOH:2119:O
0	wb2	A:CYS:191:O	A:PHE:203:N	A:HOH:2127:O	A:HOH:2119:O
0	wb2	A:LEU:202:N	A:PHE:203:N	A:HOH:2127:O	A:HOH:2119:O
0	wb2	A:GLU:195:OE1	A:PHE:203:N	A:HOH:2127:O	A:HOH:2119:O
0	wb	A:TYR:168:O	A:VAL:184:O	A:HOH:2120:O
0	wb	A:SER:188:OG	A:TYR:168:O	A:HOH:2120:O
0	wb	A:ALA:170:N	A:TYR:168:O	A:HOH:2120:O
0	wb	A:SER:188:OG	A:VAL:184:O	A:HOH:2120:O
0	wb	A:ALA:170:N	A:VAL:184:O	A:HOH:2120:O
0	wb	A:ALA:170:N	A:SER:188:OG	A:HOH:2120:O
0	wb	A:ARG:169:NH1	A:GLU:208:OE2	A:HOH:2121:O
0	wb	A:ARG:169:NH1	A:GLU:208:OE1	A:HOH:2122:O
0	wb2	A:GLU:172:OE2	A:TYR:179:O	A:HOH:2123:O	A:HOH:2125:O
0	wb	A:GLU:172:OE2	A:SER:181:N	A:HOH:2123:O
0	wb2	A:SER:181:N	A:TYR:179:O	A:HOH:2123:O	A:HOH:2125:O
0	wb	A:ASP:235:OD2	A:LEU:174:O	A:HOH:2124:O
0	wb	A:ASP:235:OD2	A:GLY:176:N	A:HOH:2124:O
0	wb	A:GLY:176:N	A:LEU:174:O	A:HOH:2124:O
0	wb2	A:ARG:274:O	A:THR:182:OG1	A:HOH:2179:O	A:HOH:2126:O
0	wb2	A:ILE:275:O	A:THR:182:OG1	A:HOH:2179:O	A:HOH:2126:O
0	wb	A:CYS:191:O	A:LEU:202:N	A:HOH:2127:O
0	wb	A:CYS:191:O	A:GLU:195:OE1	A:HOH:2127:O
0	wb	A:GLU:195:OE1	A:LEU:202:N	A:HOH:2127:O
0	wb	A:ARG:200:O	A:LEU:202:N	A:HOH:2128:O
0	wb	A:LEU:202:N	A:THR:198:OG1	A:HOH:2128:O
0	wb	A:ARG:200:O	A:THR:198:OG1	A:HOH:2128:O
0	wb2	A:ARG:214:O	A:LEU:202:O	A:HOH:2135:O	A:HOH:2131:O
0	wb2	A:LEU:202:O	A:THR:218:OG1	A:HOH:2131:O	A:HOH:2135:O
0	wb2	A:ARG:214:NH1	A:THR:218:OG1	A:HOH:2131:O	A:HOH:2135:O
0	wb	A:ARG:214:NH1	A:LEU:202:O	A:HOH:2131:O
0	wb	A:ARG:214:O	A:THR:218:OG1	A:HOH:2135:O
0	wb	A:ALA:244:O	A:ARG:217:O	A:HOH:2136:O
0	wb2	A:LEU:219:O	A:THR:221:O	A:HOH:2138:O	A:HOH:2139:O
0	wb	A:GLU:224:OE2	A:SER:232:OG	A:HOH:2144:O
0	wb	A:GLU:224:OE1	A:SER:232:OG	A:HOH:2144:O
0	wb2	A:ASP:270:OD1	A:TRP:227:NE1	A:HOH:2172:O	A:HOH:2145:O
0	wb2	A:ASN:272:OD1	A:TRP:227:NE1	A:HOH:2172:O	A:HOH:2145:O
0	wb	A:LYS:237:NZ	A:SER:239:N	A:HOH:2148:O
0	wb	A:LYS:237:NZ	A:SER:239:OG	A:HOH:2148:O
0	wb2	A:PHE:240:O	A:PRO:238:O	A:HOH:2149:O	A:HOH:2150:O
0	wb2	A:PHE:240:O	A:SER:239:O	A:HOH:2149:O	A:HOH:2152:O
0	wb	A:LYS:242:NZ	A:PHE:240:O	A:HOH:2149:O
0	wb2	A:LYS:242:NZ	A:PRO:238:O	A:HOH:2149:O	A:HOH:2150:O
0	wb2	A:LYS:242:NZ	A:SER:239:O	A:HOH:2149:O	A:HOH:2152:O
0	wb2	A:ARG:245:NH1	A:LEU:267:O	A:HOH:2158:O	A:HOH:2157:O
0	wb2	A:ARG:245:NH2	A:LEU:267:O	A:HOH:2158:O	A:HOH:2157:O
0	wb2	A:LEU:267:O	A:SER:264:O	A:HOH:2157:O	A:HOH:2158:O
0	wb2	A:ARG:245:NH1	A:SER:264:O	A:HOH:2157:O	A:HOH:2158:O
0	wb	A:ARG:245:NH1	A:LEU:267:O	A:HOH:2157:O
0	wb2	A:LEU:267:O	A:TYR:269:N	A:HOH:2157:O	A:HOH:2171:O
0	wb2	A:HIS:268:ND1	A:LEU:267:O	A:HOH:2171:O	A:HOH:2157:O
0	wb2	A:ARG:245:NH1	A:TYR:269:N	A:HOH:2157:O	A:HOH:2171:O
0	wb2	A:ARG:245:NH1	A:HIS:268:ND1	A:HOH:2157:O	A:HOH:2171:O
0	wb	A:ARG:245:NH1	A:SER:264:O	A:HOH:2158:O
0	wb	A:ARG:245:NH2	A:SER:264:O	A:HOH:2158:O
0	wb	A:ASP:247:OD2	A:SER:249:OG	A:HOH:2160:O
0	wb	A:ASP:256:OD1	A:ASP:258:OD2	A:HOH:2163:O
0	wb	A:ASP:256:OD1	A:ASP:258:N	A:HOH:2163:O
0	wb	A:GLU:257:O	A:SER:261:N	A:HOH:2165:O
0	wb	A:ASP:258:OD1	A:SER:261:OG	A:HOH:2167:O
0	wb2	A:ALA:279:O	A:GLN:265:NE2	A:HOH:2183:O	A:HOH:2170:O
0	wb	A:HIS:268:ND1	A:TYR:269:N	A:HOH:2171:O
0	wb	A:ASN:3:ND2	A:SER:0:OG	A:HOH:2001:O
0	wb	A:ASN:272:OD1	A:ASP:270:OD1	A:HOH:2172:O
0	wb2	A:ARG:274:O	A:PRO:271:O	A:HOH:2180:O	A:HOH:2174:O
0	wb2	A:ASN:272:O	A:PRO:271:O	A:HOH:2175:O	A:HOH:2174:O
0	wb2	A:ARG:274:O	A:ASN:272:O	A:HOH:2174:O	A:HOH:2175:O
0	wb	A:ARG:274:O	A:PRO:271:O	A:HOH:2174:O
0	wb2	A:ARG:274:O	A:PRO:271:O	A:HOH:2179:O	A:HOH:2174:O
0	wb2	A:ILE:275:O	A:PRO:271:O	A:HOH:2179:O	A:HOH:2174:O
0	wb2	A:ARG:274:O	A:ILE:275:O	A:HOH:2174:O	A:HOH:2179:O
0	wb2	A:ARG:274:O	A:ASN:272:O	A:HOH:2180:O	A:HOH:2175:O
0	wb2	A:ARG:274:O	A:ASN:272:O	A:HOH:2180:O	A:HOH:2176:O
0	wb2	A:ASN:272:O	A:LYS:273:O	A:HOH:2176:O	A:HOH:2178:O
0	wb	A:GLU:12:OE2	A:LYS:9:NZ	A:HOH:2007:O
0	wb2	A:LYS:273:O	A:SER:276:N	A:HOH:2178:O	A:HOH:2181:O
0	wb	A:LYS:33:NZ	A:TYR:15:N	A:HOH:2008:O
0	wb	A:THR:14:N	A:TYR:15:N	A:HOH:2008:O
0	wb	A:ASP:145:OD1	A:TYR:15:N	A:HOH:2008:O
0	wb	A:LYS:33:NZ	A:THR:14:N	A:HOH:2008:O
0	wb	A:ASP:145:OD1	A:LYS:33:NZ	A:HOH:2008:O
0	wb	A:ASP:145:OD1	A:THR:14:N	A:HOH:2008:O
0	wb	A:ARG:274:O	A:ILE:275:O	A:HOH:2179:O
0	wb	A:ASP:145:OD1	A:THR:14:OG1	A:HOH:2009:O
0	wb2	A:LEU:148:N	A:THR:14:OG1	A:HOH:2087:O	A:HOH:2009:O
0	wb2	A:ALA:149:N	A:THR:14:OG1	A:HOH:2087:O	A:HOH:2009:O
0	wb2	A:ASP:145:O	A:THR:14:OG1	A:HOH:2087:O	A:HOH:2009:O
0	wb2	A:HIS:125:O	A:THR:14:OG1	A:HOH:2087:O	A:HOH:2009:O
0	wb	A:ASP:127:OD2	A:THR:14:OG1	A:HOH:2009:O
0	wb	A:ASP:145:O	A:THR:14:OG1	A:HOH:2009:O
0	wb2	A:ASP:145:OD1	A:LEU:148:N	A:HOH:2009:O	A:HOH:2087:O
0	wb2	A:ALA:149:N	A:ASP:145:OD1	A:HOH:2087:O	A:HOH:2009:O
0	wb2	A:ASP:145:OD1	A:HIS:125:O	A:HOH:2009:O	A:HOH:2087:O
0	wb	A:ASP:127:OD2	A:ASP:145:OD1	A:HOH:2009:O
0	wb2	A:ASP:127:OD2	A:LEU:148:N	A:HOH:2009:O	A:HOH:2087:O
0	wb2	A:ALA:149:N	A:ASP:127:OD2	A:HOH:2087:O	A:HOH:2009:O
0	wb2	A:ASP:127:OD2	A:ASP:145:O	A:HOH:2009:O	A:HOH:2087:O
0	wb2	A:ASP:127:OD2	A:HIS:125:O	A:HOH:2009:O	A:HOH:2087:O
0	wb2	A:ASP:145:O	A:LEU:148:N	A:HOH:2009:O	A:HOH:2087:O
0	wb2	A:ALA:149:N	A:ASP:145:O	A:HOH:2087:O	A:HOH:2009:O
0	wb2	A:ASP:145:O	A:HIS:125:O	A:HOH:2009:O	A:HOH:2087:O
0	wb	A:ASP:127:OD2	A:ASP:145:O	A:HOH:2009:O
0	wb2	A:ARG:274:O	A:SER:276:N	A:HOH:2180:O	A:HOH:2181:O
0	wb	A:ASP:145:OD2	A:THR:14:OG1	A:HOH:2010:O
0	wb	A:ASN:132:OD1	A:THR:14:OG1	A:HOH:2010:O
0	wb	A:ASN:132:OD1	A:ASP:145:OD2	A:HOH:2010:O
0	wb	A:HIS:283:O	A:LEU:281:O	A:HOH:2184:O
0	wb	A:ASN:23:ND2	A:GLU:28:OE1	A:HOH:2020:O
0	wb	A:GLU:28:OE1	A:THR:26:OG1	A:HOH:2022:O
0	wb2	A:GLU:28:OE2	A:LYS:65:NZ	A:HOH:2024:O	A:HOH:2058:O
0	wb2	A:GLU:28:OE1	A:LYS:65:NZ	A:HOH:2024:O	A:HOH:2058:O
0	wb2	A:GLU:28:OE2	A:PHE:82:N	A:HOH:2025:O	A:HOH:2027:O
0	wb2	A:GLU:28:OE2	A:VAL:29:O	A:HOH:2025:O	A:HOH:2027:O
0	wb	A:PHE:82:N	A:VAL:29:O	A:HOH:2027:O
0	wb	A:SER:46:OG	A:THR:47:N	A:HOH:2032:O
0	wb2	A:SER:46:OG	A:THR:47:N	A:HOH:2034:O	A:HOH:2032:O
0	wb	A:SER:46:N	A:THR:47:N	A:HOH:2032:O
0	wb	A:SER:46:OG	A:THR:47:OG1	A:HOH:2032:O
0	wb2	A:SER:46:OG	A:THR:47:OG1	A:HOH:2034:O	A:HOH:2032:O
0	wb	A:SER:46:N	A:THR:47:OG1	A:HOH:2032:O
0	wb2	A:ARG:50:NH2	A:SER:46:OG	A:HOH:2038:O	A:HOH:2033:O
0	wb2	A:SER:46:OG	A:TPO:160:O1P	A:HOH:2033:O	A:HOH:2037:O
0	wb2	A:ARG:50:NH2	A:SER:46:OG	A:HOH:2037:O	A:HOH:2033:O
0	wb	A:ALA:149:N	A:GLY:147:O	A:HOH:2036:O
0	wb	A:ALA:149:N	A:LEU:148:O	A:HOH:2036:O
0	wb	A:ALA:149:N	A:ARG:50:NH1	A:HOH:2036:O
0	wb	A:ALA:149:O	A:GLY:147:O	A:HOH:2036:O
0	wb	A:ALA:149:O	A:LEU:148:O	A:HOH:2036:O
0	wb	A:ALA:149:O	A:ARG:50:NH1	A:HOH:2036:O
0	wb	A:GLY:147:O	A:LEU:148:O	A:HOH:2036:O
0	wb	A:ARG:50:NH1	A:GLY:147:O	A:HOH:2036:O
0	wb	A:ARG:50:NH1	A:LEU:148:O	A:HOH:2036:O
0	wb2	A:ARG:50:NH2	A:TPO:160:O1P	A:HOH:2038:O	A:HOH:2037:O
0	wb	A:ARG:50:NH2	A:TPO:160:O1P	A:HOH:2037:O
0	lwb	A:ASP:145:N	A:T6Q:1299:N32	A:HOH:2039:O
0	wb	A:GLU:57:OE2	A:SER:53:O	A:HOH:2040:O
0	wb2	A:GLU:57:OE2	A:SER:53:O	A:HOH:2040:O	A:HOH:2041:O
0	wb	A:LEU:58:O	A:VAL:64:O	A:HOH:2044:O
0	wb2	A:HIS:60:O	A:LEU:58:O	A:HOH:2049:O	A:HOH:2044:O
0	wb2	A:ILE:63:O	A:LEU:58:O	A:HOH:2049:O	A:HOH:2044:O
0	wb2	A:HIS:60:N	A:LEU:58:O	A:HOH:2049:O	A:HOH:2044:O
0	wb	A:LEU:58:O	A:LEU:66:N	A:HOH:2044:O
0	wb	A:LEU:55:O	A:LEU:58:O	A:HOH:2044:O
0	wb2	A:ASN:59:ND2	A:LEU:58:O	A:HOH:2052:O	A:HOH:2044:O
0	wb2	A:LEU:58:O	A:LEU:66:O	A:HOH:2044:O	A:HOH:2052:O
0	wb2	A:HIS:60:O	A:VAL:64:O	A:HOH:2049:O	A:HOH:2044:O
0	wb2	A:ILE:63:O	A:VAL:64:O	A:HOH:2049:O	A:HOH:2044:O
0	wb2	A:HIS:60:N	A:VAL:64:O	A:HOH:2049:O	A:HOH:2044:O
0	wb2	A:LEU:58:O	A:VAL:64:O	A:HOH:2049:O	A:HOH:2044:O
0	wb	A:LEU:66:N	A:VAL:64:O	A:HOH:2044:O
0	wb	A:LEU:55:O	A:VAL:64:O	A:HOH:2044:O
0	wb2	A:ASN:59:ND2	A:VAL:64:O	A:HOH:2052:O	A:HOH:2044:O
0	wb2	A:LEU:66:O	A:VAL:64:O	A:HOH:2052:O	A:HOH:2044:O
0	wb2	A:HIS:60:O	A:LEU:66:N	A:HOH:2049:O	A:HOH:2044:O
0	wb2	A:ILE:63:O	A:LEU:66:N	A:HOH:2049:O	A:HOH:2044:O
0	wb2	A:HIS:60:N	A:LEU:66:N	A:HOH:2049:O	A:HOH:2044:O
0	wb2	A:LEU:58:O	A:LEU:66:N	A:HOH:2049:O	A:HOH:2044:O
0	wb2	A:HIS:60:O	A:LEU:55:O	A:HOH:2049:O	A:HOH:2044:O
0	wb2	A:ILE:63:O	A:LEU:55:O	A:HOH:2049:O	A:HOH:2044:O
0	wb2	A:HIS:60:N	A:LEU:55:O	A:HOH:2049:O	A:HOH:2044:O
0	wb2	A:LEU:55:O	A:LEU:58:O	A:HOH:2044:O	A:HOH:2049:O
0	wb	A:LEU:55:O	A:LEU:66:N	A:HOH:2044:O
0	wb2	A:ASN:59:ND2	A:LEU:66:N	A:HOH:2052:O	A:HOH:2044:O
0	wb2	A:ASN:59:ND2	A:LEU:55:O	A:HOH:2052:O	A:HOH:2044:O
0	wb2	A:LEU:55:O	A:LEU:66:O	A:HOH:2044:O	A:HOH:2052:O
0	wb2	A:ASN:59:OD1	A:LEU:66:O	A:HOH:2045:O	A:HOH:2052:O
0	wb2	A:ASN:59:ND2	A:LYS:56:O	A:HOH:2052:O	A:HOH:2045:O
0	wb2	A:LEU:66:O	A:LYS:56:O	A:HOH:2052:O	A:HOH:2045:O
0	wb	A:ASN:59:OD1	A:LYS:56:O	A:HOH:2045:O
0	wb	A:ASN:59:N	A:GLU:57:O	A:HOH:2047:O
0	wb	A:HIS:60:O	A:ILE:63:O	A:HOH:2049:O
0	wb	A:HIS:60:O	A:LEU:58:O	A:HOH:2049:O
0	wb	A:HIS:60:N	A:ILE:63:O	A:HOH:2049:O
0	wb	A:ILE:63:O	A:LEU:58:O	A:HOH:2049:O
0	wb	A:HIS:60:N	A:LEU:58:O	A:HOH:2049:O
0	wb	A:ASN:59:ND2	A:LEU:66:O	A:HOH:2052:O
0	wb	A:GLU:81:OE2	A:HIS:60:O	A:HOH:2053:O
0	wb	A:HIS:60:O	A:ILE:63:O	A:HOH:2053:O
0	wb	A:HIS:60:O	A:LYS:142:NZ	A:HOH:2053:O
0	wb	A:GLU:81:OE2	A:ILE:63:O	A:HOH:2053:O
0	wb	A:GLU:81:OE2	A:LYS:142:NZ	A:HOH:2053:O
0	wb	A:ILE:63:O	A:LYS:142:NZ	A:HOH:2053:O
0	wb2	A:GLN:113:O	A:HIS:60:NE2	A:HOH:2082:O	A:HOH:2054:O
0	wb	A:ASN:62:ND2	A:GLN:113:OE1	A:HOH:2057:O
0	wb	A:ASN:62:OD1	A:GLN:113:OE1	A:HOH:2057:O
0	wb2	A:ASP:68:OD1	A:VAL:69:O	A:HOH:2062:O	A:HOH:2061:O
0	wb	A:ASP:68:OD1	A:VAL:69:O	A:HOH:2061:O
0	wb	A:GLU:73:O	A:HIS:71:NE2	A:HOH:2065:O
0	hp	A:LEU:124:CD2	A:PHE:152:CE1
0	hp	A:LEU:124:CD2	A:PHE:152:CD1
0	hp	A:LEU:124:CG	A:PHE:152:CD1
0	hp	A:ALA:116:CB	A:ALA:277:CB
0	hp	A:ILE:63:CD1	A:PHE:117:CD2
0	hp	A:LEU:58:CD1	A:PHE:146:CE2
0	hp	A:ILE:52:CG1	A:LEU:78:CD1
0	hp	A:ILE:52:CG1	A:LEU:78:CD2
0	hp	A:ILE:52:CD1	A:LEU:78:CD2
0	hp	A:LEU:78:CD2	A:VAL:69:CG1
0	hp	A:ILE:49:CG1	A:VAL:44:CG1
0	hp	A:ALA:280:CB	A:ILE:275:CD1
0	hp	A:ALA:280:CB	A:LEU:112:CD1
0	hp	A:LEU:112:CB	A:LEU:281:CD2
0	hp	A:LEU:281:CD2	A:PHE:109:CE1
0	hp	A:ALA:277:CB	A:ILE:186:CD1
0	hp	A:ALA:183:CB	A:PRO:271:CB
0	hp	A:LEU:115:CD2	A:LEU:189:CD1
0	hp	A:ILE:186:CD1	A:LEU:115:CD2
0	hp	A:ILE:173:CD1	A:VAL:184:CG1
0	hp	A:ILE:63:CG2	A:LEU:55:CD1
0	hp	A:LEU:55:CD1	A:PHE:146:CE1
0	hp	A:LEU:55:CD1	A:PHE:146:CD1
0	hp	A:LEU:55:CD2	A:PHE:80:CE1
0	hp	A:ALA:48:CB	A:ILE:35:CD1
0	hp	A:ILE:70:CD1	A:PHE:4:CE2
0	hp	A:PHE:109:CD1	A:PHE:286:CB
0	hp	A:PHE:109:CD1	A:PHE:286:CG
0	hp	A:PHE:109:CD1	A:PHE:286:CD2
0	hp	A:PHE:109:CD1	A:PHE:286:CD1
0	hp	A:LEU:112:CD1	A:PHE:286:CE2
0	hp	A:LEU:112:CD1	A:PHE:286:CZ
0	hp	A:LEU:108:CD2	A:PHE:286:CZ
0	hp	A:LEU:262:CD2	A:PHE:286:CE2
0	hp	A:LEU:262:CD2	A:PHE:286:CZ
0	hp	A:LEU:108:CG	A:PHE:286:CZ
0	hp	A:PHE:109:CB	A:PHE:286:CD1
0	hp	A:PHE:109:CB	A:PHE:286:CE1
0	hp	A:LEU:112:CD2	A:LEU:189:CD1
0	hp	A:LEU:175:CD1	A:TRP:227:CZ3
0	hp	A:ALA:170:CB	A:TRP:187:CB
0	hp	A:ALA:170:CB	A:TRP:187:CG
0	hp	A:LEU:111:CD2	A:LEU:143:CD2
0	hp	A:LEU:133:CD2	A:LEU:143:CD2
0	hp	A:ILE:173:CD1	A:VAL:164:CG2
0	hp	A:LEU:83:CD1	A:VAL:64:CG2
0	hplp	A:PHE:80:CD2	A:T6Q:1299:C06
0	hplp	A:PHE:80:CE2	A:T6Q:1299:C06
0	hp	A:PHE:4:CD1	A:VAL:30:CG2
0	hp	A:PHE:4:CE1	A:VAL:30:CG2
0	hp	A:LEU:32:CD2	A:VAL:79:CG2
0	hp	A:LEU:108:CD2	A:LEU:262:CD2
0	hp	A:LEU:108:CD2	A:PHE:193:CG
0	hp	A:LEU:108:CD2	A:PHE:193:CD1
0	hp	A:LEU:108:CD2	A:PHE:193:CD2
0	hp	A:LEU:108:CD2	A:PHE:193:CE2
0	hp	A:PHE:216:CE1	A:PRO:222:CG
0	hp	A:LEU:267:CD2	A:TRP:187:CD2
0	hp	A:PRO:171:CG	A:TRP:187:CZ3
0	hp	A:ILE:215:CG2	A:TRP:187:CZ2
0	hp	A:ILE:215:CG2	A:TRP:187:CH2
0	hp	A:LEU:219:CD1	A:TRP:187:CH2
0	hp	A:LEU:175:CD2	A:LEU:212:CD1
0	hp	A:LEU:175:CD2	A:PHE:240:CE2
0	hp	A:ILE:135:CG2	A:ILE:141:CB
0	hp	A:ILE:135:CG2	A:ILE:141:CG1
0	hp	A:LEU:111:CD2	A:LEU:133:CD2
0	hp	A:LEU:111:CD2	A:LEU:133:CD1
0	hp	A:ILE:192:CD1	A:LEU:133:CD1
0	hp	A:LEU:174:CB	A:LEU:212:CG
0	hp	A:LEU:174:CB	A:LEU:212:CD2
0	hp	A:ALA:144:CB	A:LEU:134:CD1
0	hplp	A:LEU:134:CD1	A:T6Q:1299:C30
0	hp	A:ALA:144:CB	A:LEU:134:CG
0	hp	A:PHE:82:CB	A:VAL:29:CG1
0	hplp	A:ALA:31:CB	A:T6Q:1299:C30
0	hp	A:ALA:21:CB	A:LEU:32:CD1
0	hp	A:PHE:193:CZ	A:PHE:285:CE2
0	hp	A:PHE:193:CZ	A:PHE:285:CZ
0	hp	A:LEU:219:CD2	A:PHE:248:CZ
0	hp	A:LEU:255:CD2	A:PHE:193:CZ
0	hp	A:LEU:263:CD2	A:VAL:252:CG2
0	hp	A:LEU:263:CG	A:PHE:248:CE2
0	hp	A:LEU:263:CD2	A:PHE:248:CD2
0	hp	A:LEU:263:CD2	A:PHE:248:CE2
0	hp	A:LEU:202:CD2	A:LEU:267:CD1
0	hp	A:PHE:216:CE2	A:PHE:240:CD2
0	hp	A:PHE:216:CE2	A:PHE:240:CG
0	hp	A:PHE:213:CE1	A:PHE:240:CD1
0	hp	A:ILE:215:CD1	A:LEU:174:CD1
0	hp	A:LEU:212:CD1	A:PHE:240:CZ
0	hp	A:ILE:209:CD1	A:PHE:240:CE1
0	hp	A:ILE:135:CG2	A:ILE:141:CD1
0	hp	A:LEU:134:CB	A:LEU:83:CB
0	hp	A:PHE:82:CG	A:VAL:29:CG1
0	hp	A:PHE:82:CD2	A:VAL:29:CG1
0	hp	A:ILE:10:CD1	A:PHE:82:CE1
0	hplp	A:PHE:82:CZ	A:T6Q:1299:C23
0	hp	A:LEU:255:CD1	A:VAL:197:CG2
0	hp	A:ALA:194:CB	A:VAL:252:CG2
0	hp	A:LEU:202:CD1	A:VAL:251:CG1
0	hp	A:PHE:216:CB	A:TRP:243:CE3
0	hp	A:PHE:216:CB	A:TRP:243:CZ3
0	hp	A:PHE:213:CD1	A:TRP:243:CZ3
0	hp	A:ILE:104:CG1	A:ILE:99:CB
0	hp	A:ILE:104:CG1	A:ILE:99:CG2
0	hp	A:ALA:194:CB	A:LEU:202:CD2
0	hp	A:PHE:213:CG	A:TRP:243:CH2
0	hp	A:LEU:103:CD2	A:PHE:90:CZ
0	hp	A:LEU:103:CD2	A:PHE:90:CE2
0	hp	A:ILE:135:CD1	A:PHE:90:CD1
0	hp	A:ILE:135:CD1	A:PHE:90:CB
0	hp	A:ILE:135:CD1	A:PHE:90:CG
0	hp	A:VAL:197:CB	A:VAL:252:CG1
0	hp	A:VAL:197:CG1	A:VAL:252:CG1
0	hp	A:PRO:254:CG	A:VAL:197:CG1
0	hp	A:ALA:201:CB	A:TRP:167:CE3
0	hp	A:ALA:201:CB	A:TRP:167:CZ3
0	hp	A:LEU:298:CD2	A:PHE:90:CD1
0	hp	A:PRO:204:CB	A:TRP:167:CZ2
