# total_frames:1 beg:0 end:0 stride:1 interaction_types:hp,sb,pc,ps,ts,vdw,hb
# Columns: frame, interaction_type, atom_1, atom_2[, atom_3[, atom_4]]
0	sb	A:ASP:479:OD1	A:LYS:485:NZ
0	sb	A:ARG:666:NH1	A:GLU:592:OE1
0	sb	A:ARG:666:NH2	A:GLU:592:OE2
0	sb	A:ARG:550:NH1	A:ASP:604:OD2
0	sb	A:GLU:500:OE1	A:LYS:561:NZ
0	sb	A:ARG:508:NH1	A:GLU:614:OE1
0	sb	A:ARG:550:NH2	A:ASP:604:OD1
0	sb	A:ASP:564:OD1	A:LYS:454:NZ
0	sb	A:ARG:550:NH2	A:ASP:604:OD2
0	sb	A:ARG:666:NH1	A:GLU:592:OE2
0	sb	A:GLU:500:OE2	A:LYS:561:NZ
0	sb	A:ARG:666:NH2	A:GLU:592:OE1
0	sb	A:ARG:508:NH2	A:GLU:614:OE1
0	sb	A:ARG:476:NH1	A:ASP:414:OD1
0	sb	A:ASP:564:OD2	A:LYS:454:NZ
0	sb	A:GLU:471:OE1	A:LYS:454:NZ
0	pc	A:ARG:666:NH1	A:TRP:606:CD2
0	pc	A:HIS:480:ND1	A:TYR:536:CE1
0	pc	A:ARG:514:NH1	A:PHE:510:CE1
0	pc	A:ARG:476:NH2	A:TYR:415:CE1
0	pc	A:ARG:514:NH2	A:PHE:510:CE1
0	pc	A:ARG:419:NH1	A:TRP:496:CD2
0	pc	A:ARG:419:NH2	A:TRP:496:CD2
0	pc	A:LYS:540:NZ	A:TYR:536:CE1
0	pc	A:HIS:480:NE2	A:TYR:536:CE1
0	pc	A:HIS:618:CD2	A:LYS:515:NZ
0	pc	A:ARG:598:NH1	A:PHE:596:CE1
0	ts	A:PHE:478:CE1	A:PHE:542:CE1
0	vdw	A:HOH:832:O	A:SER:539:O
0	vdw	A:ARG:541:CD	A:HOH:976:O
0	vdw	A:ARG:541:NE	A:HOH:976:O
0	vdw	A:ASP:414:OD2	A:HOH:1038:O
0	vdw	A:LEU:473:CD2	A:SER:410:CA
0	vdw	A:HOH:927:O	A:HOH:985:O
0	vdw	A:ARG:668:NE	A:HOH:985:O
0	vdw	A:HOH:1007:O	A:SER:539:CB
0	vdw	A:HOH:1007:O	A:HOH:974:O
0	vdw	A:HOH:1007:O	A:HOH:975:O
0	vdw	A:GLU:538:O	A:HOH:831:O
0	vdw	A:HOH:974:O	A:SER:539:N
0	vdw	A:ARG:541:CA	A:HOH:831:O
0	vdw	A:HOH:831:O	A:HOH:896:O
0	vdw	A:HOH:830:O	A:HOH:896:O
0	vdw	A:ARG:541:CA	A:HOH:895:O
0	vdw	A:ARG:541:CB	A:HOH:895:O
0	vdw	A:HOH:842:O	A:HOH:896:O
0	vdw	A:ARG:541:C	A:HOH:895:O
0	vdw	A:ARG:541:O	A:HOH:895:O
0	vdw	A:ARG:541:O	A:HOH:944:O
0	vdw	A:LEU:537:O	A:PHE:542:N
0	vdw	A:HOH:895:O	A:VAL:543:CG2
0	vdw	A:HOH:944:O	A:PHE:542:CA
0	vdw	A:HOH:944:O	A:PHE:542:C
0	vdw	A:HOH:944:O	A:VAL:543:N
0	vdw	A:ARG:476:NH1	A:ASP:414:OD1
0	vdw	A:ARG:476:CZ	A:HOH:1021:O
0	vdw	A:ARG:476:NH1	A:HOH:1021:O
0	vdw	A:ARG:476:CZ	A:TYR:415:CD2
0	vdw	A:ARG:476:NH1	A:TYR:415:CD2
0	vdw	A:ARG:476:CZ	A:TYR:415:CG
0	vdw	A:ARG:476:CG	A:HOH:1022:O
0	vdw	A:ARG:476:NE	A:HOH:1022:O
0	vdw	A:ARG:476:CG	A:TYR:415:CE2
0	vdw	A:ARG:476:NE	A:TYR:415:CD2
0	vdw	A:ARG:476:NE	A:TYR:415:CE2
0	vdw	A:ARG:476:CG	A:TYR:415:CZ
0	vdw	A:HOH:1013:O	A:TYR:415:OH
0	vdw	A:HOH:1014:O	A:LEU:473:O
0	vdw	A:HOH:1013:O	A:TYR:415:CZ
0	vdw	A:GLN:470:OE1	A:HOH:812:O
0	vdw	A:ASP:414:N	A:HOH:1038:O
0	vdw	A:ASP:414:CG	A:HOH:1038:O
0	vdw	A:ASP:414:OD1	A:HOH:1038:O
0	vdw	A:ASP:414:O	A:HOH:950:O
0	vdw	A:HOH:1038:O	A:SER:411:O
0	vdw	A:HOH:1038:O	A:SER:411:C
0	vdw	A:HOH:1038:O	A:THR:412:C
0	vdw	A:ARG:413:N	A:HOH:1038:O
0	vdw	A:HOH:1013:O	A:SER:411:O
0	vdw	A:HOH:1013:O	A:TYR:415:CE2
0	vdw	A:ARG:476:CD	A:TYR:415:CD2
0	vdw	A:ARG:476:CD	A:TYR:415:CE2
0	vdw	A:LEU:473:CD2	A:TYR:415:OH
0	vdw	A:GLN:470:NE2	A:HOH:811:O
0	vdw	A:GLU:466:OE1	A:HOH:811:O
0	vdw	A:HOH:811:O	A:HOH:961:O
0	vdw	A:GLN:470:CD	A:HOH:811:O
0	vdw	A:ARG:413:CA	A:HOH:949:O
0	vdw	A:HOH:949:O	A:THR:412:OG1
0	vdw	A:GLU:416:OE2	A:HOH:949:O
0	vdw	A:GLU:416:CD	A:HOH:949:O
0	vdw	A:GLU:416:CB	A:HOH:949:O
0	vdw	A:ASP:462:OD2	A:HOH:892:O
0	vdw	A:GLU:466:OE2	A:HOH:892:O
0	vdw	A:HOH:925:O	A:HOH:941:O
0	vdw	A:HOH:941:O	A:SER:664:O
0	vdw	A:HOH:996:O	A:SER:664:CB
0	vdw	A:ARG:665:CG	A:HOH:996:O
0	vdw	A:HOH:996:O	A:SER:664:OG
0	vdw	A:HOH:865:O	A:THR:670:OG1
0	vdw	A:HOH:865:O	A:THR:670:C
0	vdw	A:HOH:865:O	A:THR:670:CG2
0	vdw	A:HOH:865:O	A:THR:670:O
0	vdw	A:HOH:864:O	A:THR:670:CG2
0	vdw	A:GLU:671:CB	A:HOH:864:O
0	vdw	A:HOH:863:O	A:HOH:927:O
0	vdw	A:ARG:668:CB	A:HOH:863:O
0	vdw	A:ARG:668:CG	A:HOH:863:O
0	vdw	A:ARG:668:N	A:HOH:863:O
0	vdw	A:GLU:671:CB	A:HOH:863:O
0	vdw	A:GLU:671:CD	A:HOH:863:O
0	vdw	A:GLU:671:OE1	A:HOH:863:O
0	vdw	A:ARG:666:C	A:HOH:925:O
0	vdw	A:ARG:666:O	A:HOH:925:O
0	vdw	A:HOH:1033:O	A:SER:664:CA
0	vdw	A:ASP:662:OD1	A:HOH:993:O
0	vdw	A:HOH:993:O	A:SER:664:OG
0	vdw	A:ASP:662:OD2	A:HOH:862:O
0	vdw	A:ASP:662:CG	A:HOH:993:O
0	vdw	A:HOH:827:O	A:LYS:673:NZ
0	vdw	A:HOH:975:O	A:THR:670:OG1
0	vdw	A:HOH:1006:O	A:HOH:975:O
0	vdw	A:GLU:538:OE2	A:THR:670:N
0	vdw	A:HOH:974:O	A:THR:670:OG1
0	vdw	A:ARG:668:CD	A:HOH:897:O
0	vdw	A:HOH:843:O	A:HOH:898:O
0	vdw	A:HOH:898:O	A:PRO:663:O
0	vdw	A:ARG:666:C	A:HOH:898:O
0	vdw	A:ARG:666:O	A:HOH:898:O
0	vdw	A:HOH:1033:O	A:SER:664:N
0	vdw	A:HOH:1033:O	A:PRO:663:C
0	vdw	A:HOH:862:O	A:HOH:940:O
0	vdw	A:HOH:922:O	A:HOH:940:O
0	vdw	A:HOH:940:O	A:PRO:663:CG
0	vdw	A:HOH:940:O	A:PRO:663:CD
0	vdw	A:HOH:1006:O	A:HOH:827:O
0	vdw	A:HOH:1005:O	A:HOH:827:O
0	vdw	A:HOH:827:O	A:THR:532:CA
0	vdw	A:HOH:827:O	A:THR:532:C
0	vdw	A:HOH:827:O	A:THR:532:O
0	vdw	A:ALA:535:C	A:HOH:1006:O
0	vdw	A:ALA:535:CA	A:HOH:974:O
0	vdw	A:ALA:535:C	A:HOH:974:O
0	vdw	A:ALA:535:O	A:HOH:974:O
0	vdw	A:HOH:1006:O	A:TYR:536:CA
0	vdw	A:ALA:535:CA	A:PHE:669:CB
0	vdw	A:GLU:538:CB	A:HOH:974:O
0	vdw	A:GLU:538:OE2	A:HOH:974:O
0	vdw	A:GLU:538:CG	A:HOH:974:O
0	vdw	A:GLU:538:CD	A:HOH:974:O
0	vdw	A:GLU:538:OE2	A:PHE:669:CB
0	vdw	A:GLU:538:OE2	A:PHE:669:N
0	vdw	A:GLU:538:CG	A:SER:601:OG
0	vdw	A:GLU:538:OE1	A:SER:601:OG
0	vdw	A:GLU:538:OE1	A:HOH:897:O
0	vdw	A:HOH:897:O	A:SER:601:OG
0	vdw	A:HOH:897:O	A:SER:601:CB
0	vdw	A:GLU:538:OE1	A:PHE:669:CD2
0	vdw	A:HOH:828:O	A:SER:601:OG
0	vdw	A:GLU:538:CD	A:PHE:669:CB
0	vdw	A:GLU:538:CD	A:PHE:669:N
0	vdw	A:GLU:538:OE1	A:PHE:669:N
0	vdw	A:HOH:843:O	A:HOH:897:O
0	vdw	A:HOH:943:O	A:SER:601:OG
0	vdw	A:HOH:943:O	A:THR:600:OG1
0	vdw	A:HOH:842:O	A:SER:601:CB
0	vdw	A:ALA:602:N	A:HOH:943:O
0	vdw	A:HOH:943:O	A:THR:600:CB
0	vdw	A:ALA:602:CB	A:HOH:943:O
0	vdw	A:HOH:828:O	A:SER:601:CA
0	vdw	A:HOH:828:O	A:SER:601:CB
0	vdw	A:HOH:841:O	A:THR:600:OG1
0	vdw	A:ARG:598:NH2	A:HOH:899:O
0	vdw	A:ARG:598:CD	A:HOH:899:O
0	vdw	A:ARG:598:NH2	A:HOH:940:O
0	vdw	A:HOH:841:O	A:HOH:899:O
0	vdw	A:HOH:899:O	A:PRO:663:CG
0	vdw	A:HOH:899:O	A:PRO:663:CB
0	vdw	A:ARG:598:NE	A:HOH:908:O
0	vdw	A:ARG:598:CZ	A:HOH:908:O
0	vdw	A:ARG:598:NH1	A:HOH:908:O
0	vdw	A:HIS:480:CD2	A:TYR:536:CB
0	vdw	A:HIS:480:CD2	A:TYR:536:CG
0	vdw	A:GLU:538:CA	A:HOH:830:O
0	vdw	A:LEU:537:O	A:PHE:542:CB
0	vdw	A:HOH:830:O	A:PHE:542:C
0	vdw	A:HOH:830:O	A:PHE:542:O
0	vdw	A:HOH:842:O	A:THR:600:C
0	vdw	A:HOH:842:O	A:SER:601:N
0	vdw	A:HOH:842:O	A:THR:600:CA
0	vdw	A:HOH:842:O	A:THR:600:CB
0	vdw	A:HOH:977:O	A:PHE:599:O
0	vdw	A:HOH:841:O	A:THR:600:CG2
0	vdw	A:ARG:598:CG	A:HOH:908:O
0	vdw	A:ASP:479:O	A:TYR:536:OH
0	vdw	A:PHE:478:CA	A:TYR:536:OH
0	vdw	A:ASP:479:N	A:TYR:536:OH
0	vdw	A:ASP:479:C	A:HOH:890:O
0	vdw	A:LEU:537:CD2	A:PHE:478:CZ
0	vdw	A:PHE:478:CZ	A:PHE:542:CG
0	vdw	A:PHE:478:CZ	A:PHE:542:CD1
0	vdw	A:HOH:829:O	A:LEU:537:CB
0	vdw	A:HOH:894:O	A:PHE:542:C
0	vdw	A:HOH:894:O	A:PHE:542:O
0	vdw	A:HOH:894:O	A:VAL:543:CA
0	vdw	A:HOH:894:O	A:VAL:543:C
0	vdw	A:HOH:910:O	A:HOH:977:O
0	vdw	A:HOH:907:O	A:PHE:596:O
0	vdw	A:ARG:598:CB	A:HOH:907:O
0	vdw	A:ASP:479:OD1	A:LYS:485:NZ
0	vdw	A:ASP:479:CG	A:HOH:813:O
0	vdw	A:ASP:479:OD1	A:HOH:813:O
0	vdw	A:HOH:889:O	A:PHE:478:O
0	vdw	A:ASP:479:CA	A:HOH:890:O
0	vdw	A:HOH:815:O	A:PHE:478:O
0	vdw	A:LEU:537:CD2	A:PHE:478:CD2
0	vdw	A:LEU:537:CD2	A:PHE:478:CE2
0	vdw	A:PHE:478:CZ	A:PHE:542:CD2
0	vdw	A:0O7:700:C8	A:PHE:542:CE1
0	vdw	A:HOH:978:O	A:PHE:542:CZ
0	vdw	A:ARG:545:CG	A:HOH:911:O
0	vdw	A:ARG:597:O	A:HOH:984:O
0	vdw	A:ARG:476:CD	A:HOH:816:O
0	vdw	A:HOH:816:O	A:LEU:486:CB
0	vdw	A:HOH:816:O	A:LEU:486:O
0	vdw	A:HOH:815:O	A:MET:475:C
0	vdw	A:HOH:815:O	A:MET:475:O
0	vdw	A:HOH:888:O	A:MET:475:O
0	vdw	A:HOH:889:O	A:MET:475:O
0	vdw	A:HOH:812:O	A:THR:474:CB
0	vdw	A:HOH:812:O	A:THR:474:OG1
0	vdw	A:HOH:1041:O	A:THR:474:CB
0	vdw	A:HOH:945:O	A:THR:474:CG2
0	vdw	A:HOH:1041:O	A:THR:474:OG1
0	vdw	A:PHE:542:CE2	A:THR:474:CG2
0	vdw	A:PHE:542:CZ	A:THR:474:CG2
0	vdw	A:ARG:476:NH2	A:HOH:1021:O
0	vdw	A:ARG:476:NH2	A:HOH:816:O
0	vdw	A:ALA:472:O	A:LEU:486:CD2
0	vdw	A:ARG:476:CB	A:LEU:486:CD2
0	vdw	A:LEU:486:CD2	A:TYR:415:CE1
0	vdw	A:ARG:476:CA	A:LEU:486:CD2
0	vdw	A:GLN:470:O	A:HOH:812:O
0	vdw	A:HOH:812:O	A:THR:474:N
0	vdw	A:GLN:470:CG	A:HOH:812:O
0	vdw	A:GLN:470:CD	A:HOH:812:O
0	vdw	A:GLN:470:CB	A:HOH:1039:O
0	vdw	A:HOH:817:O	A:TYR:415:CA
0	vdw	A:GLY:488:CA	A:TYR:415:O
0	vdw	A:GLY:488:C	A:TYR:415:O
0	vdw	A:TYR:415:O	A:VAL:489:N
0	vdw	A:HOH:817:O	A:ILE:487:O
0	vdw	A:GLU:466:O	A:HOH:810:O
0	vdw	A:GLU:466:C	A:HOH:810:O
0	vdw	A:GLU:466:CG	A:HOH:810:O
0	vdw	A:GLU:416:CA	A:VAL:489:O
0	vdw	A:GLU:416:C	A:VAL:489:O
0	vdw	A:THR:412:CB	A:VAL:489:CG2
0	vdw	A:GLU:416:OE2	A:THR:491:CG2
0	vdw	A:GLU:416:OE2	A:THR:491:OG1
0	vdw	A:THR:412:CG2	A:VAL:489:CG2
0	vdw	A:GLU:416:CD	A:THR:491:OG1
0	vdw	A:GLU:416:OE1	A:THR:491:OG1
0	vdw	A:HOH:1012:O	A:HOH:1037:O
0	vdw	A:GLU:416:OE1	A:THR:491:N
0	vdw	A:GLU:416:CG	A:HOH:802:O
0	vdw	A:GLU:416:CD	A:HOH:802:O
0	vdw	A:GLU:416:OE1	A:HOH:802:O
0	vdw	A:GLU:416:OE1	A:ILE:490:CA
0	vdw	A:HOH:1012:O	A:THR:491:CB
0	vdw	A:HOH:1012:O	A:THR:491:OG1
0	vdw	A:GLU:492:OE2	A:HOH:1012:O
0	vdw	A:ARG:465:CZ	A:HOH:964:O
0	vdw	A:ARG:465:CZ	A:THR:491:O
0	vdw	A:ARG:465:NH1	A:THR:491:O
0	vdw	A:GLU:492:OE1	A:HOH:964:O
0	vdw	A:HOH:867:O	A:THR:678:CG2
0	vdw	A:ALA:674:O	A:HOH:867:O
0	vdw	A:ALA:674:C	A:HOH:867:O
0	vdw	A:GLU:671:OE1	A:HOH:926:O
0	vdw	A:ARG:665:CD	A:HOH:860:O
0	vdw	A:ALA:674:CA	A:HOH:866:O
0	vdw	A:HOH:926:O	A:PRO:667:CA
0	vdw	A:ARG:665:O	A:HOH:928:O
0	vdw	A:ARG:665:O	A:HOH:923:O
0	vdw	A:ASP:662:CA	A:HOH:861:O
0	vdw	A:ASP:662:CB	A:HOH:861:O
0	vdw	A:ASP:662:N	A:HOH:860:O
0	vdw	A:ASP:662:CB	A:HOH:860:O
0	vdw	A:HOH:861:O	A:HOH:922:O
0	vdw	A:HOH:826:O	A:TYR:528:OH
0	vdw	A:HOH:826:O	A:TYR:528:CE2
0	vdw	A:HOH:826:O	A:TYR:528:CZ
0	vdw	A:LYS:673:CA	A:SER:531:OG
0	vdw	A:LYS:673:CB	A:SER:531:OG
0	vdw	A:LYS:673:CG	A:TYR:528:CE1
0	vdw	A:HOH:843:O	A:PRO:667:C
0	vdw	A:HOH:843:O	A:PRO:667:O
0	vdw	A:PRO:667:O	A:VAL:605:CG2
0	vdw	A:PRO:667:O	A:VAL:605:CG1
0	vdw	A:ALA:602:CA	A:HOH:843:O
0	vdw	A:ALA:602:CB	A:HOH:843:O
0	vdw	A:ALA:602:CB	A:PRO:663:O
0	vdw	A:ALA:602:CB	A:PRO:663:CB
0	vdw	A:HOH:841:O	A:PRO:663:CB
0	vdw	A:HOH:922:O	A:PRO:663:CD
0	vdw	A:HOH:922:O	A:HOH:982:O
0	vdw	A:HOH:837:O	A:HOH:922:O
0	vdw	A:HOH:1019:O	A:HOH:982:O
0	vdw	A:HIS:480:CD2	A:HOH:1005:O
0	vdw	A:HIS:480:NE2	A:HOH:1005:O
0	vdw	A:LYS:673:CG	A:THR:532:CG2
0	vdw	A:LEU:534:CB	A:PHE:669:CG
0	vdw	A:LEU:534:CB	A:PHE:669:CD1
0	vdw	A:PHE:669:CE2	A:VAL:605:CG2
0	vdw	A:PHE:669:CZ	A:VAL:605:CG2
0	vdw	A:HOH:828:O	A:PHE:669:CE2
0	vdw	A:ASP:604:CB	A:PHE:669:CE2
0	vdw	A:ASP:604:C	A:PHE:669:CZ
0	vdw	A:PHE:669:CZ	A:VAL:605:CA
0	vdw	A:HOH:843:O	A:VAL:605:CG2
0	vdw	A:ALA:602:C	A:ARG:666:NH2
0	vdw	A:ALA:602:O	A:ARG:666:NH2
0	vdw	A:ALA:602:O	A:ARG:666:CD
0	vdw	A:ARG:666:NH2	A:GLU:592:CD
0	vdw	A:ARG:666:NH2	A:GLU:592:OE1
0	vdw	A:ARG:666:NH2	A:GLU:592:OE2
0	vdw	A:GLU:592:CG	A:HOH:841:O
0	vdw	A:GLU:592:CD	A:HOH:841:O
0	vdw	A:GLU:592:OE2	A:HOH:841:O
0	vdw	A:HOH:841:O	A:SER:603:OG
0	vdw	A:GLU:592:CB	A:HOH:837:O
0	vdw	A:ARG:666:NH1	A:GLU:592:CD
0	vdw	A:ARG:666:NH1	A:GLU:592:OE1
0	vdw	A:GLU:592:OE1	A:HOH:837:O
0	vdw	A:ARG:666:CZ	A:GLU:592:OE1
0	vdw	A:ARG:666:CZ	A:GLU:592:OE2
0	vdw	A:HOH:1019:O	A:PHE:596:CE2
0	vdw	A:HOH:995:O	A:PHE:596:CZ
0	vdw	A:HOH:838:O	A:PHE:596:CE2
0	vdw	A:HOH:813:O	A:PRO:481:CD
0	vdw	A:ALA:533:N	A:HIS:480:CE1
0	vdw	A:ALA:533:CA	A:HIS:480:CE1
0	vdw	A:ALA:533:CB	A:HIS:480:CE1
0	vdw	A:HIS:480:CE1	A:THR:532:C
0	vdw	A:HIS:480:NE2	A:THR:532:C
0	vdw	A:HIS:480:NE2	A:THR:532:O
0	vdw	A:HIS:480:CE1	A:THR:532:OG1
0	vdw	A:HOH:829:O	A:LEU:534:CA
0	vdw	A:HOH:829:O	A:LEU:534:C
0	vdw	A:HOH:829:O	A:LEU:534:O
0	vdw	A:HOH:829:O	A:LEU:534:CD2
0	vdw	A:HOH:829:O	A:HOH:893:O
0	vdw	A:HOH:829:O	A:PHE:669:CE2
0	vdw	A:LEU:534:CB	A:PHE:669:CE1
0	vdw	A:ASP:604:OD1	A:HOH:828:O
0	vdw	A:ASP:604:CB	A:HOH:828:O
0	vdw	A:ASP:604:CG	A:HOH:828:O
0	vdw	A:ASP:604:OD1	A:HOH:894:O
0	vdw	A:ASP:604:CG	A:HOH:840:O
0	vdw	A:ASP:604:OD2	A:HOH:840:O
0	vdw	A:HOH:840:O	A:SER:603:CB
0	vdw	A:HOH:840:O	A:SER:603:OG
0	vdw	A:HOH:840:O	A:HOH:878:O
0	vdw	A:HOH:840:O	A:HOH:905:O
0	vdw	A:HOH:840:O	A:PHE:599:CD2
0	vdw	A:ARG:550:NH2	A:ASP:604:CG
0	vdw	A:ARG:550:CZ	A:ASP:604:OD2
0	vdw	A:ARG:550:NH1	A:ASP:604:OD2
0	vdw	A:ARG:550:NH2	A:ASP:604:OD2
0	vdw	A:0O7:700:N20	A:ASP:604:CB
0	vdw	A:0O7:700:N20	A:ASP:604:CG
0	vdw	A:SER:593:OG	A:SER:603:CB
0	vdw	A:GLU:592:OE2	A:SER:603:CB
0	vdw	A:GLU:592:OE2	A:SER:603:OG
0	vdw	A:ALA:590:CB	A:SER:603:CB
0	vdw	A:ARG:598:O	A:SER:593:CA
0	vdw	A:ARG:598:O	A:SER:593:CB
0	vdw	A:ARG:598:O	A:SER:593:OG
0	vdw	A:ARG:597:N	A:GLU:592:O
0	vdw	A:HOH:1020:O	A:PHE:596:CE1
0	vdw	A:HIS:480:C	A:HOH:813:O
0	vdw	A:HOH:813:O	A:PRO:481:N
0	vdw	A:HIS:480:N	A:HOH:813:O
0	vdw	A:HIS:480:CA	A:HOH:813:O
0	vdw	A:HOH:813:O	A:LYS:485:NZ
0	vdw	A:HIS:480:N	A:HOH:890:O
0	vdw	A:HIS:480:O	A:HOH:890:O
0	vdw	A:HIS:480:O	A:HOH:814:O
0	vdw	A:ALA:533:CB	A:ILE:483:CG1
0	vdw	A:0O7:700:C7	A:LEU:537:CD1
0	vdw	A:HOH:893:O	A:LEU:537:CD1
0	vdw	A:0O7:700:C8	A:LEU:537:CD1
0	vdw	A:HIS:544:N	A:HOH:894:O
0	vdw	A:ASP:604:CG	A:HOH:894:O
0	vdw	A:0O7:700:C25	A:HOH:893:O
0	vdw	A:0O7:700:N22	A:HOH:893:O
0	vdw	A:HOH:893:O	A:LEU:534:CD2
0	vdw	A:HOH:878:O	A:PHE:599:CB
0	vdw	A:HOH:878:O	A:PHE:599:CG
0	vdw	A:HOH:878:O	A:PHE:599:CD2
0	vdw	A:HIS:544:O	A:HOH:878:O
0	vdw	A:HOH:878:O	A:ILE:547:CG2
0	vdw	A:HOH:839:O	A:HOH:878:O
0	vdw	A:HOH:839:O	A:PHE:599:CG
0	vdw	A:HOH:839:O	A:PHE:599:CD2
0	vdw	A:PHE:599:CD2	A:SER:593:OG
0	vdw	A:ARG:598:N	A:GLU:592:O
0	vdw	A:HOH:912:O	A:PHE:599:CE1
0	vdw	A:HOH:890:O	A:LYS:485:CG
0	vdw	A:GLU:500:OE1	A:LYS:485:CG
0	vdw	A:HOH:814:O	A:LYS:485:CG
0	vdw	A:HOH:814:O	A:LYS:485:CE
0	vdw	A:HOH:814:O	A:LYS:485:NZ
0	vdw	A:HOH:889:O	A:ILE:483:CG2
0	vdw	A:HOH:815:O	A:HOH:889:O
0	vdw	A:HOH:889:O	A:VAL:484:O
0	vdw	A:HOH:890:O	A:ILE:483:O
0	vdw	A:HOH:889:O	A:MET:475:CG
0	vdw	A:HOH:888:O	A:ILE:483:CG2
0	vdw	A:0O7:700:C1	A:HOH:888:O
0	vdw	A:HOH:888:O	A:MET:475:CA
0	vdw	A:HOH:888:O	A:MET:475:CB
0	vdw	A:HOH:888:O	A:MET:475:CG
0	vdw	A:HOH:888:O	A:MET:475:SD
0	vdw	A:HOH:888:O	A:MET:475:CE
0	vdw	A:0O7:700:C3	A:HIS:544:ND1
0	vdw	A:0O7:700:C1	A:MET:475:CE
0	vdw	A:HIS:544:CA	A:HOH:978:O
0	vdw	A:ARG:545:N	A:HOH:978:O
0	vdw	A:HIS:544:ND1	A:HOH:877:O
0	vdw	A:HIS:544:ND1	A:HOH:945:O
0	vdw	A:HOH:877:O	A:HOH:978:O
0	vdw	A:HOH:945:O	A:HOH:978:O
0	vdw	A:0O7:700:C4	A:HIS:544:ND1
0	vdw	A:ARG:550:NH2	A:HIS:544:CB
0	vdw	A:ARG:545:O	A:HOH:839:O
0	vdw	A:ARG:550:NH2	A:HIS:544:O
0	vdw	A:HOH:839:O	A:HOH:911:O
0	vdw	A:HOH:839:O	A:HOH:912:O
0	vdw	A:HOH:839:O	A:PHE:599:CD1
0	vdw	A:HOH:839:O	A:PHE:599:CE2
0	vdw	A:HOH:839:O	A:ILE:547:CG2
0	vdw	A:HOH:815:O	A:LEU:486:N
0	vdw	A:LEU:486:N	A:MET:475:SD
0	vdw	A:HOH:815:O	A:LEU:486:CB
0	vdw	A:HOH:875:O	A:MET:475:CB
0	vdw	A:MET:475:SD	A:MET:499:CE
0	vdw	A:MET:475:SD	A:MET:499:SD
0	vdw	A:HOH:874:O	A:MET:475:SD
0	vdw	A:LYS:485:C	A:MET:475:SD
0	vdw	A:MET:475:SD	A:VAL:484:O
0	vdw	A:GLU:471:C	A:HOH:875:O
0	vdw	A:GLU:471:O	A:HOH:875:O
0	vdw	A:ASP:564:CG	A:HOH:875:O
0	vdw	A:ASP:564:OD2	A:HOH:875:O
0	vdw	A:HOH:875:O	A:MET:475:CE
0	vdw	A:HOH:877:O	A:HOH:945:O
0	vdw	A:HOH:1041:O	A:HOH:945:O
0	vdw	A:HOH:877:O	A:HOH:979:O
0	vdw	A:HOH:873:O	A:HOH:945:O
0	vdw	A:ASP:546:CB	A:HOH:877:O
0	vdw	A:ARG:545:N	A:HOH:877:O
0	vdw	A:ASP:546:N	A:HOH:877:O
0	vdw	A:HIS:544:CE1	A:HOH:877:O
0	vdw	A:HIS:544:CE1	A:HOH:945:O
0	vdw	A:HOH:876:O	A:HOH:979:O
0	vdw	A:ASP:546:CA	A:HOH:876:O
0	vdw	A:ASP:546:CB	A:HOH:876:O
0	vdw	A:GLU:445:CB	A:HOH:1026:O
0	vdw	A:ILE:487:N	A:ILE:498:O
0	vdw	A:ILE:487:CA	A:ILE:498:O
0	vdw	A:ILE:487:C	A:ILE:498:O
0	vdw	A:ILE:498:O	A:LEU:486:CD1
0	vdw	A:LEU:486:CA	A:MET:475:SD
0	vdw	A:LEU:486:CB	A:MET:475:CG
0	vdw	A:LEU:486:CB	A:MET:475:SD
0	vdw	A:ILE:497:CG2	A:LEU:486:CD1
0	vdw	A:GLU:471:CG	A:HOH:958:O
0	vdw	A:HOH:1039:O	A:HOH:958:O
0	vdw	A:HOH:1039:O	A:LYS:467:C
0	vdw	A:HOH:1039:O	A:LYS:467:O
0	vdw	A:GLU:471:OE2	A:HOH:958:O
0	vdw	A:GLN:432:OE1	A:HOH:958:O
0	vdw	A:HOH:958:O	A:HOH:979:O
0	vdw	A:ARG:421:NH2	A:PRO:444:CD
0	vdw	A:HOH:808:O	A:SER:443:CB
0	vdw	A:GLY:488:CA	A:ILE:417:CD1
0	vdw	A:GLY:488:N	A:ILE:498:O
0	vdw	A:GLY:488:O	A:ILE:498:N
0	vdw	A:GLY:488:O	A:ILE:498:CA
0	vdw	A:GLY:488:O	A:ILE:498:CB
0	vdw	A:GLY:488:O	A:ILE:498:O
0	vdw	A:ALA:472:CB	A:VAL:489:CG1
0	vdw	A:ALA:472:CB	A:ILE:497:CD1
0	vdw	A:ILE:497:CD1	A:PHE:468:O
0	vdw	A:LYS:467:C	A:PHE:433:CZ
0	vdw	A:PHE:433:CZ	A:PHE:468:N
0	vdw	A:PHE:433:CZ	A:PHE:468:CA
0	vdw	A:CYS:459:SG	A:PHE:468:CB
0	vdw	A:LYS:467:CB	A:PHE:433:CZ
0	vdw	A:ARG:421:CD	A:HOH:801:O
0	vdw	A:ARG:421:NE	A:HOH:801:O
0	vdw	A:ARG:421:CD	A:MET:442:O
0	vdw	A:ARG:421:NH2	A:MET:442:O
0	vdw	A:ARG:421:NH2	A:SER:443:CA
0	vdw	A:HOH:801:O	A:ILE:417:CA
0	vdw	A:GLN:418:N	A:HOH:801:O
0	vdw	A:ILE:417:N	A:VAL:489:O
0	vdw	A:ILE:417:CG2	A:TYR:441:CE1
0	vdw	A:TRP:496:O	A:VAL:489:CA
0	vdw	A:TRP:496:O	A:VAL:489:C
0	vdw	A:ILE:490:N	A:TRP:496:O
0	vdw	A:ARG:465:CA	A:CYS:459:SG
0	vdw	A:HOH:802:O	A:ILE:417:C
0	vdw	A:HOH:802:O	A:ILE:417:O
0	vdw	A:HOH:802:O	A:ILE:490:CG2
0	vdw	A:ILE:417:O	A:ILE:490:CD1
0	vdw	A:ILE:417:O	A:ILE:490:CG1
0	vdw	A:ARG:419:CZ	A:ILE:490:CG2
0	vdw	A:ARG:419:NH1	A:ILE:490:CG2
0	vdw	A:ILE:490:O	A:VAL:495:CA
0	vdw	A:ILE:490:O	A:VAL:495:CB
0	vdw	A:ILE:490:O	A:VAL:495:C
0	vdw	A:ILE:490:O	A:TRP:496:N
0	vdw	A:ILE:490:O	A:TRP:496:O
0	vdw	A:ARG:419:NH1	A:GLU:492:O
0	vdw	A:ARG:465:CD	A:CYS:459:O
0	vdw	A:GLU:492:CB	A:HOH:951:O
0	vdw	A:ARG:419:NE	A:HOH:951:O
0	vdw	A:ARG:419:NH1	A:HOH:951:O
0	vdw	A:ARG:419:CZ	A:HOH:951:O
0	vdw	A:ASN:493:N	A:HOH:964:O
0	vdw	A:ARG:419:NH1	A:GLU:492:C
0	vdw	A:ARG:465:NH2	A:ASN:493:OD1
0	vdw	A:ARG:465:NH2	A:HOH:964:O
0	vdw	A:ASN:493:CG	A:HOH:964:O
0	vdw	A:ASN:493:ND2	A:HOH:964:O
0	vdw	A:ASN:493:OD1	A:HOH:964:O
0	vdw	A:GLN:675:OE1	A:HOH:998:O
0	vdw	A:HOH:1040:O	A:LYS:657:NZ
0	vdw	A:GLN:675:CA	A:HOH:997:O
0	vdw	A:GLN:675:O	A:HOH:997:O
0	vdw	A:HOH:997:O	A:THR:678:OG1
0	vdw	A:GLN:675:CB	A:HOH:997:O
0	vdw	A:GLN:675:CD	A:HOH:997:O
0	vdw	A:GLN:675:OE1	A:HOH:997:O
0	vdw	A:GLN:675:C	A:HOH:997:O
0	vdw	A:GLN:675:CB	A:LEU:654:CD1
0	vdw	A:HOH:1040:O	A:LYS:657:CD
0	vdw	A:HOH:1040:O	A:LYS:657:CE
0	vdw	A:HOH:923:O	A:LYS:657:CB
0	vdw	A:HOH:923:O	A:LYS:657:CA
0	vdw	A:HOH:923:O	A:LYS:657:C
0	vdw	A:HOH:923:O	A:LYS:657:O
0	vdw	A:ARG:665:NH1	A:HOH:860:O
0	vdw	A:HOH:1003:O	A:TYR:528:CE2
0	vdw	A:HOH:1003:O	A:TYR:528:CZ
0	vdw	A:LEU:654:CD1	A:LEU:672:CD2
0	vdw	A:LEU:672:CD2	A:PRO:667:CG
0	vdw	A:CYS:658:SG	A:LEU:672:CD2
0	vdw	A:LEU:654:CG	A:LEU:672:CD2
0	vdw	A:LYS:657:C	A:PRO:667:CD
0	vdw	A:LYS:657:O	A:PRO:667:CD
0	vdw	A:HOH:859:O	A:TYR:661:N
0	vdw	A:HOH:860:O	A:TYR:661:N
0	vdw	A:HOH:859:O	A:TYR:661:CB
0	vdw	A:HOH:860:O	A:HOH:994:O
0	vdw	A:LYS:673:O	A:TYR:528:CD1
0	vdw	A:LYS:673:O	A:TYR:528:CE1
0	vdw	A:LEU:676:CD1	A:SER:531:OG
0	vdw	A:CYS:658:SG	A:LEU:672:CD1
0	vdw	A:CYS:658:SG	A:VAL:605:CG1
0	vdw	A:CYS:658:SG	A:GLY:609:CA
0	vdw	A:CYS:658:SG	A:MET:612:CE
0	vdw	A:CYS:658:SG	A:VAL:605:O
0	vdw	A:ARG:666:CG	A:CYS:658:O
0	vdw	A:ARG:666:CD	A:CYS:658:O
0	vdw	A:CYS:658:O	A:TRP:606:CA
0	vdw	A:ALA:660:O	A:ARG:666:NE
0	vdw	A:ALA:660:O	A:ARG:666:CZ
0	vdw	A:ALA:660:O	A:ARG:666:NH1
0	vdw	A:ALA:660:O	A:TRP:606:CZ3
0	vdw	A:ARG:666:CZ	A:TRP:606:CE3
0	vdw	A:ARG:666:NH1	A:TYR:661:O
0	vdw	A:HOH:837:O	A:TYR:661:O
0	vdw	A:ARG:666:NH1	A:PRO:591:CD
0	vdw	A:HOH:837:O	A:PRO:591:CG
0	vdw	A:GLU:592:N	A:HOH:837:O
0	vdw	A:ARG:666:NH1	A:TRP:606:CE3
0	vdw	A:PRO:591:CB	A:TYR:661:CE2
0	vdw	A:HOH:838:O	A:TYR:661:OH
0	vdw	A:HOH:1019:O	A:TYR:661:OH
0	vdw	A:GLU:636:CG	A:TYR:661:CE2
0	vdw	A:GLU:636:CD	A:TYR:661:OH
0	vdw	A:GLU:636:OE2	A:TYR:661:CE2
0	vdw	A:GLU:636:OE2	A:TYR:661:CZ
0	vdw	A:GLU:636:OE2	A:TYR:661:OH
0	vdw	A:HIS:482:NE2	A:HOH:973:O
0	vdw	A:HOH:880:O	A:HOH:973:O
0	vdw	A:HIS:482:CD2	A:HOH:973:O
0	vdw	A:GLN:529:O	A:HIS:482:CB
0	vdw	A:HIS:482:CD2	A:THR:532:OG1
0	vdw	A:LEU:676:CD1	A:SER:531:CB
0	vdw	A:PHE:608:CD1	A:PHE:669:CE1
0	vdw	A:LEU:672:CD1	A:PHE:608:CD1
0	vdw	A:PHE:608:CB	A:PHE:669:CE1
0	vdw	A:PHE:608:CG	A:PHE:669:CE1
0	vdw	A:CYS:658:CB	A:VAL:605:O
0	vdw	A:ALA:590:CB	A:TRP:606:CB
0	vdw	A:ALA:590:CA	A:TRP:606:CG
0	vdw	A:ALA:590:CA	A:TRP:606:CD1
0	vdw	A:ALA:590:CA	A:TRP:606:CD2
0	vdw	A:ALA:590:CB	A:TRP:606:CG
0	vdw	A:GLU:592:N	A:HOH:838:O
0	vdw	A:ILE:632:CD1	A:PRO:591:CA
0	vdw	A:PRO:591:CG	A:TYR:661:CD2
0	vdw	A:PRO:591:CG	A:TYR:661:CE2
0	vdw	A:PRO:591:CD	A:TRP:606:CD2
0	vdw	A:PRO:591:CD	A:TRP:606:CH2
0	vdw	A:PRO:591:CD	A:TRP:606:CE3
0	vdw	A:PRO:591:CD	A:TRP:606:CZ3
0	vdw	A:HOH:838:O	A:PRO:591:C
0	vdw	A:HOH:838:O	A:PRO:591:O
0	vdw	A:GLU:592:CA	A:HOH:838:O
0	vdw	A:ASN:595:OD1	A:HOH:838:O
0	vdw	A:HOH:1019:O	A:HOH:838:O
0	vdw	A:ILE:632:CD1	A:PRO:591:CB
0	vdw	A:HOH:1019:O	A:HOH:995:O
0	vdw	A:ASN:595:CG	A:HOH:934:O
0	vdw	A:ASN:595:OD1	A:GLU:636:OE2
0	vdw	A:HOH:962:O	A:PRO:481:CB
0	vdw	A:GLN:529:OE1	A:HIS:482:CE1
0	vdw	A:CYS:559:SG	A:HIS:482:CE1
0	vdw	A:HIS:482:CE1	A:HOH:963:O
0	vdw	A:GLN:529:CD	A:HIS:482:CE1
0	vdw	A:GLN:529:NE2	A:HIS:482:CE1
0	vdw	A:GLN:529:CB	A:HIS:482:CE1
0	vdw	A:GLN:529:CG	A:HIS:482:CE1
0	vdw	A:GLN:529:CB	A:HIS:482:NE2
0	vdw	A:GLN:529:CG	A:HIS:482:NE2
0	vdw	A:HIS:482:CB	A:VAL:560:O
0	vdw	A:HIS:482:CG	A:VAL:560:O
0	vdw	A:HIS:482:ND1	A:VAL:560:O
0	vdw	A:GLN:529:CB	A:HIS:482:CG
0	vdw	A:GLN:529:CB	A:HIS:482:CD2
0	vdw	A:GLN:529:CB	A:HIS:482:ND1
0	vdw	A:CYS:559:SG	A:HIS:482:ND1
0	vdw	A:ALA:533:CB	A:LEU:562:CD1
0	vdw	A:0O7:700:N20	A:LEU:534:CD2
0	vdw	A:0O7:700:N22	A:LEU:534:CD2
0	vdw	A:0O7:700:C23	A:LEU:534:CD2
0	vdw	A:LEU:534:CD1	A:PHE:669:CE1
0	vdw	A:LEU:534:CD1	A:PHE:608:CG
0	vdw	A:LEU:534:CD1	A:PHE:608:CD2
0	vdw	A:LEU:534:CD1	A:PHE:608:CE2
0	vdw	A:0O7:700:N20	A:ASP:604:CA
0	vdw	A:0O7:700:C18	A:ARG:550:NH1
0	vdw	A:0O7:700:C19	A:ARG:550:NH1
0	vdw	A:0O7:700:N20	A:ARG:550:NH1
0	vdw	A:0O7:700:N22	A:ARG:550:CZ
0	vdw	A:0O7:700:N22	A:ARG:550:NH1
0	vdw	A:0O7:700:C19	A:ASP:604:O
0	vdw	A:HOH:905:O	A:SER:603:C
0	vdw	A:HOH:905:O	A:SER:603:O
0	vdw	A:HOH:836:O	A:HOH:905:O
0	vdw	A:ARG:550:NH1	A:HOH:905:O
0	vdw	A:HOH:905:O	A:MET:607:CB
0	vdw	A:HOH:905:O	A:MET:607:SD
0	vdw	A:HOH:905:O	A:MET:607:CE
0	vdw	A:HOH:836:O	A:SER:593:CB
0	vdw	A:HOH:836:O	A:SER:593:OG
0	vdw	A:HOH:836:O	A:MET:589:CA
0	vdw	A:HOH:836:O	A:MET:589:CB
0	vdw	A:ALA:590:N	A:HOH:836:O
0	vdw	A:HOH:836:O	A:MET:589:CG
0	vdw	A:ASN:595:O	A:HOH:1020:O
0	vdw	A:ASN:595:O	A:HOH:983:O
0	vdw	A:ASN:595:ND2	A:HOH:920:O
0	vdw	A:ASN:595:ND2	A:HOH:934:O
0	vdw	A:ASN:595:ND2	A:ILE:632:CG1
0	vdw	A:HOH:962:O	A:PRO:481:CA
0	vdw	A:HOH:962:O	A:PRO:481:C
0	vdw	A:HOH:962:O	A:PRO:481:O
0	vdw	A:HOH:814:O	A:PRO:481:O
0	vdw	A:LYS:561:CE	A:PRO:481:O
0	vdw	A:LYS:561:CD	A:PRO:481:O
0	vdw	A:HIS:482:O	A:LEU:562:CG
0	vdw	A:HIS:482:C	A:LYS:561:CA
0	vdw	A:HIS:482:C	A:LYS:561:CB
0	vdw	A:HIS:482:O	A:LYS:561:CA
0	vdw	A:HIS:482:O	A:LYS:561:C
0	vdw	A:HIS:482:O	A:LEU:562:N
0	vdw	A:ALA:533:CB	A:HIS:482:O
0	vdw	A:0O7:700:C10	A:LEU:562:CB
0	vdw	A:LEU:534:CD2	A:LEU:562:CD1
0	vdw	A:0O7:700:C10	A:LEU:562:CD2
0	vdw	A:0O7:700:C12	A:LEU:562:CD2
0	vdw	A:0O7:700:C25	A:ARG:550:CG
0	vdw	A:0O7:700:C11	A:LEU:562:CD2
0	vdw	A:0O7:700:C10	A:ASN:551:O
0	vdw	A:0O7:700:C12	A:ARG:550:CB
0	vdw	A:0O7:700:C10	A:GLY:563:O
0	vdw	A:LEU:530:CD2	A:LEU:562:CD2
0	vdw	A:0O7:700:C24	A:ARG:550:CG
0	vdw	A:0O7:700:C23	A:ARG:550:CD
0	vdw	A:0O7:700:C24	A:ARG:550:CD
0	vdw	A:0O7:700:C23	A:ARG:550:CZ
0	vdw	A:0O7:700:C23	A:ARG:550:NH1
0	vdw	A:ARG:550:CG	A:HIS:544:CD2
0	vdw	A:ARG:550:CG	A:HIS:544:NE2
0	vdw	A:ARG:550:CD	A:HIS:544:CD2
0	vdw	A:ARG:550:NE	A:HIS:544:CD2
0	vdw	A:0O7:700:O16	A:ARG:550:CD
0	vdw	A:ARG:550:CD	A:MET:607:SD
0	vdw	A:ARG:550:NH1	A:MET:607:SD
0	vdw	A:ILE:547:CD1	A:PHE:599:CE2
0	vdw	A:HOH:912:O	A:ILE:547:CD1
0	vdw	A:ILE:547:CD1	A:MET:589:SD
0	vdw	A:ILE:547:CD1	A:LEU:584:CD2
0	vdw	A:ILE:547:CD1	A:PRO:585:CD
0	vdw	A:PHE:599:CE2	A:SER:593:CB
0	vdw	A:PHE:599:CE2	A:SER:593:OG
0	vdw	A:HOH:1043:O	A:ILE:594:O
0	vdw	A:ARG:597:NH2	A:HOH:1043:O
0	vdw	A:GLU:500:CD	A:LYS:561:NZ
0	vdw	A:GLU:500:OE1	A:LYS:561:NZ
0	vdw	A:GLU:500:OE1	A:HOH:814:O
0	vdw	A:HOH:814:O	A:LYS:561:NZ
0	vdw	A:GLU:500:OE1	A:VAL:484:CA
0	vdw	A:GLU:500:OE1	A:VAL:484:C
0	vdw	A:HOH:814:O	A:ILE:483:O
0	vdw	A:GLU:500:OE1	A:LYS:485:CB
0	vdw	A:GLU:500:CD	A:HOH:819:O
0	vdw	A:GLU:500:OE2	A:LYS:561:NZ
0	vdw	A:GLU:500:CD	A:LYS:485:N
0	vdw	A:GLU:500:OE1	A:LYS:485:N
0	vdw	A:GLU:500:OE1	A:LYS:485:CA
0	vdw	A:GLU:500:OE1	A:LYS:561:CD
0	vdw	A:HOH:814:O	A:LYS:561:CD
0	vdw	A:HOH:966:O	A:LYS:561:NZ
0	vdw	A:LEU:562:O	A:VAL:484:N
0	vdw	A:LEU:562:O	A:VAL:484:CB
0	vdw	A:MET:475:CE	A:VAL:484:O
0	vdw	A:LEU:562:O	A:VAL:484:CG2
0	vdw	A:0O7:700:C4	A:HIS:544:CE1
0	vdw	A:0O7:700:C5	A:HIS:544:CE1
0	vdw	A:0O7:700:C5	A:GLY:563:O
0	vdw	A:HIS:544:CE1	A:HOH:873:O
0	vdw	A:ASP:546:C	A:HOH:869:O
0	vdw	A:HOH:869:O	A:ILE:547:N
0	vdw	A:ILE:547:CG1	A:PRO:585:CD
0	vdw	A:HOH:912:O	A:LEU:584:CD2
0	vdw	A:HOH:912:O	A:PHE:599:CZ
0	vdw	A:ARG:597:NE	A:HOH:906:O
0	vdw	A:ARG:597:NE	A:LEU:584:CD1
0	vdw	A:ARG:597:CZ	A:LEU:584:CD1
0	vdw	A:HOH:906:O	A:LEU:584:CD1
0	vdw	A:ARG:597:CZ	A:HOH:1043:O
0	vdw	A:HOH:809:O	A:HOH:959:O
0	vdw	A:GLU:500:CB	A:HOH:959:O
0	vdw	A:GLU:500:N	A:LYS:485:O
0	vdw	A:GLU:500:N	A:ILE:487:CG1
0	vdw	A:MET:499:CE	A:VAL:484:CG1
0	vdw	A:LYS:485:O	A:MET:499:CA
0	vdw	A:LYS:485:O	A:MET:499:CB
0	vdw	A:GLU:500:CG	A:VAL:484:CG1
0	vdw	A:GLU:500:CG	A:LYS:485:N
0	vdw	A:MET:475:CE	A:MET:499:CE
0	vdw	A:HOH:872:O	A:MET:475:CE
0	vdw	A:HOH:872:O	A:MET:499:CE
0	vdw	A:ASP:564:CG	A:HOH:872:O
0	vdw	A:ASP:564:OD1	A:HOH:872:O
0	vdw	A:MET:475:CE	A:MET:499:SD
0	vdw	A:HOH:874:O	A:MET:475:CE
0	vdw	A:HOH:872:O	A:PHE:565:CD2
0	vdw	A:HOH:872:O	A:PHE:565:CE2
0	vdw	A:ASP:564:N	A:HOH:872:O
0	vdw	A:GLY:563:CA	A:HOH:872:O
0	vdw	A:GLY:563:C	A:HOH:872:O
0	vdw	A:ASP:564:CB	A:HOH:873:O
0	vdw	A:ASP:564:CG	A:HOH:873:O
0	vdw	A:ASP:564:OD2	A:HOH:873:O
0	vdw	A:ASP:564:CG	A:LYS:454:NZ
0	vdw	A:ASP:564:OD1	A:LYS:454:CE
0	vdw	A:ASP:564:OD1	A:LYS:454:NZ
0	vdw	A:ASP:564:OD2	A:LYS:454:NZ
0	vdw	A:ASP:546:CA	A:HOH:869:O
0	vdw	A:ASP:546:OD2	A:HOH:869:O
0	vdw	A:ASP:546:OD1	A:GLN:432:CD
0	vdw	A:ASP:546:OD1	A:GLN:432:OE1
0	vdw	A:ALA:548:CB	A:HOH:869:O
0	vdw	A:ALA:548:N	A:HOH:869:O
0	vdw	A:ALA:548:CA	A:HOH:869:O
0	vdw	A:ASN:446:CB	A:HOH:808:O
0	vdw	A:HOH:1026:O	A:SER:443:OG
0	vdw	A:HOH:1026:O	A:HOH:808:O
0	vdw	A:ILE:487:CG1	A:MET:499:C
0	vdw	A:ILE:487:CB	A:ILE:498:O
0	vdw	A:ALA:452:O	A:MET:499:N
0	vdw	A:ALA:452:O	A:MET:499:CA
0	vdw	A:ALA:452:O	A:MET:499:CB
0	vdw	A:LYS:454:CD	A:MET:499:SD
0	vdw	A:HOH:874:O	A:MET:499:SD
0	vdw	A:LYS:454:CE	A:MET:499:SD
0	vdw	A:HOH:874:O	A:LYS:454:NZ
0	vdw	A:LYS:454:CG	A:MET:499:SD
0	vdw	A:MET:499:SD	A:PHE:565:CD2
0	vdw	A:MET:499:SD	A:PHE:565:CE2
0	vdw	A:MET:499:SD	A:PHE:565:CZ
0	vdw	A:GLU:471:OE1	A:LYS:454:CE
0	vdw	A:GLU:471:OE1	A:LYS:454:NZ
0	vdw	A:HOH:887:O	A:LYS:454:CE
0	vdw	A:HOH:887:O	A:LYS:454:NZ
0	vdw	A:GLU:471:OE1	A:HOH:887:O
0	vdw	A:LYS:454:CE	A:PHE:565:CD2
0	vdw	A:GLU:471:CD	A:PHE:433:CE1
0	vdw	A:GLU:471:OE2	A:PHE:433:CE1
0	vdw	A:GLU:471:CD	A:HOH:887:O
0	vdw	A:GLU:471:OE2	A:HOH:887:O
0	vdw	A:ASN:446:C	A:HOH:808:O
0	vdw	A:HOH:955:O	A:SER:443:C
0	vdw	A:HOH:955:O	A:SER:443:O
0	vdw	A:HOH:808:O	A:SER:443:N
0	vdw	A:HOH:808:O	A:SER:443:OG
0	vdw	A:ASN:446:O	A:HOH:808:O
0	vdw	A:HOH:808:O	A:TYR:441:CD2
0	vdw	A:HOH:808:O	A:TYR:441:O
0	vdw	A:HOH:808:O	A:LEU:449:CB
0	vdw	A:ILE:422:CD1	A:TYR:441:CB
0	vdw	A:ILE:422:CD1	A:TYR:441:CD1
0	vdw	A:ARG:421:O	A:TYR:441:CD1
0	vdw	A:ILE:487:CG2	A:TYR:441:CD2
0	vdw	A:ILE:487:CG2	A:TYR:441:CE2
0	vdw	A:ILE:498:CG2	A:VAL:451:CG1
0	vdw	A:ILE:453:CA	A:ILE:497:O
0	vdw	A:ILE:453:C	A:ILE:497:O
0	vdw	A:ILE:497:O	A:LYS:454:N
0	vdw	A:ALA:452:O	A:ILE:498:CA
0	vdw	A:ILE:497:CG1	A:PHE:468:CZ
0	vdw	A:ILE:497:CG1	A:PHE:468:CE2
0	vdw	A:ILE:497:N	A:LYS:454:O
0	vdw	A:ILE:497:CD1	A:PHE:468:CE1
0	vdw	A:ILE:497:CD1	A:PHE:468:CZ
0	vdw	A:PHE:433:CG	A:PHE:468:CD1
0	vdw	A:PHE:433:CD1	A:PHE:468:CD1
0	vdw	A:ILE:497:CD1	A:PHE:468:CE2
0	vdw	A:CYS:459:SG	A:PHE:468:CG
0	vdw	A:PHE:433:CB	A:PHE:468:CD1
0	vdw	A:LYS:454:O	A:PHE:468:CZ
0	vdw	A:HOH:806:O	A:PHE:433:CD1
0	vdw	A:HOH:955:O	A:SER:443:CA
0	vdw	A:ARG:421:CB	A:MET:442:O
0	vdw	A:ARG:421:CG	A:MET:442:O
0	vdw	A:MET:442:CA	A:PRO:447:O
0	vdw	A:ARG:421:C	A:MET:442:CE
0	vdw	A:ILE:453:CG2	A:TRP:496:CB
0	vdw	A:ILE:453:CG2	A:ILE:498:CD1
0	vdw	A:ILE:453:CG1	A:ILE:498:CD1
0	vdw	A:LYS:454:O	A:TRP:496:CA
0	vdw	A:HOH:891:O	A:VAL:495:C
0	vdw	A:HOH:891:O	A:VAL:495:O
0	vdw	A:CYS:456:CB	A:PHE:468:CD2
0	vdw	A:CYS:459:SG	A:PHE:468:CD2
0	vdw	A:PHE:468:CD2	A:VAL:495:CG2
0	vdw	A:PHE:468:CE2	A:VAL:495:CG2
0	vdw	A:CYS:456:SG	A:VAL:464:CG1
0	vdw	A:CYS:456:SG	A:HOH:807:O
0	vdw	A:ASN:458:O	A:VAL:464:CB
0	vdw	A:ASN:458:O	A:VAL:464:CG1
0	vdw	A:ASN:458:CB	A:VAL:464:CG1
0	vdw	A:GLU:420:C	A:HOH:803:O
0	vdw	A:ARG:419:CA	A:ILE:490:CD1
0	vdw	A:ARG:419:CG	A:ILE:490:CD1
0	vdw	A:ARG:419:O	A:HOH:952:O
0	vdw	A:ARG:419:CG	A:HOH:952:O
0	vdw	A:ARG:419:CZ	A:PRO:494:O
0	vdw	A:ARG:419:NH2	A:PRO:494:O
0	vdw	A:ARG:419:NH2	A:TRP:496:CE2
0	vdw	A:ARG:419:NH2	A:TRP:496:CZ2
0	vdw	A:ARG:419:NH2	A:TRP:496:CD2
0	vdw	A:ARG:419:NH2	A:TRP:496:CE3
0	vdw	A:ILE:490:CD1	A:TRP:496:CE3
0	vdw	A:HOH:960:O	A:PRO:494:CA
0	vdw	A:HOH:960:O	A:PRO:494:C
0	vdw	A:HOH:960:O	A:VAL:495:N
0	vdw	A:HOH:960:O	A:VAL:495:CG2
0	vdw	A:CYS:459:CB	A:VAL:495:CG2
0	vdw	A:CYS:459:CB	A:HOH:960:O
0	vdw	A:CYS:459:SG	A:VAL:495:CG2
0	vdw	A:ASN:458:C	A:VAL:464:CG1
0	vdw	A:GLU:420:CA	A:HOH:953:O
0	vdw	A:GLU:420:CG	A:HOH:953:O
0	vdw	A:ARG:419:NH1	A:ASN:493:C
0	vdw	A:ARG:419:NH1	A:ASN:493:O
0	vdw	A:ARG:419:NH1	A:PRO:494:N
0	vdw	A:ARG:419:NH1	A:PRO:494:O
0	vdw	A:HOH:868:O	A:THR:678:C
0	vdw	A:HOH:868:O	A:THR:678:O
0	vdw	A:GLU:682:N	A:HOH:868:O
0	vdw	A:HOH:857:O	A:SER:653:OG
0	vdw	A:HOH:1040:O	A:SER:653:OG
0	vdw	A:HOH:857:O	A:HOH:992:O
0	vdw	A:HOH:857:O	A:SER:653:CB
0	vdw	A:GLU:681:CB	A:HOH:868:O
0	vdw	A:HOH:1040:O	A:HOH:924:O
0	vdw	A:HOH:924:O	A:THR:650:C
0	vdw	A:HOH:924:O	A:THR:650:O
0	vdw	A:HOH:1040:O	A:SER:653:C
0	vdw	A:HOH:1040:O	A:LEU:654:N
0	vdw	A:HOH:1040:O	A:SER:653:CB
0	vdw	A:HOH:992:O	A:THR:656:OG1
0	vdw	A:HOH:1034:O	A:HOH:992:O
0	vdw	A:ILE:524:CG2	A:LEU:680:CA
0	vdw	A:ILE:524:CG2	A:LEU:680:CB
0	vdw	A:LEU:654:CD2	A:LEU:676:CD2
0	vdw	A:LEU:651:CD1	A:LEU:676:CD2
0	vdw	A:HOH:858:O	A:THR:656:CA
0	vdw	A:HOH:858:O	A:THR:656:C
0	vdw	A:HOH:858:O	A:THR:656:O
0	vdw	A:HOH:1034:O	A:THR:656:O
0	vdw	A:HOH:858:O	A:TRP:659:O
0	vdw	A:ARG:640:NE	A:TRP:659:O
0	vdw	A:ARG:640:CZ	A:TRP:659:O
0	vdw	A:ARG:640:NH2	A:TRP:659:O
0	vdw	A:ARG:640:NE	A:HOH:858:O
0	vdw	A:TRP:606:CE3	A:TRP:659:C
0	vdw	A:TRP:606:CZ3	A:TRP:659:C
0	vdw	A:TRP:606:CZ3	A:TRP:659:O
0	vdw	A:HOH:858:O	A:TRP:659:CB
0	vdw	A:ARG:640:CG	A:HOH:858:O
0	vdw	A:ARG:640:CD	A:HOH:858:O
0	vdw	A:HOH:858:O	A:THR:656:CB
0	vdw	A:ARG:640:CZ	A:HOH:929:O
0	vdw	A:ARG:640:NH2	A:HOH:929:O
0	vdw	A:HOH:929:O	A:HOH:989:O
0	vdw	A:HOH:929:O	A:ILE:635:O
0	vdw	A:ARG:640:NH1	A:HOH:929:O
0	vdw	A:ALA:527:C	A:LEU:676:CD1
0	vdw	A:ALA:527:O	A:LEU:676:CD1
0	vdw	A:LEU:654:CD2	A:LEU:676:CG
0	vdw	A:CYS:658:CB	A:GLY:609:CA
0	vdw	A:GLY:609:CA	A:TRP:659:NE1
0	vdw	A:TRP:606:O	A:TRP:659:CD1
0	vdw	A:TRP:606:O	A:TRP:659:NE1
0	vdw	A:TRP:606:CD2	A:TRP:659:CD1
0	vdw	A:IPA:702:C1	A:TRP:659:CD1
0	vdw	A:IPA:702:C1	A:TRP:659:NE1
0	vdw	A:TRP:659:NE1	A:VAL:610:N
0	vdw	A:TRP:659:NE1	A:VAL:610:CG2
0	vdw	A:TRP:606:CE3	A:TRP:659:CA
0	vdw	A:TRP:606:CZ3	A:TRP:659:CA
0	vdw	A:TRP:606:CZ3	A:TRP:659:CB
0	vdw	A:IPA:702:C1	A:TRP:606:CZ2
0	vdw	A:IPA:702:C2	A:TRP:606:CZ2
0	vdw	A:HOH:834:O	A:TRP:606:CZ2
0	vdw	A:ARG:640:NE	A:TRP:659:CB
0	vdw	A:ARG:640:CD	A:TRP:659:CB
0	vdw	A:ILE:635:CD1	A:TRP:606:CZ2
0	vdw	A:ILE:635:CG2	A:TRP:606:CH2
0	vdw	A:GLU:636:CD	A:HOH:934:O
0	vdw	A:GLU:636:OE1	A:HOH:934:O
0	vdw	A:GLU:636:CB	A:HOH:987:O
0	vdw	A:GLU:636:CD	A:HOH:987:O
0	vdw	A:GLU:636:OE1	A:HOH:987:O
0	vdw	A:HOH:1023:O	A:HOH:880:O
0	vdw	A:GLN:529:NE2	A:HOH:880:O
0	vdw	A:ASP:558:O	A:GLN:529:CD
0	vdw	A:ASP:558:O	A:GLN:529:NE2
0	vdw	A:ALA:527:O	A:PHE:608:CZ
0	vdw	A:0O7:700:O17	A:PHE:608:CA
0	vdw	A:GLY:609:C	A:TRP:659:NE1
0	vdw	A:GLY:609:C	A:TRP:659:CE2
0	vdw	A:GLY:609:C	A:TRP:659:CZ2
0	vdw	A:TRP:588:O	A:TRP:606:CD1
0	vdw	A:MET:589:C	A:TRP:606:CD1
0	vdw	A:ALA:590:N	A:TRP:606:CD1
0	vdw	A:MET:589:C	A:TRP:606:NE1
0	vdw	A:HOH:834:O	A:TRP:606:CE2
0	vdw	A:HOH:834:O	A:TRP:606:NE1
0	vdw	A:MET:589:O	A:TRP:606:NE1
0	vdw	A:IPA:702:C1	A:TRP:606:CE2
0	vdw	A:IPA:702:C1	A:TRP:606:NE1
0	vdw	A:HOH:934:O	A:ILE:632:CG1
0	vdw	A:GLU:636:OE2	A:HOH:934:O
0	vdw	A:CYS:559:SG	A:HOH:963:O
0	vdw	A:GLN:529:OE1	A:VAL:560:N
0	vdw	A:GLN:529:OE1	A:VAL:560:CG2
0	vdw	A:LEU:530:CG	A:VAL:560:CG2
0	vdw	A:LEU:530:CD2	A:VAL:560:CG2
0	vdw	A:TYR:526:O	A:VAL:560:CG2
0	vdw	A:CYS:559:CA	A:GLN:529:OE1
0	vdw	A:TYR:526:CA	A:VAL:560:CG2
0	vdw	A:TYR:526:CB	A:VAL:560:CG2
0	vdw	A:LEU:530:CB	A:PHE:608:CE2
0	vdw	A:0O7:700:C14	A:CYS:611:SG
0	vdw	A:0O7:700:C14	A:VAL:552:CG2
0	vdw	A:0O7:700:O17	A:CYS:611:CB
0	vdw	A:MET:607:CA	A:TRP:588:O
0	vdw	A:MET:607:CB	A:TRP:588:O
0	vdw	A:MET:607:CG	A:TRP:588:O
0	vdw	A:ILE:594:CG1	A:MET:589:CB
0	vdw	A:ILE:594:CD1	A:MET:589:O
0	vdw	A:ILE:586:O	A:ILE:594:CD1
0	vdw	A:HOH:834:O	A:MET:589:O
0	vdw	A:HOH:921:O	A:ILE:594:CG2
0	vdw	A:HOH:965:O	A:SER:555:OG
0	vdw	A:HOH:966:O	A:LYS:561:CE
0	vdw	A:HOH:965:O	A:SER:556:OG
0	vdw	A:HOH:965:O	A:SER:555:CB
0	vdw	A:LYS:561:CE	A:SER:555:OG
0	vdw	A:GLU:500:OE2	A:LYS:561:CE
0	vdw	A:LYS:561:CE	A:SER:555:CB
0	vdw	A:LEU:553:O	A:VAL:560:C
0	vdw	A:LEU:553:O	A:LYS:561:N
0	vdw	A:LYS:561:O	A:VAL:552:CA
0	vdw	A:LYS:561:O	A:VAL:552:C
0	vdw	A:LYS:561:O	A:VAL:552:CG1
0	vdw	A:LEU:553:N	A:LYS:561:O
0	vdw	A:0O7:700:C11	A:ASN:551:O
0	vdw	A:0O7:700:C11	A:ARG:550:CB
0	vdw	A:ASN:551:C	A:GLY:563:O
0	vdw	A:ASN:551:O	A:GLY:563:O
0	vdw	A:0O7:700:C11	A:ASN:551:N
0	vdw	A:0O7:700:O16	A:MET:607:SD
0	vdw	A:0O7:700:O16	A:MET:607:CG
0	vdw	A:MET:589:CG	A:MET:607:CE
0	vdw	A:MET:607:CE	A:TRP:588:C
0	vdw	A:MET:607:CE	A:TRP:588:O
0	vdw	A:MET:607:CE	A:TRP:588:CB
0	vdw	A:ARG:597:NH1	A:HOH:1043:O
0	vdw	A:GLU:500:OE2	A:HOH:819:O
0	vdw	A:CYS:502:SG	A:HOH:819:O
0	vdw	A:HOH:819:O	A:SER:555:CB
0	vdw	A:HOH:819:O	A:LEU:501:O
0	vdw	A:CYS:502:SG	A:VAL:484:CG2
0	vdw	A:CYS:502:SG	A:LEU:553:CB
0	vdw	A:CYS:502:SG	A:HOH:818:O
0	vdw	A:ASN:551:O	A:GLY:563:N
0	vdw	A:ASN:551:N	A:GLY:563:O
0	vdw	A:ASN:551:CA	A:GLY:563:O
0	vdw	A:ALA:549:C	A:HOH:870:O
0	vdw	A:ALA:549:O	A:HOH:870:O
0	vdw	A:HOH:879:O	A:ILE:547:O
0	vdw	A:ALA:548:C	A:HOH:879:O
0	vdw	A:ALA:548:O	A:HOH:879:O
0	vdw	A:ARG:597:NH1	A:LEU:584:CD1
0	vdw	A:ASN:446:ND2	A:HOH:1027:O
0	vdw	A:GLU:500:CA	A:HOH:809:O
0	vdw	A:HOH:809:O	A:LEU:501:N
0	vdw	A:ALA:450:O	A:HOH:809:O
0	vdw	A:GLU:500:O	A:HOH:818:O
0	vdw	A:MET:499:CE	A:PHE:565:CE2
0	vdw	A:MET:499:CE	A:PHE:565:CZ
0	vdw	A:HOH:818:O	A:PHE:565:CZ
0	vdw	A:LEU:553:CD1	A:PHE:565:CZ
0	vdw	A:ALA:549:CB	A:ASP:564:O
0	vdw	A:ASP:564:O	A:HOH:999:O
0	vdw	A:ASP:564:O	A:HOH:887:O
0	vdw	A:HOH:870:O	A:PHE:565:N
0	vdw	A:HOH:870:O	A:PHE:565:CA
0	vdw	A:ALA:549:O	A:ASP:564:CA
0	vdw	A:ALA:549:O	A:ASP:564:C
0	vdw	A:ALA:549:CB	A:HOH:1024:O
0	vdw	A:HOH:1024:O	A:HOH:999:O
0	vdw	A:GLY:431:C	A:HOH:999:O
0	vdw	A:GLN:432:N	A:HOH:999:O
0	vdw	A:HOH:870:O	A:HOH:999:O
0	vdw	A:GLY:431:CA	A:HOH:999:O
0	vdw	A:ALA:548:CB	A:LYS:583:O
0	vdw	A:MET:499:O	A:VAL:451:CA
0	vdw	A:MET:499:O	A:VAL:451:C
0	vdw	A:ALA:452:N	A:MET:499:O
0	vdw	A:ALA:452:O	A:MET:499:O
0	vdw	A:MET:499:O	A:VAL:451:CB
0	vdw	A:LEU:501:CB	A:VAL:451:CA
0	vdw	A:LEU:501:CB	A:VAL:451:C
0	vdw	A:ALA:452:O	A:MET:499:CE
0	vdw	A:ALA:452:CB	A:MET:499:CE
0	vdw	A:ALA:452:CA	A:HIS:437:O
0	vdw	A:ALA:452:CB	A:LEU:501:CD1
0	vdw	A:LYS:454:CG	A:MET:499:CE
0	vdw	A:GLN:432:N	A:HOH:887:O
0	vdw	A:HOH:806:O	A:HOH:887:O
0	vdw	A:GLY:431:CA	A:HOH:887:O
0	vdw	A:GLN:432:CA	A:HOH:1024:O
0	vdw	A:GLN:432:CB	A:HOH:1024:O
0	vdw	A:MET:442:CB	A:PRO:447:O
0	vdw	A:LEU:449:N	A:TYR:441:O
0	vdw	A:ALA:448:CA	A:ILE:440:CG2
0	vdw	A:ARG:421:O	A:TYR:441:C
0	vdw	A:ILE:440:C	A:LEU:449:O
0	vdw	A:LEU:449:O	A:TYR:441:N
0	vdw	A:ARG:421:O	A:TYR:441:CA
0	vdw	A:ILE:440:CA	A:LEU:449:O
0	vdw	A:GLY:439:CA	A:VAL:451:CG2
0	vdw	A:GLY:439:C	A:VAL:451:CG2
0	vdw	A:GLY:439:O	A:VAL:451:CG2
0	vdw	A:ALA:452:C	A:HIS:437:O
0	vdw	A:HIS:437:O	A:ILE:453:N
0	vdw	A:HIS:437:O	A:ILE:453:CA
0	vdw	A:HOH:805:O	A:LYS:454:CA
0	vdw	A:HOH:805:O	A:LYS:454:C
0	vdw	A:HOH:805:O	A:LYS:454:CB
0	vdw	A:HOH:805:O	A:THR:455:N
0	vdw	A:ILE:453:O	A:VAL:436:CA
0	vdw	A:ILE:453:O	A:VAL:436:C
0	vdw	A:HIS:437:N	A:ILE:453:O
0	vdw	A:ASP:435:O	A:THR:455:N
0	vdw	A:ILE:453:O	A:VAL:436:CG1
0	vdw	A:HOH:806:O	A:PHE:433:N
0	vdw	A:HOH:806:O	A:PHE:433:CA
0	vdw	A:HOH:806:O	A:PHE:433:CB
0	vdw	A:HOH:805:O	A:THR:455:O
0	vdw	A:GLY:434:C	A:HOH:805:O
0	vdw	A:GLY:434:O	A:HOH:805:O
0	vdw	A:ASP:435:O	A:HOH:805:O
0	vdw	A:GLY:431:C	A:HOH:806:O
0	vdw	A:GLN:432:N	A:HOH:806:O
0	vdw	A:GLY:431:CA	A:HOH:806:O
0	vdw	A:ARG:421:O	A:MET:442:N
0	vdw	A:ARG:421:O	A:MET:442:CG
0	vdw	A:ARG:421:O	A:ILE:440:O
0	vdw	A:ILE:422:CA	A:ILE:440:O
0	vdw	A:GLU:423:N	A:ILE:440:O
0	vdw	A:ILE:422:C	A:ILE:440:O
0	vdw	A:ILE:422:CG2	A:ILE:453:CD1
0	vdw	A:ILE:422:CG2	A:TRP:496:CZ3
0	vdw	A:ILE:453:CG2	A:TRP:496:CG
0	vdw	A:ILE:453:CG2	A:TRP:496:CD2
0	vdw	A:GLY:439:CA	A:ILE:453:CD1
0	vdw	A:THR:455:CG2	A:TRP:496:CD1
0	vdw	A:HIS:437:CD2	A:THR:455:CG2
0	vdw	A:ASP:435:O	A:THR:455:CB
0	vdw	A:ASP:435:O	A:THR:455:CG2
0	vdw	A:CYS:456:CA	A:PHE:433:O
0	vdw	A:CYS:456:N	A:HOH:891:O
0	vdw	A:ASP:435:O	A:THR:455:CA
0	vdw	A:GLY:434:CA	A:THR:455:O
0	vdw	A:CYS:456:C	A:PHE:433:O
0	vdw	A:LYS:457:N	A:PHE:433:O
0	vdw	A:HOH:807:O	A:PHE:433:O
0	vdw	A:HOH:807:O	A:LYS:457:N
0	vdw	A:HOH:1009:O	A:HOH:807:O
0	vdw	A:ASN:458:N	A:HOH:807:O
0	vdw	A:ASN:458:CA	A:HOH:807:O
0	vdw	A:ASN:458:CB	A:HOH:807:O
0	vdw	A:ASN:458:ND2	A:HOH:1009:O
0	vdw	A:GLU:420:O	A:MET:442:CE
0	vdw	A:HOH:803:O	A:MET:442:CE
0	vdw	A:ARG:421:O	A:MET:442:CE
0	vdw	A:HOH:954:O	A:ILE:422:O
0	vdw	A:GLU:420:O	A:HOH:803:O
0	vdw	A:HOH:803:O	A:HOH:954:O
0	vdw	A:HOH:952:O	A:ILE:422:O
0	vdw	A:HOH:952:O	A:TRP:496:CH2
0	vdw	A:HOH:1025:O	A:ILE:422:O
0	vdw	A:HOH:1025:O	A:HOH:952:O
0	vdw	A:LEU:424:CD2	A:TRP:496:CZ2
0	vdw	A:HOH:1011:O	A:PRO:494:CB
0	vdw	A:HOH:1011:O	A:TRP:496:NE1
0	vdw	A:CYS:456:O	A:HOH:891:O
0	vdw	A:HOH:1010:O	A:LYS:457:O
0	vdw	A:ASN:458:OD1	A:HOH:1010:O
0	vdw	A:HOH:991:O	A:THR:650:N
0	vdw	A:HOH:991:O	A:THR:650:CB
0	vdw	A:HOH:991:O	A:THR:650:CG2
0	vdw	A:HOH:913:O	A:ILE:679:O
0	vdw	A:HOH:913:O	A:ILE:679:CG2
0	vdw	A:GLU:683:CB	A:HOH:913:O
0	vdw	A:HOH:991:O	A:THR:650:OG1
0	vdw	A:GLY:638:C	A:HOH:853:O
0	vdw	A:GLY:638:O	A:HOH:853:O
0	vdw	A:GLY:638:CA	A:HOH:853:O
0	vdw	A:ALA:521:O	A:LEU:680:CD1
0	vdw	A:GLU:683:CB	A:ILE:524:CD1
0	vdw	A:GLU:683:CG	A:ILE:524:CD1
0	vdw	A:LEU:616:CG	A:LEU:651:CD2
0	vdw	A:LEU:616:CD2	A:LEU:651:CD2
0	vdw	A:IPA:702:C3	A:TRP:659:CE3
0	vdw	A:ARG:640:CB	A:IPA:702:C3
0	vdw	A:ARG:640:CD	A:IPA:702:C2
0	vdw	A:ARG:640:CD	A:IPA:702:C3
0	vdw	A:ARG:640:NH1	A:ILE:635:O
0	vdw	A:ARG:634:O	A:GLU:639:N
0	vdw	A:MET:612:C	A:MET:655:CE
0	vdw	A:MET:612:O	A:MET:655:CE
0	vdw	A:GLY:609:O	A:TRP:659:CZ2
0	vdw	A:MET:655:SD	A:TRP:613:CA
0	vdw	A:MET:655:SD	A:TRP:613:CB
0	vdw	A:MET:655:CE	A:TRP:613:CA
0	vdw	A:IPA:702:C1	A:TRP:659:CD2
0	vdw	A:IPA:702:C2	A:TRP:659:CD2
0	vdw	A:IPA:702:C3	A:TRP:659:CD2
0	vdw	A:IPA:702:C1	A:TRP:659:CE2
0	vdw	A:IPA:702:C3	A:TRP:659:CE2
0	vdw	A:IPA:702:C3	A:TRP:659:CZ3
0	vdw	A:HOH:834:O	A:IPA:702:C1
0	vdw	A:IPA:702:C3	A:LEU:641:N
0	vdw	A:IPA:702:C3	A:LEU:641:CG
0	vdw	A:IPA:702:C3	A:LEU:641:CB
0	vdw	A:ARG:640:CA	A:IPA:702:C3
0	vdw	A:ARG:640:C	A:IPA:702:C3
0	vdw	A:IPA:702:O2	A:PHE:623:CE1
0	vdw	A:IPA:702:O2	A:PHE:623:CZ
0	vdw	A:ARG:634:O	A:GLU:639:CG
0	vdw	A:ARG:634:O	A:GLU:639:CA
0	vdw	A:ARG:634:O	A:GLU:639:CB
0	vdw	A:GLY:633:CA	A:HOH:987:O
0	vdw	A:ASP:558:CB	A:HOH:825:O
0	vdw	A:TYR:526:CG	A:VAL:560:CG1
0	vdw	A:TYR:526:CD1	A:VAL:560:CG1
0	vdw	A:ASN:557:O	A:TYR:526:CE1
0	vdw	A:TRP:588:CD1	A:VAL:610:CG1
0	vdw	A:PRO:622:CG	A:VAL:610:CG1
0	vdw	A:IPA:702:C1	A:VAL:610:CG2
0	vdw	A:HOH:834:O	A:LYS:587:C
0	vdw	A:HOH:834:O	A:LYS:587:O
0	vdw	A:HOH:847:O	A:ILE:632:N
0	vdw	A:HOH:847:O	A:ILE:632:CB
0	vdw	A:HOH:849:O	A:ILE:632:CG2
0	vdw	A:HOH:935:O	A:ILE:632:CG2
0	vdw	A:GLY:633:N	A:HOH:849:O
0	vdw	A:GLY:633:CA	A:HOH:849:O
0	vdw	A:HOH:849:O	A:HOH:935:O
0	vdw	A:HOH:921:O	A:ILE:632:CG2
0	vdw	A:GLY:633:CA	A:HOH:851:O
0	vdw	A:HOH:849:O	A:HOH:936:O
0	vdw	A:ASN:629:O	A:HOH:849:O
0	vdw	A:ASP:630:CA	A:HOH:849:O
0	vdw	A:ASP:630:C	A:HOH:849:O
0	vdw	A:ASP:558:CA	A:HOH:825:O
0	vdw	A:LEU:553:O	A:VAL:560:CA
0	vdw	A:LEU:553:O	A:VAL:560:CB
0	vdw	A:VAL:552:CG1	A:VAL:560:CB
0	vdw	A:IPA:701:C1	A:LEU:507:CD2
0	vdw	A:LEU:507:CD2	A:VAL:552:CG1
0	vdw	A:CYS:611:SG	A:IPA:701:C1
0	vdw	A:GLU:614:OE2	A:TRP:588:CD1
0	vdw	A:GLU:614:OE2	A:TRP:588:NE1
0	vdw	A:PRO:622:CG	A:TRP:588:CE2
0	vdw	A:PRO:622:CD	A:TRP:588:CE2
0	vdw	A:PRO:622:CD	A:TRP:588:NE1
0	vdw	A:GLU:614:CD	A:TRP:588:NE1
0	vdw	A:GLU:614:OE1	A:TRP:588:NE1
0	vdw	A:HOH:833:O	A:LYS:587:N
0	vdw	A:LYS:587:O	A:PHE:623:CD1
0	vdw	A:HOH:847:O	A:VAL:631:CB
0	vdw	A:HOH:847:O	A:HOH:921:O
0	vdw	A:ASN:628:O	A:HOH:847:O
0	vdw	A:HOH:847:O	A:ILE:632:CG2
0	vdw	A:HOH:850:O	A:HOH:921:O
0	vdw	A:ASN:629:O	A:HOH:850:O
0	vdw	A:LEU:504:CD1	A:SER:556:CA
0	vdw	A:HOH:820:O	A:SER:555:C
0	vdw	A:CYS:502:CB	A:VAL:554:C
0	vdw	A:GLY:505:O	A:LEU:553:C
0	vdw	A:GLY:505:O	A:VAL:554:N
0	vdw	A:LEU:507:N	A:VAL:552:O
0	vdw	A:LEU:507:CB	A:VAL:552:O
0	vdw	A:LEU:507:CB	A:VAL:552:CG1
0	vdw	A:HOH:871:O	A:VAL:552:O
0	vdw	A:HOH:1008:O	A:HOH:879:O
0	vdw	A:HOH:833:O	A:PRO:585:C
0	vdw	A:HOH:833:O	A:ILE:586:N
0	vdw	A:ASN:628:O	A:ILE:586:CG2
0	vdw	A:HOH:1042:O	A:HOH:848:O
0	vdw	A:ASN:629:ND2	A:HOH:848:O
0	vdw	A:ASN:628:C	A:HOH:848:O
0	vdw	A:ASN:628:CB	A:HOH:848:O
0	vdw	A:ASN:629:N	A:HOH:848:O
0	vdw	A:ASN:629:CA	A:HOH:848:O
0	vdw	A:HOH:1042:O	A:HOH:921:O
0	vdw	A:ASN:629:ND2	A:HOH:939:O
0	vdw	A:CYS:502:C	A:VAL:554:O
0	vdw	A:HOH:820:O	A:THR:503:N
0	vdw	A:HOH:820:O	A:SER:555:CA
0	vdw	A:HOH:820:O	A:SER:555:O
0	vdw	A:CYS:502:CB	A:VAL:554:O
0	vdw	A:HOH:820:O	A:LEU:501:O
0	vdw	A:LEU:504:N	A:VAL:554:O
0	vdw	A:LEU:504:CA	A:VAL:554:O
0	vdw	A:LEU:504:CB	A:VAL:554:O
0	vdw	A:HOH:820:O	A:THR:503:CB
0	vdw	A:HOH:820:O	A:THR:503:OG1
0	vdw	A:HOH:820:O	A:THR:503:CG2
0	vdw	A:CYS:502:CB	A:LEU:553:CB
0	vdw	A:CYS:502:CB	A:HOH:818:O
0	vdw	A:LEU:553:CD1	A:PHE:565:CE1
0	vdw	A:GLY:505:O	A:LEU:553:CA
0	vdw	A:GLY:505:O	A:LEU:553:CB
0	vdw	A:ASN:551:CB	A:PHE:565:O
0	vdw	A:ASN:551:CG	A:PHE:565:O
0	vdw	A:ASN:551:ND2	A:PHE:565:C
0	vdw	A:ASN:551:ND2	A:PHE:565:O
0	vdw	A:ASN:551:ND2	A:GLY:566:CA
0	vdw	A:ASN:551:CG	A:GLU:506:OE2
0	vdw	A:ASN:551:ND2	A:GLU:506:CD
0	vdw	A:ASN:551:ND2	A:GLU:506:OE2
0	vdw	A:ASN:551:ND2	A:GLU:506:CG
0	vdw	A:ASN:551:OD1	A:HOH:871:O
0	vdw	A:ARG:550:O	A:HOH:879:O
0	vdw	A:HOH:1001:O	A:LYS:583:O
0	vdw	A:HOH:818:O	A:LEU:501:CA
0	vdw	A:HOH:818:O	A:LEU:501:C
0	vdw	A:CYS:502:N	A:HOH:818:O
0	vdw	A:CYS:502:O	A:LEU:567:CD1
0	vdw	A:HOH:818:O	A:PHE:565:CE1
0	vdw	A:LEU:553:CD1	A:LEU:567:CD1
0	vdw	A:HOH:818:O	A:LEU:553:CD1
0	vdw	A:GLY:505:CA	A:LEU:567:CD1
0	vdw	A:GLY:429:CA	A:GLY:566:O
0	vdw	A:GLU:430:N	A:GLY:566:O
0	vdw	A:ILE:428:CG1	A:LEU:567:CD2
0	vdw	A:ILE:428:CD1	A:LEU:567:CD2
0	vdw	A:HOH:870:O	A:PHE:565:C
0	vdw	A:GLY:566:N	A:HOH:870:O
0	vdw	A:GLU:430:O	A:GLY:566:N
0	vdw	A:GLU:430:O	A:GLY:566:CA
0	vdw	A:GLY:566:CA	A:HOH:886:O
0	vdw	A:GLU:506:OE2	A:GLY:566:CA
0	vdw	A:HOH:1002:O	A:LYS:583:N
0	vdw	A:ALA:450:CB	A:LEU:501:CD2
0	vdw	A:ALA:450:CA	A:GLY:439:O
0	vdw	A:ALA:450:C	A:GLY:439:O
0	vdw	A:GLN:438:C	A:VAL:451:O
0	vdw	A:GLY:439:N	A:VAL:451:O
0	vdw	A:GLN:438:CA	A:VAL:451:O
0	vdw	A:ILE:428:CD1	A:LEU:501:CD1
0	vdw	A:GLU:430:C	A:VAL:436:CG2
0	vdw	A:ALA:448:CB	A:ILE:440:CG2
0	vdw	A:GLU:423:O	A:ILE:440:N
0	vdw	A:GLY:439:O	A:VAL:451:N
0	vdw	A:GLU:423:O	A:GLY:439:CA
0	vdw	A:GLU:423:O	A:GLY:439:C
0	vdw	A:GLN:438:O	A:GLY:425:N
0	vdw	A:GLN:438:O	A:GLY:425:CA
0	vdw	A:GLN:438:O	A:GLY:425:C
0	vdw	A:ARG:426:O	A:HIS:437:CA
0	vdw	A:ARG:426:O	A:HIS:437:C
0	vdw	A:HIS:437:C	A:ILE:428:CG1
0	vdw	A:HIS:437:C	A:ILE:428:CD1
0	vdw	A:GLY:429:O	A:VAL:436:N
0	vdw	A:GLY:429:C	A:VAL:436:N
0	vdw	A:GLY:434:C	A:HOH:1032:O
0	vdw	A:ASP:435:N	A:THR:455:OG1
0	vdw	A:ASP:435:N	A:HOH:1032:O
0	vdw	A:ASP:435:C	A:THR:455:OG1
0	vdw	A:ASP:435:O	A:THR:455:OG1
0	vdw	A:ASP:435:CA	A:GLY:429:O
0	vdw	A:GLU:423:OE1	A:ILE:440:CD1
0	vdw	A:HOH:957:O	A:ILE:440:CD1
0	vdw	A:HIS:437:CB	A:LEU:424:CD1
0	vdw	A:HIS:437:CG	A:LEU:424:CD1
0	vdw	A:HOH:1032:O	A:THR:455:OG1
0	vdw	A:HOH:1032:O	A:LYS:457:CG
0	vdw	A:GLY:434:CA	A:HOH:1032:O
0	vdw	A:ASP:435:CB	A:CYS:427:SG
0	vdw	A:GLU:423:CG	A:HOH:956:O
0	vdw	A:HOH:1025:O	A:HOH:956:O
0	vdw	A:HOH:1025:O	A:LEU:424:N
0	vdw	A:HOH:1025:O	A:LEU:424:CB
0	vdw	A:HOH:991:O	A:PRO:649:CD
0	vdw	A:HOH:991:O	A:PRO:649:N
0	vdw	A:GLU:683:CD	A:LEU:520:CD2
0	vdw	A:GLU:683:OE2	A:LEU:520:CD2
0	vdw	A:LEU:520:CD1	A:PRO:648:CD
0	vdw	A:LEU:520:CD2	A:PRO:648:CG
0	vdw	A:LEU:520:CD2	A:PRO:648:CD
0	vdw	A:CYS:647:C	A:HOH:916:O
0	vdw	A:MET:643:SD	A:TYR:652:CB
0	vdw	A:MET:643:CG	A:TYR:652:CB
0	vdw	A:MET:643:CB	A:TYR:652:CG
0	vdw	A:MET:643:CG	A:TYR:652:CG
0	vdw	A:MET:643:CA	A:TYR:652:CG
0	vdw	A:MET:643:CB	A:TYR:652:CD2
0	vdw	A:ALA:521:CA	A:HOH:914:O
0	vdw	A:ALA:521:CB	A:HOH:914:O
0	vdw	A:ALA:521:N	A:HOH:914:O
0	vdw	A:HOH:914:O	A:LEU:520:N
0	vdw	A:HOH:914:O	A:HOH:971:O
0	vdw	A:ASP:519:CB	A:HOH:914:O
0	vdw	A:GLU:683:OE1	A:HOH:914:O
0	vdw	A:LEU:520:CD1	A:LEU:616:CD1
0	vdw	A:CYS:647:SG	A:LEU:616:CG
0	vdw	A:MET:643:CA	A:TYR:652:CD1
0	vdw	A:LEU:641:O	A:TYR:652:CE1
0	vdw	A:LEU:641:O	A:TYR:652:CZ
0	vdw	A:LEU:641:O	A:TYR:652:OH
0	vdw	A:LEU:641:C	A:TYR:652:OH
0	vdw	A:PRO:642:C	A:TYR:652:CE1
0	vdw	A:PRO:642:O	A:TYR:652:CE1
0	vdw	A:MET:643:N	A:TYR:652:CE1
0	vdw	A:MET:643:CA	A:TYR:652:CE1
0	vdw	A:PRO:642:C	A:TYR:652:CZ
0	vdw	A:MET:643:N	A:TYR:652:CZ
0	vdw	A:ARG:640:O	A:HOH:854:O
0	vdw	A:ARG:640:O	A:HOH:988:O
0	vdw	A:GLU:639:CA	A:HOH:854:O
0	vdw	A:GLU:639:CB	A:HOH:854:O
0	vdw	A:ARG:640:N	A:HOH:854:O
0	vdw	A:HOH:854:O	A:HOH:988:O
0	vdw	A:GLU:639:OE2	A:HOH:930:O
0	vdw	A:GLU:639:CD	A:HOH:933:O
0	vdw	A:GLU:639:OE2	A:HOH:933:O
0	vdw	A:GLU:639:CD	A:HOH:932:O
0	vdw	A:GLU:639:OE2	A:HOH:932:O
0	vdw	A:ASN:637:OD1	A:HOH:932:O
0	vdw	A:HOH:915:O	A:SER:522:OG
0	vdw	A:ASP:519:OD1	A:HOH:915:O
0	vdw	A:HOH:919:O	A:LEU:616:CD1
0	vdw	A:LEU:641:CB	A:TRP:613:CD1
0	vdw	A:LEU:641:CB	A:TRP:613:CE2
0	vdw	A:LEU:641:CB	A:TRP:613:NE1
0	vdw	A:LEU:641:CD1	A:TRP:613:CD2
0	vdw	A:PRO:644:CG	A:TRP:613:CD1
0	vdw	A:PRO:642:O	A:TRP:613:CD1
0	vdw	A:PRO:642:O	A:TRP:613:NE1
0	vdw	A:ARG:634:CB	A:GLU:639:OE1
0	vdw	A:ARG:634:CG	A:GLU:639:OE1
0	vdw	A:GLU:639:OE1	A:HOH:933:O
0	vdw	A:ARG:634:N	A:HOH:851:O
0	vdw	A:GLU:639:OE1	A:HOH:852:O
0	vdw	A:HOH:825:O	A:SER:522:OG
0	vdw	A:ASN:557:C	A:HOH:825:O
0	vdw	A:ASN:557:O	A:HOH:825:O
0	vdw	A:HOH:881:O	A:SER:522:OG
0	vdw	A:LEU:511:CD2	A:LEU:523:CD2
0	vdw	A:GLU:614:O	A:GLY:619:N
0	vdw	A:GLU:614:O	A:GLY:619:CA
0	vdw	A:LEU:641:CD1	A:PRO:622:CB
0	vdw	A:PRO:622:CA	A:TRP:613:CZ3
0	vdw	A:HOH:901:O	A:LEU:641:CD2
0	vdw	A:ASP:630:C	A:HOH:851:O
0	vdw	A:ASP:630:O	A:HOH:851:O
0	vdw	A:ARG:634:CD	A:HOH:852:O
0	vdw	A:HOH:851:O	A:HOH:936:O
0	vdw	A:ASP:630:CA	A:HOH:851:O
0	vdw	A:ASP:630:CB	A:HOH:851:O
0	vdw	A:ASP:630:OD2	A:HOH:936:O
0	vdw	A:ASN:557:N	A:LEU:504:CD1
0	vdw	A:ASN:557:CB	A:HOH:1004:O
0	vdw	A:ASN:557:CG	A:HOH:1004:O
0	vdw	A:ASN:557:C	A:TYR:526:OH
0	vdw	A:ASN:557:O	A:TYR:526:OH
0	vdw	A:PHE:510:CE2	A:TYR:526:OH
0	vdw	A:ASN:557:O	A:TYR:526:CZ
0	vdw	A:LEU:518:CD2	A:TYR:526:OH
0	vdw	A:ILE:615:CA	A:LEU:511:CD1
0	vdw	A:ARG:508:CA	A:IPA:701:C3
0	vdw	A:ARG:508:NH1	A:GLU:614:CD
0	vdw	A:ARG:508:NH1	A:GLU:614:OE1
0	vdw	A:GLU:614:CD	A:PRO:622:CD
0	vdw	A:GLU:614:OE1	A:PRO:622:CD
0	vdw	A:ARG:508:NH2	A:GLU:614:CD
0	vdw	A:ARG:508:CZ	A:GLU:614:OE1
0	vdw	A:ARG:508:NH2	A:GLU:614:OE1
0	vdw	A:ARG:508:NH1	A:GLY:619:C
0	vdw	A:ARG:508:NH1	A:GLY:619:O
0	vdw	A:GLU:614:CG	A:VAL:620:O
0	vdw	A:GLU:614:OE1	A:TRP:588:CZ2
0	vdw	A:ARG:508:NH1	A:LYS:621:CG
0	vdw	A:PRO:622:CG	A:TRP:588:CZ2
0	vdw	A:PRO:622:CD	A:TRP:588:CZ2
0	vdw	A:PRO:622:N	A:TRP:613:CZ3
0	vdw	A:LYS:587:CD	A:PHE:623:CB
0	vdw	A:HOH:833:O	A:LYS:587:CB
0	vdw	A:LYS:587:CD	A:PRO:622:O
0	vdw	A:HOH:835:O	A:LYS:587:CD
0	vdw	A:LYS:587:CG	A:PHE:623:CB
0	vdw	A:LYS:587:CG	A:VAL:631:CG2
0	vdw	A:LYS:587:CE	A:PHE:623:CB
0	vdw	A:ASN:628:OD1	A:LYS:587:CG
0	vdw	A:ASN:628:OD1	A:LYS:587:CE
0	vdw	A:LYS:587:CE	A:PHE:623:O
0	vdw	A:LYS:587:CE	A:VAL:626:O
0	vdw	A:ASP:630:OD2	A:HOH:937:O
0	vdw	A:LEU:504:CD1	A:SER:556:C
0	vdw	A:LEU:504:CD1	A:PHE:510:CE1
0	vdw	A:LEU:507:N	A:VAL:554:CG2
0	vdw	A:LEU:507:CA	A:VAL:554:CG2
0	vdw	A:LEU:507:CB	A:VAL:554:CG2
0	vdw	A:GLY:505:O	A:VAL:554:CB
0	vdw	A:GLY:505:O	A:VAL:554:CG2
0	vdw	A:LEU:507:CD1	A:VAL:554:CG2
0	vdw	A:HOH:871:O	A:LEU:507:N
0	vdw	A:GLU:506:O	A:HOH:1028:O
0	vdw	A:ARG:508:N	A:HOH:871:O
0	vdw	A:ARG:508:CB	A:HOH:871:O
0	vdw	A:HOH:871:O	A:IPA:701:O2
0	vdw	A:ARG:508:NH2	A:IPA:701:O2
0	vdw	A:ARG:508:CB	A:HOH:885:O
0	vdw	A:ARG:508:NE	A:HOH:948:O
0	vdw	A:ARG:508:CZ	A:LYS:621:CG
0	vdw	A:HOH:833:O	A:TRP:588:CZ3
0	vdw	A:ASN:628:CG	A:HOH:833:O
0	vdw	A:ASN:628:OD1	A:HOH:833:O
0	vdw	A:HOH:833:O	A:LYS:587:CG
0	vdw	A:ASN:628:CG	A:HOH:981:O
0	vdw	A:ASN:628:OD1	A:HOH:981:O
0	vdw	A:ASN:629:N	A:HOH:939:O
0	vdw	A:ASN:629:CB	A:HOH:939:O
0	vdw	A:ASN:629:CG	A:HOH:939:O
0	vdw	A:ASN:628:N	A:HOH:981:O
0	vdw	A:ASN:628:CB	A:HOH:981:O
0	vdw	A:LEU:504:CB	A:VAL:554:CB
0	vdw	A:LEU:504:CB	A:VAL:554:CG1
0	vdw	A:HOH:1028:O	A:LEU:504:O
0	vdw	A:GLY:505:CA	A:HOH:968:O
0	vdw	A:GLY:505:C	A:HOH:968:O
0	vdw	A:GLU:506:CG	A:LEU:567:N
0	vdw	A:GLU:506:CG	A:LEU:567:O
0	vdw	A:GLU:506:N	A:HOH:968:O
0	vdw	A:GLU:506:CB	A:HOH:885:O
0	vdw	A:GLU:506:N	A:HOH:1028:O
0	vdw	A:GLU:506:CD	A:HOH:885:O
0	vdw	A:GLU:506:OE1	A:HOH:885:O
0	vdw	A:GLU:506:OE1	A:HOH:969:O
0	vdw	A:HOH:967:O	A:THR:503:CG2
0	vdw	A:HOH:967:O	A:THR:503:CA
0	vdw	A:HOH:967:O	A:THR:503:O
0	vdw	A:HOH:886:O	A:LEU:567:N
0	vdw	A:ILE:428:O	A:LEU:567:CA
0	vdw	A:ILE:428:O	A:LEU:567:C
0	vdw	A:GLU:506:CD	A:LEU:567:N
0	vdw	A:GLU:506:OE2	A:LEU:567:N
0	vdw	A:GLU:506:CD	A:LEU:567:O
0	vdw	A:GLU:506:OE1	A:LEU:567:O
0	vdw	A:HOH:968:O	A:LEU:567:O
0	vdw	A:HOH:969:O	A:LEU:567:O
0	vdw	A:GLY:566:C	A:HOH:886:O
0	vdw	A:GLU:430:N	A:HOH:886:O
0	vdw	A:GLN:438:OE1	A:ILE:428:CG2
0	vdw	A:GLN:438:N	A:ILE:428:CG1
0	vdw	A:GLN:438:N	A:ILE:428:CD1
0	vdw	A:ILE:428:CG1	A:VAL:436:O
0	vdw	A:ILE:428:CA	A:VAL:436:O
0	vdw	A:GLY:429:N	A:VAL:436:O
0	vdw	A:GLY:429:CA	A:HOH:886:O
0	vdw	A:HOH:946:O	A:HOH:957:O
0	vdw	A:GLY:425:CA	A:HOH:946:O
0	vdw	A:ARG:426:N	A:HOH:946:O
0	vdw	A:ARG:426:CG	A:HOH:946:O
0	vdw	A:GLN:438:CB	A:ILE:428:CG2
0	vdw	A:ARG:426:O	A:GLN:438:N
0	vdw	A:ARG:426:C	A:HIS:437:ND1
0	vdw	A:CYS:427:N	A:HOH:804:O
0	vdw	A:CYS:427:CA	A:VAL:436:O
0	vdw	A:CYS:427:C	A:VAL:436:O
0	vdw	A:CYS:427:SG	A:VAL:436:O
0	vdw	A:ILE:428:N	A:VAL:436:O
0	vdw	A:CYS:427:SG	A:HOH:947:O
0	vdw	A:GLY:429:O	A:VAL:436:O
0	vdw	A:ASP:435:CG	A:CYS:427:SG
0	vdw	A:CYS:427:CB	A:HOH:804:O
0	vdw	A:GLY:429:O	A:HOH:947:O
0	vdw	A:ASP:435:OD2	A:GLU:430:CG
0	vdw	A:GLU:430:CG	A:HOH:947:O
0	vdw	A:GLY:425:O	A:HIS:437:ND1
0	vdw	A:HOH:917:O	A:MET:643:CE
0	vdw	A:CYS:647:O	A:HOH:916:O
0	vdw	A:HOH:916:O	A:MET:643:CE
0	vdw	A:HOH:916:O	A:HOH:990:O
0	vdw	A:HOH:855:O	A:MET:643:CB
0	vdw	A:HOH:1018:O	A:MET:643:CE
0	vdw	A:HOH:855:O	A:MET:643:N
0	vdw	A:HOH:971:O	A:LEU:520:N
0	vdw	A:HOH:971:O	A:LEU:520:CB
0	vdw	A:HOH:972:O	A:LEU:520:N
0	vdw	A:HOH:972:O	A:LEU:520:CA
0	vdw	A:ASP:519:C	A:HOH:971:O
0	vdw	A:HOH:919:O	A:PRO:645:O
0	vdw	A:CYS:647:N	A:HOH:919:O
0	vdw	A:HOH:919:O	A:LEU:616:O
0	vdw	A:HOH:856:O	A:PRO:645:O
0	vdw	A:MET:617:SD	A:PRO:644:CA
0	vdw	A:HOH:1017:O	A:MET:643:O
0	vdw	A:HOH:1017:O	A:PRO:644:C
0	vdw	A:HOH:1017:O	A:PRO:644:O
0	vdw	A:HOH:988:O	A:PRO:642:CA
0	vdw	A:HOH:988:O	A:PRO:642:CB
0	vdw	A:HOH:903:O	A:PRO:642:CG
0	vdw	A:ASP:519:N	A:HOH:881:O
0	vdw	A:ASP:519:CG	A:HOH:881:O
0	vdw	A:ASP:519:OD1	A:HOH:881:O
0	vdw	A:ASP:519:OD2	A:HOH:881:O
0	vdw	A:ASP:519:CA	A:HOH:971:O
0	vdw	A:ASP:519:CB	A:HOH:971:O
0	vdw	A:HOH:824:O	A:LEU:518:C
0	vdw	A:HOH:824:O	A:LEU:518:O
0	vdw	A:HOH:972:O	A:LEU:518:O
0	vdw	A:HOH:824:O	A:HOH:972:O
0	vdw	A:HIS:618:CE1	A:HOH:824:O
0	vdw	A:HOH:918:O	A:HOH:972:O
0	vdw	A:HOH:824:O	A:LEU:518:CB
0	vdw	A:HOH:824:O	A:LYS:515:C
0	vdw	A:HOH:824:O	A:LYS:515:O
0	vdw	A:HIS:618:CE1	A:LEU:523:CD1
0	vdw	A:HIS:618:CE1	A:HOH:918:O
0	vdw	A:HIS:618:NE2	A:HOH:918:O
0	vdw	A:HOH:856:O	A:HOH:918:O
0	vdw	A:LEU:616:O	A:PRO:644:CB
0	vdw	A:MET:617:CG	A:PRO:644:CG
0	vdw	A:MET:617:SD	A:PRO:644:CB
0	vdw	A:MET:617:SD	A:PRO:644:CG
0	vdw	A:HOH:903:O	A:MET:617:SD
0	vdw	A:MET:617:SD	A:PRO:645:CD
0	vdw	A:HOH:903:O	A:TRP:613:CZ2
0	vdw	A:HOH:903:O	A:MET:617:CE
0	vdw	A:HOH:1000:O	A:HOH:852:O
0	vdw	A:ARG:634:NH2	A:HOH:852:O
0	vdw	A:ARG:634:NH2	A:HOH:933:O
0	vdw	A:ARG:634:NH2	A:VAL:626:CG2
0	vdw	A:ARG:634:CZ	A:HOH:933:O
0	vdw	A:ASN:557:ND2	A:HOH:1004:O
0	vdw	A:ARG:514:NH1	A:HOH:1004:O
0	vdw	A:HOH:881:O	A:LEU:518:CA
0	vdw	A:LEU:511:CD2	A:LEU:518:CD1
0	vdw	A:HIS:618:ND1	A:HOH:821:O
0	vdw	A:HOH:821:O	A:LEU:511:CA
0	vdw	A:HOH:821:O	A:LEU:511:C
0	vdw	A:HOH:821:O	A:LYS:515:CA
0	vdw	A:HIS:618:CG	A:HOH:821:O
0	vdw	A:HIS:618:CB	A:HOH:821:O
0	vdw	A:HOH:821:O	A:LEU:511:O
0	vdw	A:ARG:514:O	A:HOH:821:O
0	vdw	A:HOH:844:O	A:MET:617:C
0	vdw	A:HOH:844:O	A:MET:617:O
0	vdw	A:LYS:621:C	A:TRP:613:CZ3
0	vdw	A:HOH:846:O	A:PHE:623:N
0	vdw	A:HOH:901:O	A:PHE:623:N
0	vdw	A:HOH:901:O	A:PHE:623:CA
0	vdw	A:HOH:846:O	A:HOH:901:O
0	vdw	A:GLN:624:N	A:HOH:846:O
0	vdw	A:HOH:902:O	A:PHE:623:C
0	vdw	A:GLN:624:N	A:HOH:902:O
0	vdw	A:GLN:624:CB	A:HOH:846:O
0	vdw	A:HOH:1015:O	A:HOH:846:O
0	vdw	A:GLN:624:O	A:HOH:902:O
0	vdw	A:GLN:624:CG	A:HOH:846:O
0	vdw	A:ARG:634:CZ	A:VAL:626:CG2
0	vdw	A:ARG:634:NE	A:VAL:626:CG1
0	vdw	A:ARG:634:NH1	A:HOH:1031:O
0	vdw	A:ASN:557:OD1	A:PHE:510:CZ
0	vdw	A:ARG:514:NH1	A:ASN:557:OD1
0	vdw	A:HIS:618:O	A:LEU:511:C
0	vdw	A:HIS:618:C	A:LEU:511:CB
0	vdw	A:HIS:618:C	A:HOH:822:O
0	vdw	A:GLN:512:CG	A:HIS:618:O
0	vdw	A:HIS:618:O	A:HOH:822:O
0	vdw	A:GLN:512:CA	A:HIS:618:O
0	vdw	A:ARG:508:CD	A:GLY:619:O
0	vdw	A:GLY:619:O	A:HOH:986:O
0	vdw	A:HOH:845:O	A:VAL:620:CA
0	vdw	A:HOH:845:O	A:VAL:620:C
0	vdw	A:TRP:613:CZ3	A:VAL:620:O
0	vdw	A:HOH:845:O	A:LYS:621:N
0	vdw	A:HOH:845:O	A:LYS:621:CB
0	vdw	A:HOH:846:O	A:LYS:621:O
0	vdw	A:HOH:835:O	A:PRO:622:O
0	vdw	A:GLN:624:NE2	A:HOH:835:O
0	vdw	A:HOH:835:O	A:HOH:900:O
0	vdw	A:GLN:624:CA	A:HOH:835:O
0	vdw	A:HOH:835:O	A:LYS:587:NZ
0	vdw	A:GLN:624:CD	A:HOH:835:O
0	vdw	A:HOH:938:O	A:VAL:626:CA
0	vdw	A:LYS:587:NZ	A:PHE:623:O
0	vdw	A:LYS:587:NZ	A:VAL:626:O
0	vdw	A:HOH:1030:O	A:VAL:626:O
0	vdw	A:HOH:938:O	A:VAL:626:C
0	vdw	A:HOH:938:O	A:VAL:626:CG1
0	vdw	A:HOH:938:O	A:LYS:627:N
0	vdw	A:ASP:630:CG	A:HOH:938:O
0	vdw	A:ASP:630:OD1	A:HOH:938:O
0	vdw	A:HOH:938:O	A:LYS:627:CB
0	vdw	A:HOH:1028:O	A:PHE:510:CB
0	vdw	A:HOH:885:O	A:SER:509:N
0	vdw	A:ARG:508:CG	A:GLY:619:O
0	vdw	A:ARG:508:CD	A:HOH:986:O
0	vdw	A:ARG:508:CD	A:HOH:1036:O
0	vdw	A:HOH:1036:O	A:HOH:986:O
0	vdw	A:GLN:512:OE1	A:HOH:986:O
0	vdw	A:HOH:845:O	A:HOH:986:O
0	vdw	A:HOH:980:O	A:LYS:587:NZ
0	vdw	A:HOH:1028:O	A:SER:509:OG
0	vdw	A:HOH:1028:O	A:HOH:968:O
0	vdw	A:HOH:1029:O	A:SER:509:CB
0	vdw	A:HOH:1029:O	A:SER:509:OG
0	vdw	A:HOH:1028:O	A:PHE:510:N
0	vdw	A:HOH:1028:O	A:PHE:510:CA
0	vdw	A:HOH:1029:O	A:SER:509:C
0	vdw	A:HOH:1029:O	A:PHE:510:N
0	vdw	A:HOH:1029:O	A:SER:509:O
0	vdw	A:HOH:968:O	A:SER:509:OG
0	vdw	A:HOH:885:O	A:SER:509:CB
0	vdw	A:HOH:969:O	A:SER:509:CB
0	vdw	A:HOH:885:O	A:SER:509:OG
0	vdw	A:HOH:969:O	A:SER:509:OG
0	vdw	A:HOH:885:O	A:HOH:969:O
0	vdw	A:HOH:1035:O	A:HOH:885:O
0	vdw	A:ARG:508:CD	A:HOH:1035:O
0	vdw	A:GLN:512:NE2	A:HOH:1035:O
0	vdw	A:HOH:1017:O	A:HOH:990:O
0	vdw	A:ASN:646:CB	A:HOH:856:O
0	vdw	A:ASN:646:CG	A:HOH:856:O
0	vdw	A:ASN:646:ND2	A:HOH:856:O
0	vdw	A:HOH:990:O	A:PRO:645:CA
0	vdw	A:ASN:646:N	A:HOH:990:O
0	vdw	A:HIS:618:NE2	A:HOH:856:O
0	vdw	A:ARG:514:C	A:HOH:970:O
0	vdw	A:HOH:970:O	A:LYS:515:N
0	vdw	A:HOH:970:O	A:TYR:516:N
0	vdw	A:HIS:618:CG	A:LYS:515:CG
0	vdw	A:HOH:823:O	A:LYS:515:CB
0	vdw	A:HIS:618:CD2	A:LYS:515:CG
0	vdw	A:HOH:844:O	A:VAL:620:CG2
0	vdw	A:HOH:1016:O	A:VAL:620:CG2
0	vdw	A:ARG:514:CA	A:HOH:970:O
0	vdw	A:GLN:512:O	A:HOH:823:O
0	vdw	A:GLN:512:CA	A:HOH:883:O
0	vdw	A:GLN:512:O	A:HOH:883:O
0	vdw	A:GLN:512:CG	A:HOH:822:O
0	vdw	A:GLN:512:CG	A:HOH:1016:O
0	vdw	A:HOH:1016:O	A:HOH:822:O
0	vdw	A:HOH:822:O	A:HOH:883:O
0	vdw	A:GLN:624:CD	A:HOH:845:O
0	vdw	A:GLN:624:C	A:HOH:980:O
0	vdw	A:GLY:625:CA	A:HOH:1030:O
0	vdw	A:GLY:625:C	A:HOH:1030:O
0	vdw	A:GLY:625:O	A:HOH:1030:O
0	vdw	A:GLN:512:CB	A:HOH:884:O
0	vdw	A:GLN:512:NE2	A:HOH:884:O
0	vdw	A:GLN:512:CD	A:HOH:1016:O
0	vdw	A:GLN:512:OE1	A:HOH:1016:O
0	vdw	A:HOH:1030:O	A:HOH:980:O
0	vdw	A:GLY:625:N	A:HOH:980:O
0	vdw	A:GLY:625:CA	A:HOH:980:O
0	vdw	A:HOH:882:O	A:TYR:516:CZ
0	vdw	A:HOH:882:O	A:TYR:516:OH
0	vdw	A:HOH:970:O	A:TYR:516:CA
0	vdw	A:HOH:970:O	A:TYR:516:CB
0	vdw	A:HOH:970:O	A:TYR:516:CD2
0	vdw	A:HOH:970:O	A:VAL:513:O
0	vdw	A:HOH:823:O	A:HOH:970:O
0	vdw	A:HOH:882:O	A:TYR:516:CE2
0	hbsb	A:ASP:546:O	A:HIS:544:NE2
0	hbbb	A:MET:475:N	A:THR:474:O
0	hbbb	A:ASN:628:O	A:ASN:629:N
0	hbbb	A:CYS:502:N	A:LEU:501:N
0	hbbb	A:LEU:537:O	A:SER:539:N
0	hbbb	A:ALA:472:N	A:GLU:471:N
0	hbbb	A:PRO:649:O	A:SER:653:N
0	hbbb	A:ILE:417:N	A:VAL:489:O
0	hbbb	A:GLU:683:N	A:LEU:680:O
0	hbbb	A:PRO:663:N	A:SER:664:N
0	hbbb	A:ALA:660:N	A:TRP:659:O
0	hbbb	A:GLU:681:N	A:LEU:680:O
0	hbsb	A:ALA:602:N	A:THR:600:OG1
0	hbbb	A:ILE:594:N	A:PRO:591:O
0	hbbb	A:ASP:604:O	A:VAL:605:N
0	hbbb	A:GLY:429:N	A:VAL:436:O
0	hbbb	A:MET:655:N	A:TYR:652:O
0	hbbb	A:LEU:511:N	A:SER:509:O
0	hbbb	A:CYS:658:N	A:TRP:659:N
0	hbbb	A:LEU:616:O	A:MET:617:N
0	hbsb	A:TRP:606:O	A:TRP:659:NE1
0	hbbb	A:LYS:485:N	A:VAL:484:N
0	hbbb	A:LYS:621:N	A:VAL:620:O
0	hbbb	A:GLU:614:O	A:GLY:619:N
0	hbbb	A:ILE:586:N	A:LEU:584:O
0	hbbb	A:ALA:660:N	A:LYS:657:O
0	hbbb	A:CYS:502:O	A:GLY:505:N
0	hbbb	A:LYS:587:N	A:TRP:588:N
0	hbbb	A:MET:607:N	A:SER:603:O
0	hbbb	A:ASN:637:N	A:GLY:633:O
0	hbbb	A:PHE:599:O	A:THR:600:N
0	hbbb	A:ILE:594:N	A:SER:593:N
0	hbbb	A:SER:463:O	A:VAL:464:N
0	hbbb	A:GLY:434:N	A:PHE:433:N
0	hbbb	A:GLU:471:N	A:PHE:468:O
0	hbbb	A:ALA:674:N	A:LEU:672:O
0	hbbb	A:ARG:634:N	A:ILE:632:O
0	hbbb	A:ARG:634:N	A:GLY:633:N
0	hbbb	A:ARG:545:N	A:ASP:546:N
0	hbsb	A:GLN:529:O	A:THR:532:OG1
0	hbbb	A:GLU:681:N	A:ILE:679:O
0	hbsb	A:GLU:538:OE1	A:PHE:669:N
0	hbbb	A:LEU:651:N	A:TYR:652:N
0	hbbb	A:HIS:480:O	A:ILE:483:N
0	hbbb	A:GLN:624:O	A:GLY:625:N
0	hbbb	A:PHE:599:N	A:THR:600:N
0	hbbb	A:LEU:473:O	A:THR:474:N
0	hbbb	A:LEU:651:O	A:MET:655:N
0	hbbb	A:SER:653:O	A:THR:656:N
0	hbbb	A:ILE:615:O	A:MET:617:N
0	hbsb	A:CYS:456:N	A:THR:455:OG1
0	hbsb	A:ALA:602:N	A:SER:601:OG
0	hbbb	A:ALA:535:N	A:TYR:536:N
0	hbbb	A:ARG:545:O	A:ASP:546:N
0	hbbb	A:LEU:676:N	A:SER:677:N
0	hbbb	A:ILE:483:O	A:LYS:485:N
0	hbbb	A:ALA:535:O	A:SER:539:N
0	hbbb	A:ALA:533:N	A:LEU:534:N
0	hbsb	A:LYS:540:N	A:SER:539:OG
0	hbbb	A:ASP:564:N	A:GLY:563:O
0	hbsb	A:ARG:413:N	A:SER:411:OG
0	hbss	A:GLU:592:OE2	A:SER:603:OG
0	hbbb	A:ARG:421:N	A:GLU:420:O
0	hbbb	A:ARG:421:N	A:GLU:420:N
0	hbss	A:SER:603:OG	A:THR:600:OG1
0	hbbb	A:ARG:541:N	A:PHE:542:N
0	hbbb	A:GLN:675:N	A:LEU:676:N
0	hbbb	A:ASN:458:N	A:CYS:459:N
0	hbbb	A:GLU:671:N	A:LEU:672:N
0	hbbb	A:ARG:465:O	A:LEU:469:N
0	hbbb	A:ARG:634:O	A:GLU:639:N
0	hbbb	A:LEU:469:N	A:PHE:468:N
0	hbbb	A:PHE:623:O	A:VAL:626:N
0	hbbb	A:ARG:508:N	A:SER:509:N
0	hbbb	A:ALA:535:N	A:LEU:534:N
0	hbbb	A:ASP:630:N	A:VAL:631:N
0	hbsb	A:ASN:557:N	A:SER:556:OG
0	hbbb	A:ARG:508:N	A:LEU:507:N
0	hbbb	A:ARG:598:N	A:GLU:592:O
0	hbsb	A:ARG:640:NH1	A:GLU:639:O
0	hbbb	A:CYS:647:N	A:PRO:644:O
0	hbbb	A:GLY:505:N	A:LEU:504:N
0	hbbb	A:ASP:462:N	A:SER:461:N
0	hbsb	A:SER:411:OG	A:THR:412:N
0	hbbb	A:GLU:416:N	A:ILE:417:N
0	hbbb	A:ARG:465:O	A:LYS:467:N
0	hbbb	A:ASP:519:O	A:LEU:520:N
0	hbbb	A:ASP:546:O	A:ILE:547:N
0	hbbb	A:ARG:541:N	A:LYS:540:N
0	hbbb	A:CYS:559:O	A:VAL:560:N
0	hbbb	A:ALA:685:N	A:GLN:686:N
0	hbbb	A:GLY:625:N	A:PHE:623:O
0	hbbb	A:GLU:592:N	A:PRO:591:N
0	hbbb	A:LEU:449:O	A:TYR:441:N
0	hbbb	A:ARG:426:N	A:GLY:425:O
0	hbbb	A:GLN:432:N	A:PHE:433:N
0	hbbb	A:GLU:423:N	A:ILE:422:N
0	hbbb	A:LEU:672:N	A:LYS:673:N
0	hbbb	A:ILE:453:N	A:LYS:454:N
0	hbsb	A:ALA:602:O	A:ARG:666:NH2
0	hbbb	A:LEU:680:O	A:LYS:684:N
0	hbbb	A:ALA:548:N	A:ALA:549:N
0	hbbb	A:ALA:548:O	A:ALA:549:N
0	hbbb	A:GLY:431:N	A:GLY:434:O
0	hbbb	A:ARG:508:O	A:GLN:512:N
0	hbbb	A:HIS:544:N	A:VAL:543:O
0	hbbb	A:MET:612:N	A:VAL:610:O
0	hbbb	A:CYS:658:N	A:LYS:657:O
0	hbbb	A:GLY:609:N	A:VAL:610:N
0	hbbb	A:ARG:476:N	A:GLN:477:N
0	hbbb	A:ILE:440:N	A:TYR:441:N
0	hbbb	A:ARG:419:O	A:GLU:420:N
0	hbbb	A:LEU:507:N	A:VAL:552:O
0	hbbb	A:ASN:646:N	A:CYS:647:N
0	hbsb	A:ARG:514:NH2	A:PHE:510:O
0	hbbb	A:LEU:616:N	A:TRP:613:O
0	hbbb	A:MET:607:N	A:PHE:608:N
0	hbss	A:ARG:666:NH1	A:GLU:592:OE1
0	hbss	A:ASP:558:OD2	A:SER:556:OG
0	hbbb	A:ASN:595:O	A:PHE:596:N
0	hbbb	A:GLY:429:N	A:ILE:428:O
0	hbsb	A:ARG:550:NH2	A:HIS:544:O
0	hbbb	A:GLU:683:N	A:LYS:684:N
0	hbbb	A:ARG:514:N	A:LEU:511:O
0	hbbb	A:SER:555:N	A:VAL:554:N
0	hbbb	A:ARG:668:O	A:LEU:672:N
0	hbsb	A:ARG:666:NH1	A:TYR:661:O
0	hbbb	A:ARG:598:O	A:PHE:599:N
0	hbbb	A:GLU:682:N	A:ILE:679:O
0	hbbb	A:ILE:679:N	A:LEU:680:N
0	hbbb	A:LEU:651:O	A:SER:653:N
0	hbsb	A:LYS:657:N	A:THR:656:OG1
0	hbsb	A:SER:531:OG	A:THR:532:N
0	hbsb	A:ARG:419:NH1	A:PRO:494:O
0	hbbb	A:CYS:611:O	A:TRP:613:N
0	hbbb	A:ILE:487:N	A:LEU:486:N
0	hbbb	A:ILE:615:N	A:MET:612:O
0	hbss	A:ARG:508:NH2	A:IPA:701:O2
0	hbbb	A:GLN:470:O	A:GLU:471:N
0	hbbb	A:GLY:609:N	A:VAL:605:O
0	hbbb	A:LEU:654:N	A:MET:655:N
0	hbbb	A:ASP:519:N	A:LEU:518:O
0	hbbb	A:ASP:414:N	A:THR:412:O
0	hbbb	A:ILE:490:O	A:TRP:496:N
0	hbbb	A:GLU:430:O	A:GLY:431:N
0	hbbb	A:ALA:452:N	A:ILE:453:N
0	hbbb	A:ARG:634:O	A:GLU:636:N
0	hbbb	A:ASN:628:N	A:LYS:627:O
0	hbbb	A:HIS:480:O	A:HIS:482:N
0	hbbb	A:ARG:597:O	A:ARG:598:N
0	hbbb	A:ILE:487:N	A:LEU:486:O
0	hbbb	A:ARG:597:N	A:PHE:596:O
0	hbbb	A:MET:607:N	A:VAL:605:O
0	hbbb	A:SER:461:N	A:THR:460:N
0	hbbb	A:ARG:413:N	A:THR:412:O
0	hbbb	A:GLN:418:N	A:ILE:417:O
0	hbbb	A:GLU:681:O	A:GLU:683:N
0	hbbb	A:ARG:508:N	A:LEU:507:O
0	hbbb	A:PRO:591:O	A:SER:593:N
0	hbbb	A:ARG:514:N	A:VAL:513:O
0	hbbb	A:MET:589:N	A:PRO:585:O
0	hbbb	A:GLN:432:N	A:GLY:431:O
0	hbbb	A:ILE:487:N	A:ILE:498:O
0	hbsb	A:ILE:679:N	A:THR:678:OG1
0	hbbb	A:PRO:649:O	A:THR:650:N
0	hbbb	A:GLN:675:N	A:GLU:671:O
0	hbbb	A:GLU:416:N	A:TYR:415:O
0	hbsb	A:GLN:529:OE1	A:VAL:560:N
0	hbbb	A:ASN:629:N	A:ASP:630:N
0	hbbb	A:ARG:421:N	A:GLN:418:O
0	hbbb	A:PHE:468:N	A:VAL:464:O
0	hbsb	A:SER:603:N	A:THR:600:OG1
0	hbsb	A:ARG:419:NH2	A:PRO:494:O
0	hbbb	A:ARG:508:O	A:SER:509:N
0	hbbb	A:GLU:538:N	A:SER:539:N
0	hbbb	A:ARG:413:N	A:ASP:414:N
0	hbbb	A:LEU:525:O	A:TYR:526:N
0	hbbb	A:ALA:660:N	A:TRP:659:N
0	hbbb	A:GLY:638:N	A:ILE:635:O
0	hbbb	A:HIS:482:N	A:ILE:483:N
0	hbbb	A:GLY:488:O	A:ILE:498:N
0	hbbb	A:ILE:632:N	A:VAL:631:N
0	hbbb	A:LEU:530:N	A:TYR:528:O
0	hbbb	A:GLU:538:O	A:LYS:540:N
0	hbbb	A:ARG:668:N	A:PRO:667:O
0	hbbb	A:LEU:553:N	A:VAL:552:O
0	hbbb	A:HIS:618:N	A:ILE:615:O
0	hbbb	A:LEU:518:N	A:SER:517:N
0	hbsb	A:TRP:659:NE1	A:VAL:610:N
0	hbbb	A:PHE:669:N	A:THR:670:N
0	hbbb	A:CYS:559:N	A:SER:556:O
0	hbbb	A:GLN:470:N	A:GLU:466:O
0	hbbb	A:GLY:633:N	A:ILE:632:N
0	hbbb	A:ALA:521:O	A:LEU:525:N
0	hbbb	A:GLU:492:N	A:THR:491:O
0	hbsb	A:ASP:414:OD1	A:TYR:415:N
0	hbbb	A:LEU:537:N	A:TYR:536:O
0	hbss	A:ASP:662:OD1	A:SER:664:OG
0	hbbb	A:CYS:658:N	A:LYS:657:N
0	hbsb	A:GLU:416:OE1	A:THR:491:N
0	hbbb	A:CYS:611:N	A:MET:612:N
0	hbbb	A:GLY:566:N	A:PHE:565:O
0	hbbb	A:ALA:472:O	A:THR:474:N
0	hbbb	A:GLN:624:O	A:VAL:626:N
0	hbbb	A:GLN:624:N	A:PHE:623:N
0	hbbb	A:ARG:413:O	A:GLU:416:N
0	hbbb	A:ILE:490:N	A:VAL:489:O
0	hbbb	A:GLU:423:N	A:LEU:424:N
0	hbbb	A:GLU:445:N	A:SER:443:O
0	hbbb	A:LEU:651:O	A:TYR:652:N
0	hbbb	A:MET:607:N	A:TRP:606:N
0	hbbb	A:MET:589:N	A:TRP:588:N
0	hbbb	A:LEU:525:N	A:SER:522:O
0	hbbb	A:ASP:414:N	A:TYR:415:N
0	hbbb	A:PHE:542:N	A:VAL:543:N
0	hbbb	A:CYS:459:O	A:THR:460:N
0	hbbb	A:PHE:608:O	A:VAL:610:N
0	hbsb	A:SER:603:OG	A:THR:600:N
0	hbbb	A:ARG:665:N	A:ASP:662:O
0	hbbb	A:ILE:594:N	A:SER:593:O
0	hbbb	A:ASP:604:O	A:PHE:608:N
0	hbbb	A:ALA:448:N	A:ASN:446:O
0	hbss	A:GLU:471:OE1	A:LYS:454:NZ
0	hbbb	A:ALA:685:N	A:GLU:683:O
0	hbbb	A:GLU:538:N	A:LEU:537:N
0	hbbb	A:CYS:611:N	A:VAL:610:N
0	hbbb	A:GLU:416:N	A:THR:412:O
0	hbbb	A:THR:532:O	A:TYR:536:N
0	hbbb	A:ASP:435:N	A:GLY:434:O
0	hbbb	A:GLU:471:N	A:LYS:467:O
0	hbbb	A:ARG:476:N	A:MET:475:N
0	hbbb	A:SER:555:N	A:SER:556:N
0	hbbb	A:ALA:521:N	A:ASP:519:O
0	hbbb	A:SER:517:N	A:TYR:516:O
0	hbbb	A:GLN:477:N	A:THR:474:O
0	hbsb	A:SER:461:N	A:THR:460:OG1
0	hbbb	A:ASN:595:N	A:ILE:594:N
0	hbbb	A:SER:410:O	A:THR:412:N
0	hbbb	A:GLY:429:N	A:ILE:428:N
0	hbbb	A:GLN:470:N	A:PHE:468:O
0	hbbb	A:ALA:535:N	A:LEU:534:O
0	hbss	A:ARG:508:NH2	A:GLU:614:OE1
0	hbbb	A:GLN:477:N	A:PHE:478:N
0	hbbb	A:HIS:544:N	A:VAL:543:N
0	hbbb	A:GLY:619:N	A:HIS:618:N
0	hbsb	A:GLU:445:N	A:SER:443:OG
0	hbbb	A:GLU:636:N	A:ILE:635:N
0	hbbb	A:SER:522:O	A:TYR:526:N
0	hbbb	A:ALA:674:N	A:LYS:673:O
0	hbsb	A:ARG:508:NH1	A:GLY:619:O
0	hbbb	A:ALA:674:O	A:GLN:675:N
0	hbbb	A:ARG:668:O	A:PHE:669:N
0	hbbb	A:GLU:423:O	A:LEU:424:N
0	hbbb	A:TYR:415:O	A:VAL:489:N
0	hbbb	A:MET:655:O	A:TRP:659:N
0	hbsb	A:ARG:640:NH1	A:ILE:635:O
0	hbbb	A:LEU:672:O	A:LYS:673:N
0	hbsb	A:ARG:665:N	A:SER:664:OG
0	hbbb	A:ARG:419:N	A:GLU:420:N
0	hbbb	A:GLY:431:O	A:GLY:434:N
0	hbbb	A:GLY:609:O	A:VAL:610:N
0	hbbb	A:GLU:423:O	A:ILE:440:N
0	hbbb	A:GLN:686:N	A:GLU:682:O
0	hbbb	A:ALA:533:N	A:THR:532:N
0	hbbb	A:ARG:640:N	A:GLU:639:O
0	hbbb	A:ARG:426:O	A:GLN:438:N
0	hbbb	A:ILE:440:O	A:TYR:441:N
0	hbsb	A:ASP:479:N	A:TYR:536:OH
0	hbbb	A:LEU:511:N	A:PHE:510:N
0	hbbb	A:ILE:524:O	A:LEU:525:N
0	hbbb	A:GLN:529:N	A:LEU:525:O
0	hbbb	A:ASN:646:N	A:PRO:644:O
0	hbbb	A:ARG:665:O	A:ARG:666:N
0	hbbb	A:ALA:590:N	A:MET:589:O
0	hbbb	A:ALA:521:O	A:SER:522:N
0	hbbb	A:GLU:683:O	A:LYS:684:N
0	hbbb	A:GLU:671:N	A:THR:670:N
0	hbss	A:ARG:514:NE	A:SER:517:OG
0	hbbb	A:SER:653:N	A:THR:650:O
0	hbbb	A:ALA:674:N	A:LYS:673:N
0	hbbb	A:ASP:564:O	A:PHE:565:N
0	hbbb	A:ALA:533:O	A:LEU:537:N
0	hbbb	A:ASP:462:O	A:GLU:466:N
0	hbss	A:GLU:416:OE2	A:THR:491:OG1
0	hbbb	A:GLU:614:N	A:ILE:615:N
0	hbsb	A:ASP:604:N	A:SER:603:OG
0	hbbb	A:ARG:413:N	A:THR:412:N
0	hbbb	A:ARG:634:N	A:ILE:635:N
0	hbbb	A:TRP:659:O	A:TYR:661:N
0	hbbb	A:ALA:590:O	A:ILE:594:N
0	hbbb	A:LYS:627:N	A:VAL:626:O
0	hbbb	A:ALA:548:N	A:ILE:547:N
0	hbbb	A:LEU:530:N	A:TYR:526:O
0	hbsb	A:LEU:651:N	A:THR:650:OG1
0	hbbb	A:GLY:609:N	A:TRP:606:O
0	hbbb	A:GLY:425:N	A:LEU:424:N
0	hbbb	A:GLN:470:N	A:LEU:469:N
0	hbbb	A:ARG:545:N	A:HIS:544:N
0	hbbb	A:LYS:540:N	A:SER:539:N
0	hbbb	A:SER:601:N	A:THR:600:O
0	hbbb	A:MET:655:N	A:SER:653:O
0	hbbb	A:PRO:585:O	A:TRP:588:N
0	hbbb	A:GLU:492:N	A:THR:491:N
0	hbbb	A:ASN:628:N	A:ASN:629:N
0	hbbb	A:ARG:426:O	A:ILE:428:N
0	hbbb	A:GLY:488:O	A:VAL:489:N
0	hbbb	A:HIS:482:O	A:ILE:483:N
0	hbbb	A:ARG:514:N	A:VAL:513:N
0	hbbb	A:LYS:457:N	A:PHE:433:O
0	hbbb	A:MET:442:N	A:SER:443:N
0	hbbb	A:PRO:649:N	A:THR:650:N
0	hbbb	A:GLU:614:N	A:VAL:610:O
0	hbbb	A:GLY:505:O	A:VAL:554:N
0	hbbb	A:ASP:462:N	A:SER:461:O
0	hbbb	A:GLY:439:O	A:VAL:451:N
0	hbbb	A:ALA:685:N	A:GLU:681:O
0	hbbb	A:ARG:465:N	A:GLU:466:N
0	hbbb	A:ALA:527:O	A:LEU:530:N
0	hbsb	A:ALA:533:N	A:THR:532:OG1
0	hbbb	A:CYS:658:O	A:TRP:659:N
0	hbbb	A:LYS:673:O	A:SER:677:N
0	hbbb	A:SER:531:N	A:THR:532:N
0	hbbb	A:ILE:490:N	A:THR:491:N
0	hbbb	A:CYS:502:N	A:THR:503:N
0	hbbb	A:GLU:614:O	A:LEU:616:N
0	hbbb	A:ASP:546:N	A:ILE:547:N
0	hbbb	A:GLY:488:N	A:ILE:487:O
0	hbbb	A:PHE:608:N	A:VAL:605:O
0	hbsb	A:ARG:597:NH2	A:ILE:594:O
0	hbbb	A:GLY:439:O	A:ILE:440:N
0	hbsb	A:LEU:504:N	A:THR:503:OG1
0	hbbb	A:PRO:648:O	A:THR:650:N
0	hbss	A:ARG:514:NH1	A:ASN:557:OD1
0	hbsb	A:SER:531:OG	A:TYR:528:O
0	hbbb	A:ALA:549:O	A:ARG:550:N
0	hbss	A:ARG:508:NH1	A:GLU:614:OE1
0	hbsb	A:ARG:419:NH1	A:GLU:492:O
0	hbsb	A:ARG:597:NH2	A:SER:593:O
0	hbbb	A:LEU:676:O	A:SER:677:N
0	hbbb	A:LEU:523:O	A:TYR:526:N
0	hbbb	A:ARG:634:O	A:ASN:637:N
0	hbbb	A:SER:509:O	A:VAL:513:N
0	hbbb	A:ALA:549:N	A:ASP:546:O
0	hbsb	A:SER:555:OG	A:SER:556:N
0	hbbb	A:ASN:458:N	A:LYS:457:N
0	hbbb	A:GLU:423:N	A:ILE:440:O
0	hbbb	A:LEU:672:N	A:PHE:669:O
0	hbbb	A:ILE:586:N	A:PRO:585:N
0	hbbb	A:GLN:529:N	A:LEU:530:N
0	hbbb	A:ALA:533:O	A:LEU:534:N
0	hbbb	A:SER:411:N	A:THR:412:N
0	hbbb	A:GLU:466:N	A:LYS:467:N
0	hbbb	A:GLN:477:O	A:PHE:478:N
0	hbbb	A:LEU:562:N	A:LYS:561:O
0	hbbb	A:ASN:458:N	A:CYS:456:O
0	hbbb	A:GLY:609:N	A:PHE:608:O
0	hbbb	A:LEU:534:N	A:SER:531:O
0	hbbb	A:MET:617:N	A:TRP:613:O
0	hbbb	A:ASP:435:O	A:VAL:436:N
0	hbbb	A:ALA:533:N	A:LEU:530:O
0	hbbb	A:ALA:674:N	A:GLN:675:N
0	hbbb	A:MET:612:N	A:PHE:608:O
0	hbbb	A:ARG:634:N	A:VAL:631:O
0	hbsb	A:LEU:641:O	A:TYR:652:OH
0	hbbb	A:ALA:602:N	A:SER:601:N
0	hbbb	A:LEU:562:O	A:VAL:484:N
0	hbss	A:GLU:500:OE2	A:LYS:561:NZ
0	hbbb	A:MET:612:O	A:TRP:613:N
0	hbbb	A:LYS:467:O	A:PHE:468:N
0	hbbb	A:LEU:676:O	A:LEU:680:N
0	hbbb	A:ASP:479:N	A:HIS:480:N
0	hbbb	A:GLU:592:O	A:SER:593:N
0	hbbb	A:SER:461:O	A:VAL:464:N
0	hbbb	A:ALA:521:N	A:SER:522:N
0	hbbb	A:ARG:514:O	A:TYR:516:N
0	hbbb	A:ASN:595:N	A:ILE:594:O
0	hbbb	A:MET:612:N	A:TRP:613:N
0	hbbb	A:GLU:681:N	A:SER:677:O
0	hbbb	A:ARG:541:O	A:PHE:542:N
0	hbbb	A:ASP:479:O	A:HIS:480:N
0	hbbb	A:LEU:651:N	A:PRO:649:O
0	hbbb	A:ASN:446:N	A:PRO:444:O
0	hbbb	A:LYS:515:O	A:TYR:516:N
0	hbsb	A:GLU:506:OE2	A:LEU:567:N
0	hbbb	A:ILE:483:N	A:VAL:484:N
0	hbbb	A:ILE:615:O	A:LEU:616:N
0	hbbb	A:ARG:665:N	A:SER:664:O
0	hbbb	A:ARG:634:O	A:ILE:635:N
0	hbbb	A:GLN:512:N	A:LEU:511:N
0	hbbb	A:ALA:450:N	A:LEU:449:O
0	hbbb	A:SER:677:N	A:THR:678:N
0	hbbb	A:CYS:611:N	A:MET:607:O
0	hbbb	A:LEU:553:N	A:VAL:552:N
0	hbbb	A:LEU:511:O	A:VAL:513:N
0	hbsb	A:ASN:551:ND2	A:PHE:565:O
0	hbbb	A:ILE:524:N	A:LEU:523:N
0	hbbb	A:ASP:630:O	A:VAL:631:N
0	hbbb	A:ASN:637:N	A:GLY:638:N
0	hbls	A:0O7:700:N20	A:ARG:550:NH1
0	hbbb	A:ALA:521:N	A:LEU:520:N
0	hbbb	A:GLN:624:N	A:PRO:622:O
0	hbbb	A:LYS:673:N	A:PHE:669:O
0	hbbb	A:GLU:636:N	A:ILE:632:O
0	hbbb	A:ILE:615:N	A:TRP:613:O
0	hbbb	A:ASP:662:N	A:TYR:661:N
0	hbbb	A:THR:412:O	A:TYR:415:N
0	hbbb	A:MET:655:N	A:THR:656:N
0	hbbb	A:GLY:609:O	A:MET:612:N
0	hbbb	A:ARG:634:O	A:GLY:638:N
0	hbbb	A:MET:643:N	A:PRO:642:O
0	hbbb	A:GLN:418:O	A:GLU:420:N
0	hbbb	A:ARG:598:N	A:PHE:599:N
0	hbbb	A:GLU:671:O	A:LEU:672:N
0	hbss	A:ASN:551:ND2	A:GLU:506:OE2
0	hbsb	A:CYS:559:N	A:SER:556:OG
0	hbbb	A:ARG:541:N	A:GLU:538:O
0	hbbb	A:ARG:545:N	A:HIS:544:O
0	hbbb	A:GLU:639:N	A:GLY:638:N
0	hbss	A:GLU:416:OE1	A:THR:491:OG1
0	hbbb	A:ILE:497:N	A:TRP:496:O
0	hbbb	A:LYS:454:N	A:THR:455:N
0	hbbb	A:TRP:606:N	A:VAL:605:N
0	hbbb	A:HIS:437:N	A:VAL:436:N
0	hbbb	A:ASN:629:N	A:LYS:627:O
0	hbbb	A:ILE:483:O	A:VAL:484:N
0	hbbb	A:GLU:538:N	A:LEU:534:O
0	hbbb	A:GLU:681:N	A:LEU:680:N
0	hbbb	A:ARG:597:N	A:ARG:598:N
0	hbbb	A:HIS:437:N	A:ILE:453:O
0	hbbb	A:GLY:505:N	A:LEU:504:O
0	hbbb	A:GLU:592:N	A:SER:593:N
0	hbbb	A:LYS:587:N	A:PRO:585:O
0	hbbb	A:ALA:452:O	A:MET:499:N
0	hbbb	A:GLN:470:N	A:GLU:471:N
0	hbss	A:GLU:538:OE1	A:SER:601:OG
0	hbbb	A:GLU:636:O	A:GLY:638:N
0	hbbb	A:ARG:421:N	A:ILE:422:N
0	hbbb	A:ARG:508:N	A:GLU:506:O
0	hbbb	A:LYS:673:N	A:THR:670:O
0	hbbb	A:LEU:473:N	A:THR:474:N
0	hbbb	A:LEU:553:N	A:LYS:561:O
0	hbbb	A:GLN:529:N	A:TYR:528:O
0	hbbb	A:LYS:540:N	A:SER:539:O
0	hbsb	A:SER:601:N	A:THR:600:OG1
0	hbbb	A:SER:410:N	A:SER:411:N
0	hbbb	A:SER:653:N	A:TYR:652:N
0	hbbb	A:GLU:423:N	A:ILE:422:O
0	hbbb	A:ILE:490:N	A:TRP:496:O
0	hbbb	A:ARG:550:N	A:ILE:547:O
0	hbbb	A:GLU:636:N	A:GLY:633:O
0	hbbb	A:LEU:534:O	A:LEU:537:N
0	hbbb	A:GLN:470:O	A:LEU:473:N
0	hbbb	A:ALA:452:N	A:MET:499:O
0	hbsb	A:GLN:470:O	A:THR:474:OG1
0	hbbb	A:LEU:525:N	A:TYR:526:N
0	hbbb	A:GLN:432:O	A:PHE:433:N
0	hbbb	A:ALA:527:N	A:TYR:526:N
0	hbbb	A:PHE:623:N	A:PRO:622:O
0	hbbb	A:ILE:490:O	A:THR:491:N
0	hbbb	A:ASP:604:N	A:VAL:605:N
0	hbbb	A:ASN:637:N	A:GLU:636:N
0	hbsb	A:SER:463:OG	A:VAL:464:N
0	hbbb	A:LEU:504:N	A:THR:503:O
0	hbbb	A:GLU:682:N	A:LEU:680:O
0	hbbb	A:MET:607:O	A:PHE:608:N
0	hbbb	A:ASN:595:N	A:PHE:596:N
0	hbbb	A:ALA:602:N	A:SER:603:N
0	hbss	A:GLN:418:NE2	A:GLU:420:OE2
0	hbbb	A:SER:555:N	A:VAL:554:O
0	hbbb	A:ARG:465:O	A:PHE:468:N
0	hbbb	A:ASP:558:N	A:SER:556:O
0	hbbb	A:HIS:618:N	A:MET:617:O
0	hbbb	A:LEU:584:N	A:LYS:583:O
0	hbbb	A:THR:532:N	A:TYR:528:O
0	hbbb	A:ASN:551:O	A:VAL:552:N
0	hbbb	A:ALA:535:O	A:TYR:536:N
0	hbbb	A:PRO:649:O	A:TYR:652:N
0	hbbb	A:ALA:527:N	A:LEU:523:O
0	hbbb	A:ASN:557:O	A:ASP:558:N
0	hbbb	A:GLN:512:N	A:LEU:511:O
0	hbbb	A:ALA:450:O	A:VAL:451:N
0	hbbb	A:MET:442:O	A:SER:443:N
0	hbbb	A:SER:463:N	A:VAL:464:N
0	hbbb	A:GLY:434:N	A:PHE:433:O
0	hbbb	A:LYS:657:O	A:TRP:659:N
0	hbbb	A:ALA:674:O	A:SER:677:N
0	hbsb	A:LYS:587:NZ	A:VAL:626:O
0	hbbb	A:ILE:524:O	A:TYR:528:N
0	hbbb	A:GLU:506:O	A:SER:509:N
0	hbbb	A:GLU:681:O	A:GLU:682:N
0	hbbb	A:ILE:497:N	A:ILE:498:N
0	hbbb	A:ALA:549:O	A:ASN:551:N
0	hbbb	A:GLU:682:N	A:GLU:683:N
0	hbbb	A:ASP:519:N	A:LEU:518:N
0	hbbb	A:SER:411:O	A:THR:412:N
0	hbbb	A:ARG:514:O	A:LEU:518:N
0	hbbb	A:ASP:462:N	A:SER:463:N
0	hbbb	A:ASN:637:O	A:GLY:638:N
0	hbbb	A:GLN:438:O	A:GLY:439:N
0	hbbb	A:LYS:467:N	A:SER:463:O
0	hbbb	A:ARG:640:O	A:LEU:641:N
0	hbbb	A:LEU:651:N	A:THR:650:N
0	hbbb	A:LEU:511:N	A:PHE:510:O
0	hbsb	A:ARG:640:NE	A:TRP:659:O
0	hbbb	A:THR:656:O	A:TRP:659:N
0	hbbb	A:GLY:619:O	A:VAL:620:N
0	hbbb	A:GLN:529:O	A:SER:531:N
0	hbss	A:GLU:500:OE1	A:LYS:561:NZ
0	hbsb	A:ASN:557:O	A:TYR:526:OH
0	hbss	A:ASP:564:OD1	A:LYS:454:NZ
0	hbbb	A:LEU:511:O	A:LYS:515:N
0	hbbb	A:LYS:467:N	A:PHE:468:N
0	hbbb	A:ARG:597:N	A:PHE:596:N
0	hbbb	A:GLU:538:N	A:TYR:536:O
0	hbbb	A:ALA:660:O	A:TYR:661:N
0	hbbb	A:GLN:477:N	A:MET:475:O
0	hbsb	A:ASN:551:OD1	A:VAL:552:N
0	hbbb	A:GLU:614:O	A:MET:617:N
0	hbbb	A:GLU:445:N	A:PRO:444:O
0	hbss	A:ASP:564:OD2	A:LYS:454:NZ
0	hbbb	A:GLY:609:N	A:MET:607:O
0	hbbb	A:GLY:625:O	A:VAL:626:N
0	hbbb	A:ASP:479:N	A:PHE:478:O
0	hbbb	A:GLY:431:O	A:PHE:433:N
0	hbbb	A:GLU:671:O	A:LYS:673:N
0	hbsb	A:ARG:421:NH2	A:MET:442:O
0	hbbb	A:ASP:604:N	A:SER:601:O
0	hbbb	A:ILE:453:O	A:LYS:454:N
0	hbbb	A:CYS:559:N	A:VAL:560:N
0	hbbb	A:SER:461:N	A:THR:460:O
0	hbbb	A:LEU:654:O	A:LYS:657:N
0	hbbb	A:SER:531:N	A:TYR:528:O
0	hbbb	A:ARG:665:N	A:SER:664:N
0	hbbb	A:ILE:524:N	A:LEU:523:O
0	hbbb	A:GLY:425:N	A:LEU:424:O
0	hbbb	A:ALA:527:N	A:LEU:525:O
0	hbbb	A:ILE:498:N	A:MET:499:N
0	hbbb	A:LEU:530:N	A:SER:531:N
0	hbss	A:GLU:636:OE2	A:TYR:661:OH
0	hbbb	A:ALA:521:N	A:LEU:520:O
0	hbbb	A:GLU:592:O	A:PHE:596:N
0	hbbb	A:CYS:459:N	A:THR:460:N
0	hbbb	A:ALA:527:O	A:TYR:528:N
0	hbbb	A:MET:442:N	A:TYR:441:N
0	hbbb	A:LYS:540:O	A:PHE:542:N
0	hbbb	A:CYS:611:N	A:PHE:608:O
0	hbss	A:GLU:614:OE2	A:TRP:588:NE1
0	hbbb	A:ALA:448:N	A:LEU:449:N
0	hbsb	A:PHE:510:N	A:SER:509:OG
0	hbbb	A:ILE:679:O	A:LEU:680:N
0	hbbb	A:ALA:685:N	A:LYS:684:N
0	hbbb	A:ARG:665:N	A:ARG:666:N
0	hbbb	A:PHE:510:N	A:SER:509:N
0	hbbb	A:ILE:615:N	A:LEU:616:N
0	hbbb	A:LEU:616:N	A:MET:612:O
0	hbsb	A:HIS:480:ND1	A:HIS:482:N
0	hbbb	A:GLU:614:N	A:TRP:613:O
0	hbbb	A:CYS:658:N	A:MET:655:O
0	hbbb	A:ASN:458:O	A:SER:461:N
0	hbbb	A:ARG:666:N	A:PRO:663:O
0	hbbb	A:ARG:465:N	A:VAL:464:N
0	hbbb	A:TRP:496:N	A:VAL:495:O
0	hbbb	A:ALA:472:N	A:GLN:470:O
0	hbbb	A:ALA:548:N	A:ASP:546:O
0	hbsb	A:GLU:500:OE1	A:LYS:485:N
0	hbsb	A:ARG:640:NH2	A:TRP:659:O
0	hbbb	A:ASN:446:N	A:GLU:445:O
0	hbbb	A:LEU:523:N	A:SER:522:N
0	hbss	A:ARG:550:NH2	A:ASP:604:OD2
0	hbbb	A:GLU:506:O	A:PHE:510:N
0	hbbb	A:GLY:619:N	A:VAL:620:N
0	hbbb	A:CYS:611:O	A:ILE:615:N
0	hbss	A:ASP:479:OD1	A:LYS:485:NZ
0	hbsb	A:ASP:662:OD2	A:SER:664:N
0	hbbb	A:ARG:514:O	A:SER:517:N
0	hbsb	A:LYS:587:NZ	A:PHE:623:O
0	hbbb	A:ALA:590:O	A:SER:593:N
0	hbbb	A:GLN:438:N	A:HIS:437:O
0	hbbb	A:ILE:635:N	A:VAL:631:O
0	hbbb	A:ILE:586:O	A:MET:589:N
0	hbbb	A:ILE:679:N	A:THR:678:N
0	hbbb	A:ALA:472:O	A:LEU:473:N
0	hbbb	A:ASN:458:N	A:LYS:457:O
0	hbbb	A:ILE:524:N	A:LEU:520:O
0	hbbb	A:LEU:672:O	A:LEU:676:N
0	hbbb	A:PHE:669:O	A:THR:670:N
0	hbbb	A:ASN:458:O	A:THR:460:N
0	hbbb	A:ARG:413:O	A:TYR:415:N
0	hbbb	A:CYS:611:O	A:GLU:614:N
0	hbbb	A:LEU:530:O	A:LEU:534:N
0	hbbb	A:ARG:419:O	A:ARG:421:N
0	hbbb	A:LEU:525:O	A:TYR:528:N
0	hbbb	A:GLY:633:N	A:ILE:632:O
0	hbbb	A:ALA:549:N	A:ILE:547:O
0	hbbb	A:ARG:541:N	A:LEU:537:O
0	hbss	A:ARG:550:NH1	A:ASP:604:OD2
0	hbss	A:ASP:519:OD1	A:SER:522:OG
0	hbbb	A:ASP:414:O	A:TYR:415:N
0	hbbb	A:ASP:558:N	A:CYS:559:N
0	hbbb	A:LYS:467:N	A:VAL:464:O
0	hbbb	A:LEU:680:N	A:SER:677:O
0	hbbb	A:ASN:557:N	A:ASP:558:N
0	hbbb	A:ALA:448:N	A:PRO:447:N
0	hbbb	A:ASP:662:O	A:SER:664:N
0	hbbb	A:ARG:668:O	A:GLU:671:N
0	hbbb	A:ARG:545:O	A:ILE:547:N
0	hbsb	A:ALA:448:N	A:ASN:446:OD1
0	hbbb	A:LYS:540:N	A:TYR:536:O
0	hbbb	A:GLU:538:N	A:LEU:537:O
0	hbbb	A:ARG:476:O	A:GLN:477:N
0	hbbb	A:ASN:637:N	A:GLU:636:O
0	hbbb	A:ASP:630:N	A:LYS:627:O
0	hbbb	A:ALA:602:N	A:SER:601:O
0	hbbb	A:ILE:524:N	A:LEU:525:N
0	hbbb	A:LEU:469:N	A:PHE:468:O
0	hbbb	A:CYS:647:N	A:PRO:645:O
0	hbbb	A:ARG:597:N	A:SER:593:O
0	hbbb	A:LEU:530:O	A:THR:532:N
0	hbbb	A:CYS:611:N	A:VAL:610:O
0	hbbb	A:ALA:549:N	A:ARG:550:N
0	hbbb	A:ILE:586:N	A:LYS:587:N
0	hbbb	A:LYS:515:N	A:TYR:516:N
0	hbbb	A:ASP:604:N	A:SER:603:N
0	hbbb	A:ALA:452:N	A:VAL:451:O
0	hbbb	A:GLU:416:O	A:ILE:417:N
0	hbbb	A:LEU:520:O	A:LEU:523:N
0	hbbb	A:ASN:628:O	A:ASP:630:N
0	hbbb	A:ASN:446:O	A:SER:443:N
0	hbbb	A:ALA:602:N	A:THR:600:O
0	hbbb	A:MET:607:O	A:VAL:610:N
0	hbbb	A:GLU:445:N	A:PRO:444:N
0	hbss	A:GLU:416:OE2	A:THR:412:OG1
0	hbbb	A:ALA:685:N	A:LYS:684:O
0	hbbb	A:GLN:686:N	A:GLU:683:O
0	hbbb	A:LEU:530:O	A:SER:531:N
0	hbbb	A:ALA:602:O	A:VAL:605:N
0	hbbb	A:ILE:632:O	A:ILE:635:N
0	hbsb	A:ARG:465:NH1	A:THR:491:O
0	hbbb	A:ARG:508:O	A:PHE:510:N
0	hbsb	A:ALA:660:O	A:ARG:666:NH1
0	hbbb	A:GLU:506:O	A:LEU:507:N
0	hbbb	A:SER:517:N	A:TYR:516:N
0	hbbb	A:LEU:676:O	A:THR:678:N
0	hbss	A:GLU:614:OE1	A:TRP:588:NE1
0	hbbb	A:GLN:512:N	A:VAL:513:N
0	hbbb	A:GLY:633:N	A:VAL:631:O
0	hbbb	A:CYS:559:O	A:SER:555:N
0	hbbb	A:ALA:535:N	A:SER:531:O
0	hbbb	A:ARG:514:N	A:PHE:510:O
0	hbbb	A:GLU:423:O	A:GLY:425:N
0	hbbb	A:HIS:482:N	A:PRO:481:O
0	hbsb	A:SER:539:OG	A:TYR:536:O
0	hbbb	A:PHE:608:N	A:TRP:606:O
0	hbbb	A:GLU:614:N	A:TRP:613:N
0	hbbb	A:ASN:646:N	A:PRO:645:O
0	hbbb	A:LEU:504:N	A:THR:503:N
0	hbbb	A:CYS:559:O	A:SER:556:N
0	hbbb	A:GLU:506:N	A:GLY:505:O
0	hbbb	A:ARG:541:N	A:SER:539:O
0	hbbb	A:LEU:507:O	A:PHE:510:N
0	hbbb	A:LEU:616:N	A:MET:617:N
0	hbbb	A:ALA:660:O	A:ASP:662:N
0	hbbb	A:GLU:671:N	A:PHE:669:O
0	hbbb	A:ALA:533:N	A:SER:531:O
0	hbss	A:ASP:662:OD2	A:SER:664:OG
0	hbbb	A:ASP:604:O	A:TRP:606:N
0	hbbb	A:LYS:657:N	A:THR:656:O
0	hbsb	A:ASP:558:O	A:GLN:529:NE2
0	hbbb	A:ARG:545:N	A:VAL:543:O
0	hbbb	A:ARG:419:N	A:GLN:418:O
0	hbbb	A:GLU:614:O	A:HIS:618:N
0	hbbb	A:ALA:533:N	A:THR:532:O
0	hbss	A:ARG:465:NH2	A:ASN:493:OD1
0	hbbb	A:GLU:416:N	A:TYR:415:N
0	hbbb	A:ILE:497:N	A:LYS:454:O
0	hbbb	A:ALA:448:O	A:LEU:449:N
0	hbbb	A:ARG:465:O	A:GLU:466:N
0	hbbb	A:MET:475:N	A:THR:474:N
0	hbbb	A:ARG:413:O	A:ASP:414:N
0	hbbb	A:ILE:586:O	A:TRP:588:N
0	hbbb	A:GLY:488:N	A:ILE:498:O
0	hbbb	A:GLU:614:O	A:ILE:615:N
0	hbbb	A:ALA:472:N	A:GLU:471:O
0	hbbb	A:ALA:674:O	A:THR:678:N
0	hbbb	A:PRO:663:O	A:SER:664:N
0	hbbb	A:ALA:602:O	A:TRP:606:N
0	hbbb	A:CYS:502:O	A:THR:503:N
0	hbbb	A:MET:607:N	A:TRP:606:O
0	hbbb	A:LEU:537:N	A:TYR:536:N
0	hbbb	A:ILE:524:O	A:TYR:526:N
0	hbbb	A:ILE:679:N	A:SER:677:O
0	hbbb	A:SER:603:N	A:THR:600:O
0	hbbb	A:GLY:488:N	A:ILE:487:N
0	hbbb	A:CYS:427:O	A:ILE:428:N
0	hbbb	A:ARG:465:N	A:VAL:464:O
0	hbbb	A:GLY:429:O	A:VAL:436:N
0	hbbb	A:ALA:685:N	A:GLU:682:O
0	hbbb	A:GLU:538:O	A:SER:539:N
0	hbbb	A:ALA:472:O	A:ARG:476:N
0	hbbb	A:LEU:537:O	A:LYS:540:N
0	hbbb	A:ASN:493:N	A:GLU:492:O
0	hbbb	A:ASP:564:N	A:PHE:565:N
0	hbbb	A:LYS:587:O	A:TRP:588:N
0	hbbb	A:GLN:624:N	A:PHE:623:O
0	hbbb	A:ASP:519:O	A:LEU:523:N
0	hbsb	A:ARG:419:NH1	A:ASN:493:O
0	hbbb	A:ASN:628:O	A:VAL:631:N
0	hbsb	A:ARG:598:O	A:SER:593:OG
0	hbbb	A:GLU:681:N	A:GLU:682:N
0	hbbb	A:PHE:542:O	A:VAL:543:N
0	hbbb	A:ASP:662:N	A:PRO:663:N
0	hbbb	A:ARG:419:O	A:ILE:422:N
0	hbbb	A:ASN:551:N	A:GLY:563:O
0	hbbb	A:ALA:472:N	A:LEU:469:O
0	hbbb	A:ALA:590:O	A:GLU:592:N
0	hbbb	A:ILE:586:N	A:PRO:585:O
0	hbbb	A:GLN:529:O	A:LEU:530:N
0	hbbb	A:CYS:502:O	A:LEU:504:N
0	hbbb	A:ILE:679:N	A:LEU:676:O
0	hbbb	A:LEU:501:O	A:THR:503:N
0	hbbb	A:ARG:634:N	A:ASP:630:O
0	hbbb	A:LEU:651:O	A:LEU:654:N
0	hbbb	A:ASP:558:O	A:CYS:559:N
0	hbbb	A:GLN:470:N	A:LYS:467:O
0	hbbb	A:GLU:681:O	A:LYS:684:N
0	hbbb	A:GLU:492:O	A:VAL:495:N
0	hbbb	A:LEU:553:O	A:LYS:561:N
0	hbbb	A:ARG:476:N	A:MET:475:O
0	hbbb	A:SER:555:O	A:SER:556:N
0	hbbb	A:HIS:482:O	A:LEU:562:N
0	hbbb	A:ILE:497:O	A:ILE:498:N
0	hbbb	A:LEU:654:N	A:SER:653:N
0	hbss	A:ARG:666:NH2	A:GLU:592:OE2
0	hbbb	A:ASN:557:N	A:SER:556:O
0	hbbb	A:SER:601:O	A:VAL:605:N
0	hbbb	A:SER:653:N	A:TYR:652:O
0	hbbb	A:CYS:611:O	A:MET:612:N
0	hbbb	A:ASN:637:N	A:ILE:635:O
0	hbbb	A:ASN:458:O	A:CYS:459:N
0	hbbb	A:ALA:472:N	A:LEU:473:N
0	hbbb	A:LEU:469:O	A:LEU:473:N
0	hbbb	A:SER:603:O	A:VAL:605:N
0	hbbb	A:ARG:476:N	A:THR:474:O
0	hbbb	A:GLN:470:O	A:THR:474:N
0	hbbb	A:ARG:597:N	A:GLU:592:O
0	hbbb	A:GLN:529:O	A:THR:532:N
0	hbbb	A:GLU:500:N	A:LYS:485:O
0	hbbb	A:ASP:604:N	A:THR:600:O
0	hbbb	A:ALA:533:O	A:TYR:536:N
0	hbbb	A:ARG:541:N	A:LYS:540:O
0	hbbb	A:ARG:476:O	A:PHE:478:N
0	hbbb	A:GLN:675:O	A:LEU:676:N
0	hbbb	A:LEU:651:N	A:PRO:648:O
0	hbbb	A:SER:677:O	A:THR:678:N
0	hbbb	A:ARG:465:N	A:SER:461:O
0	hbsb	A:ASP:435:O	A:THR:455:OG1
0	hbbb	A:HIS:482:N	A:PRO:481:N
0	hbsb	A:PRO:642:O	A:TRP:613:NE1
0	hbbb	A:ASN:595:N	A:PRO:591:O
0	hbbb	A:ARG:668:O	A:THR:670:N
0	hbbb	A:ASP:435:O	A:THR:455:N
0	hbbb	A:TRP:613:N	A:VAL:610:O
0	hbbb	A:ALA:527:N	A:ILE:524:O
0	hbbb	A:GLY:563:N	A:LEU:562:O
0	hbbb	A:LEU:507:O	A:LEU:511:N
0	hbbb	A:GLU:671:N	A:THR:670:O
0	hbbb	A:ASN:446:N	A:PRO:447:N
0	hbbb	A:ILE:586:O	A:LYS:587:N
0	hbbb	A:GLU:614:N	A:MET:612:O
0	hbbb	A:LEU:523:N	A:SER:522:O
0	hbbb	A:MET:655:O	A:THR:656:N
0	hbbb	A:GLY:609:O	A:TRP:613:N
0	hbbb	A:PHE:510:N	A:SER:509:O
0	hbbb	A:ALA:535:O	A:GLU:538:N
0	hbbb	A:GLY:619:N	A:MET:617:O
0	hbbb	A:GLN:438:O	A:GLY:425:N
0	hbbb	A:SER:531:O	A:THR:532:N
0	hbbb	A:ARG:465:N	A:ASP:462:O
0	hbbb	A:GLY:566:O	A:LEU:567:N
0	hbbb	A:GLU:682:O	A:LYS:684:N
0	hbbb	A:ILE:524:N	A:SER:522:O
0	hbbb	A:GLU:466:N	A:SER:463:O
0	hbbb	A:ASP:462:O	A:SER:463:N
0	hbbb	A:ALA:548:N	A:ILE:547:O
0	hbbb	A:ASN:646:O	A:CYS:647:N
0	hbbb	A:ARG:514:N	A:LYS:515:N
0	hbbb	A:ALA:602:O	A:SER:603:N
0	hbbb	A:ASN:446:N	A:GLU:445:N
0	hbbb	A:GLU:430:N	A:GLY:429:O
0	hbbb	A:ILE:497:O	A:LYS:454:N
0	hbbb	A:ASP:519:O	A:SER:522:N
0	hbsb	A:GLN:675:O	A:THR:678:OG1
0	hbbb	A:LYS:485:N	A:VAL:484:O
0	hbbb	A:ARG:421:O	A:ILE:422:N
0	hbbb	A:GLN:529:N	A:TYR:528:N
0	hbbb	A:ARG:421:O	A:MET:442:N
0	hbsb	A:SER:653:O	A:THR:656:OG1
0	hbbb	A:SER:410:O	A:SER:411:N
0	hbbb	A:ILE:428:N	A:VAL:436:O
0	hbbb	A:LEU:654:O	A:MET:655:N
0	hbbb	A:LYS:657:N	A:THR:656:N
0	hbbb	A:LEU:537:O	A:PHE:542:N
0	hbbb	A:GLU:466:N	A:VAL:464:O
0	hbbb	A:GLU:500:N	A:MET:499:O
0	hbbb	A:ARG:598:N	A:PHE:596:O
0	hbbb	A:ILE:679:N	A:THR:678:O
0	hbbb	A:ARG:508:O	A:LEU:511:N
0	hbbb	A:ASP:604:O	A:MET:607:N
0	hbbb	A:GLN:675:N	A:LEU:672:O
0	hbbb	A:CYS:456:O	A:LYS:457:N
0	hbbb	A:SER:603:O	A:TRP:606:N
0	hbsb	A:CYS:559:O	A:SER:555:OG
0	hbbb	A:ALA:527:N	A:TYR:526:O
0	hbbb	A:CYS:658:N	A:LEU:654:O
0	hbbb	A:TRP:606:O	A:VAL:610:N
0	hbbb	A:ARG:550:O	A:ASN:551:N
0	hbbb	A:ASN:629:O	A:ASP:630:N
0	hbbb	A:GLN:529:N	A:TYR:526:O
0	hbbb	A:HIS:618:N	A:MET:617:N
0	hbbb	A:LEU:507:O	A:SER:509:N
0	hbbb	A:ALA:674:N	A:GLU:671:O
0	hbbb	A:ILE:632:N	A:VAL:631:O
0	hbbb	A:ALA:533:N	A:GLN:529:O
0	hbss	A:ARG:476:NH1	A:ASP:414:OD1
0	hbbb	A:LEU:504:N	A:VAL:554:O
0	hbbb	A:GLU:471:O	A:MET:475:N
0	hbbb	A:ALA:472:O	A:MET:475:N
0	hbbb	A:GLU:636:N	A:ILE:635:O
0	hbbb	A:HIS:437:O	A:ILE:453:N
0	hbbb	A:GLY:609:N	A:PHE:608:N
0	hbbb	A:LYS:561:N	A:VAL:560:O
0	hbbb	A:LEU:654:N	A:THR:650:O
0	hbbb	A:ASP:604:N	A:SER:603:O
0	hbbb	A:PRO:648:O	A:TYR:652:N
0	hbbb	A:LEU:449:N	A:TYR:441:O
0	hbbb	A:MET:589:N	A:TRP:588:O
0	hbbb	A:GLY:625:N	A:VAL:626:N
0	hbbb	A:GLN:675:O	A:SER:677:N
0	hbbb	A:LEU:518:N	A:SER:517:O
0	hbbb	A:GLU:682:O	A:GLU:683:N
0	hbsb	A:GLU:506:O	A:SER:509:OG
0	hbbb	A:THR:656:N	A:TYR:652:O
0	hbbb	A:LEU:654:N	A:SER:653:O
0	hbbb	A:GLU:466:O	A:LYS:467:N
0	hbsb	A:ASN:637:ND2	A:GLY:633:O
0	hbbb	A:ARG:665:N	A:PRO:663:O
0	hbbb	A:GLU:471:N	A:LEU:469:O
0	hbbb	A:ARG:426:O	A:CYS:427:N
0	hbbb	A:GLN:675:O	A:ILE:679:N
0	hbbb	A:LYS:657:N	A:MET:655:O
0	hbbb	A:ALA:527:N	A:TYR:528:N
0	hbsb	A:GLN:477:NE2	A:THR:474:O
0	hbbb	A:GLY:619:N	A:HIS:618:O
0	hbbb	A:LYS:657:N	A:SER:653:O
0	hbbb	A:MET:475:O	A:PHE:478:N
0	hbbb	A:GLN:512:N	A:SER:509:O
0	hbbb	A:GLU:430:O	A:GLY:566:N
0	hbbb	A:GLU:592:N	A:PRO:591:O
0	hbsb	A:SER:603:OG	A:THR:600:O
0	hbbb	A:GLY:439:N	A:VAL:451:O
0	hbbb	A:LEU:486:N	A:LYS:485:O
0	hbbb	A:ASN:446:N	A:SER:443:O
0	hbbb	A:ASN:551:O	A:GLY:563:N
0	hbbb	A:GLN:470:N	A:LEU:469:O
0	hbbb	A:LEU:654:N	A:TYR:652:O
0	hbbb	A:LEU:553:O	A:VAL:554:N
0	hbbb	A:ASP:630:O	A:GLY:633:N
0	hbbb	A:ALA:448:N	A:PRO:447:O
0	hbbb	A:TYR:526:O	A:TYR:528:N
0	hbbb	A:ASP:662:N	A:TYR:661:O
0	hbbb	A:ALA:685:O	A:GLN:686:N
0	hbbb	A:PRO:494:O	A:VAL:495:N
0	hbbb	A:ILE:498:O	A:MET:499:N
0	hbbb	A:ALA:527:O	A:SER:531:N
0	hbbb	A:GLN:512:O	A:VAL:513:N
0	hbbb	A:MET:442:N	A:TYR:441:O
0	hbbb	A:GLU:683:N	A:ILE:679:O
0	hbsb	A:MET:589:O	A:TRP:606:NE1
0	hbbb	A:CYS:456:N	A:LYS:457:N
0	hbbb	A:LYS:454:O	A:THR:455:N
0	hbbb	A:TRP:606:N	A:VAL:605:O
0	hbbb	A:HIS:437:N	A:VAL:436:O
0	hbsb	A:ASP:519:OD1	A:SER:522:N
0	hbbb	A:GLU:430:N	A:GLY:566:O
0	hbbb	A:SER:539:N	A:TYR:536:O
0	hbbb	A:GLN:675:O	A:THR:678:N
0	hbbb	A:GLU:682:N	A:THR:678:O
0	hbbb	A:LEU:654:O	A:THR:656:N
0	hbbb	A:LEU:520:O	A:SER:522:N
0	hbbb	A:ALA:452:O	A:ILE:453:N
0	hbbb	A:CYS:502:N	A:LEU:501:O
0	hbbb	A:ARG:514:O	A:LYS:515:N
0	hbbb	A:GLU:639:N	A:GLY:638:O
0	hbbb	A:LEU:651:N	A:THR:650:O
0	hbbb	A:GLU:500:O	A:LEU:501:N
0	hbbb	A:ARG:634:N	A:GLY:633:O
0	hbsb	A:ALA:660:O	A:ARG:666:NE
0	hbbb	A:CYS:456:N	A:THR:455:O
0	hbbb	A:ALA:674:N	A:THR:670:O
0	hbsb	A:PRO:444:N	A:SER:443:OG
0	wb	A:CYS:456:O	A:VAL:495:O	A:HOH:891:O
0	wb	A:CYS:456:N	A:VAL:495:O	A:HOH:891:O
0	wb	A:ASP:462:OD2	A:GLU:466:OE2	A:HOH:892:O
0	lwb2	A:0O7:700:N22	A:ASP:604:OD1	A:HOH:893:O	A:HOH:894:O
0	lwb2	A:0O7:700:N22	A:PHE:542:O	A:HOH:893:O	A:HOH:894:O
0	lwb2	A:0O7:700:N22	A:HIS:544:N	A:HOH:893:O	A:HOH:894:O
0	wb	A:ASP:604:OD1	A:PHE:542:O	A:HOH:894:O
0	wb	A:ASP:604:OD1	A:HIS:544:N	A:HOH:894:O
0	wb	A:HIS:544:N	A:PHE:542:O	A:HOH:894:O
0	wb	A:GLU:538:OE1	A:SER:601:OG	A:HOH:897:O
0	wb	A:ARG:666:O	A:PRO:663:O	A:HOH:898:O
0	wb2	A:GLN:624:O	A:PHE:623:N	A:HOH:902:O	A:HOH:901:O
0	wb2	A:GLN:624:N	A:PHE:623:N	A:HOH:902:O	A:HOH:901:O
0	wb	A:ARG:550:NH1	A:SER:603:O	A:HOH:905:O
0	wb2	A:ARG:598:NE	A:PHE:596:O	A:HOH:908:O	A:HOH:907:O
0	wb2	A:ARG:598:NH1	A:PHE:596:O	A:HOH:908:O	A:HOH:907:O
0	wb2	A:ALA:521:N	A:LEU:520:N	A:HOH:914:O	A:HOH:971:O
0	wb2	A:GLU:683:OE1	A:LEU:520:N	A:HOH:914:O	A:HOH:971:O
0	wb	A:ALA:521:N	A:LEU:520:N	A:HOH:914:O
0	wb	A:GLU:683:OE1	A:LEU:520:N	A:HOH:914:O
0	wb	A:ALA:521:N	A:GLU:683:OE1	A:HOH:914:O
0	wb	A:ASP:519:OD1	A:SER:522:OG	A:HOH:915:O
0	wb2	A:ASN:646:N	A:CYS:647:O	A:HOH:990:O	A:HOH:916:O
0	wb2	A:HIS:618:NE2	A:LEU:520:N	A:HOH:918:O	A:HOH:972:O
0	wb2	A:HIS:618:NE2	A:LEU:518:O	A:HOH:918:O	A:HOH:972:O
0	wb2	A:HIS:618:NE2	A:LEU:616:O	A:HOH:918:O	A:HOH:919:O
0	wb2	A:HIS:618:NE2	A:PRO:645:O	A:HOH:918:O	A:HOH:919:O
0	wb	A:LEU:616:O	A:PRO:645:O	A:HOH:919:O
0	wb	A:ARG:665:O	A:LYS:657:O	A:HOH:923:O
0	wb2	A:LYS:657:NZ	A:THR:650:O	A:HOH:1040:O	A:HOH:924:O
0	wb2	A:SER:653:OG	A:THR:650:O	A:HOH:1040:O	A:HOH:924:O
0	wb2	A:ARG:666:O	A:GLU:671:OE1	A:HOH:925:O	A:HOH:926:O
0	wb2	A:ARG:666:O	A:SER:664:O	A:HOH:925:O	A:HOH:941:O
0	wb	A:ARG:640:NH2	A:ILE:635:O	A:HOH:929:O
0	wb	A:ASN:637:OD1	A:GLU:639:OE2	A:HOH:932:O
0	wb	A:ARG:634:NH2	A:GLU:639:OE1	A:HOH:933:O
0	wb	A:ARG:634:NH2	A:GLU:639:OE2	A:HOH:933:O
0	wb	A:ASN:595:ND2	A:GLU:636:OE2	A:HOH:934:O
0	wb	A:ASN:595:ND2	A:GLU:636:OE1	A:HOH:934:O
0	wb	A:ASP:630:OD1	A:LYS:627:N	A:HOH:938:O
0	wb	A:SER:601:OG	A:THR:600:OG1	A:HOH:943:O
0	wb	A:ALA:602:N	A:SER:601:OG	A:HOH:943:O
0	wb	A:ALA:602:N	A:THR:600:OG1	A:HOH:943:O
0	wb	A:ARG:541:O	A:VAL:543:N	A:HOH:944:O
0	wb2	A:HIS:544:ND1	A:THR:474:OG1	A:HOH:945:O	A:HOH:1041:O
0	wb2	A:ARG:545:N	A:HIS:544:ND1	A:HOH:978:O	A:HOH:945:O
0	wb	A:GLU:416:OE2	A:THR:412:OG1	A:HOH:949:O
0	wb2	A:ILE:422:O	A:LEU:424:N	A:HOH:952:O	A:HOH:1025:O
0	wb2	A:ARG:419:O	A:LEU:424:N	A:HOH:952:O	A:HOH:1025:O
0	wb2	A:ARG:419:O	A:ILE:422:O	A:HOH:952:O	A:HOH:1025:O
0	wb	A:ARG:419:O	A:ILE:422:O	A:HOH:952:O
0	wb2	A:LYS:561:NZ	A:PRO:481:O	A:HOH:966:O	A:HOH:962:O
0	wb	A:ASN:493:ND2	A:GLU:492:OE1	A:HOH:964:O
0	wb	A:ARG:465:NH2	A:ASN:493:ND2	A:HOH:964:O
0	wb	A:ASN:493:OD1	A:GLU:492:OE1	A:HOH:964:O
0	wb	A:ARG:465:NH2	A:ASN:493:OD1	A:HOH:964:O
0	wb	A:ASN:493:N	A:GLU:492:OE1	A:HOH:964:O
0	wb	A:ARG:465:NH2	A:GLU:492:OE1	A:HOH:964:O
0	wb	A:ARG:465:NH2	A:ASN:493:N	A:HOH:964:O
0	wb2	A:LYS:561:NZ	A:SER:555:OG	A:HOH:966:O	A:HOH:965:O
0	wb2	A:GLU:506:OE1	A:SER:509:OG	A:HOH:969:O	A:HOH:968:O
0	wb2	A:LEU:567:O	A:SER:509:OG	A:HOH:969:O	A:HOH:968:O
0	wb2	A:GLU:506:N	A:SER:509:OG	A:HOH:968:O	A:HOH:969:O
0	wb2	A:GLU:506:N	A:LEU:567:O	A:HOH:968:O	A:HOH:969:O
0	wb2	A:LEU:567:O	A:SER:509:OG	A:HOH:968:O	A:HOH:969:O
0	wb2	A:GLU:506:OE1	A:LEU:567:O	A:HOH:969:O	A:HOH:968:O
0	wb2	A:GLU:506:O	A:SER:509:OG	A:HOH:1028:O	A:HOH:968:O
0	wb2	A:PHE:510:N	A:SER:509:OG	A:HOH:1028:O	A:HOH:968:O
0	wb2	A:LEU:504:O	A:SER:509:OG	A:HOH:1028:O	A:HOH:968:O
0	wb2	A:GLU:506:N	A:PHE:510:N	A:HOH:968:O	A:HOH:1028:O
0	wb2	A:GLU:506:N	A:LEU:504:O	A:HOH:968:O	A:HOH:1028:O
0	wb2	A:GLU:506:N	A:SER:509:OG	A:HOH:968:O	A:HOH:1028:O
0	wb2	A:GLU:506:O	A:LEU:567:O	A:HOH:1028:O	A:HOH:968:O
0	wb2	A:LEU:567:O	A:PHE:510:N	A:HOH:968:O	A:HOH:1028:O
0	wb2	A:LEU:504:O	A:LEU:567:O	A:HOH:1028:O	A:HOH:968:O
0	wb2	A:LEU:567:O	A:SER:509:OG	A:HOH:968:O	A:HOH:1028:O
0	wb	A:GLU:506:N	A:SER:509:OG	A:HOH:968:O
0	wb	A:LEU:567:O	A:SER:509:OG	A:HOH:968:O
0	wb	A:GLU:506:N	A:LEU:567:O	A:HOH:968:O
0	wb	A:GLU:506:OE1	A:SER:509:OG	A:HOH:969:O
0	wb	A:LEU:567:O	A:SER:509:OG	A:HOH:969:O
0	wb	A:GLU:506:OE1	A:LEU:567:O	A:HOH:969:O
0	wb	A:LYS:515:N	A:TYR:516:N	A:HOH:970:O
0	wb	A:TYR:516:N	A:VAL:513:O	A:HOH:970:O
0	wb	A:LYS:515:N	A:VAL:513:O	A:HOH:970:O
0	wb	A:ARG:421:NE	A:GLN:418:N	A:HOH:801:O
0	wb	A:LEU:518:O	A:LEU:520:N	A:HOH:972:O
0	wb	A:GLU:416:OE1	A:ILE:417:O	A:HOH:802:O
0	wb2	A:GLU:420:O	A:ILE:422:O	A:HOH:803:O	A:HOH:954:O
0	wb	A:ALA:535:O	A:THR:670:OG1	A:HOH:974:O
0	wb	A:GLU:538:OE2	A:THR:670:OG1	A:HOH:974:O
0	wb2	A:ALA:535:O	A:THR:670:OG1	A:HOH:974:O	A:HOH:975:O
0	wb	A:ALA:535:O	A:GLU:538:OE2	A:HOH:974:O
0	wb2	A:GLU:538:OE2	A:THR:670:OG1	A:HOH:974:O	A:HOH:975:O
0	wb2	A:GLY:434:O	A:PHE:433:N	A:HOH:805:O	A:HOH:806:O
0	wb2	A:GLN:432:N	A:GLY:434:O	A:HOH:806:O	A:HOH:805:O
0	wb	A:GLY:434:O	A:THR:455:O	A:HOH:805:O
0	wb	A:ASP:435:O	A:GLY:434:O	A:HOH:805:O
0	wb	A:GLY:434:O	A:THR:455:N	A:HOH:805:O
0	wb2	A:PHE:433:N	A:THR:455:O	A:HOH:806:O	A:HOH:805:O
0	wb2	A:GLN:432:N	A:THR:455:O	A:HOH:806:O	A:HOH:805:O
0	wb2	A:ASP:435:O	A:PHE:433:N	A:HOH:805:O	A:HOH:806:O
0	wb2	A:ASP:435:O	A:GLN:432:N	A:HOH:805:O	A:HOH:806:O
0	wb2	A:PHE:433:N	A:THR:455:N	A:HOH:806:O	A:HOH:805:O
0	wb2	A:GLN:432:N	A:THR:455:N	A:HOH:806:O	A:HOH:805:O
0	wb	A:ASP:435:O	A:THR:455:O	A:HOH:805:O
0	wb	A:ASP:435:O	A:THR:455:N	A:HOH:805:O
0	wb2	A:ASP:564:O	A:PHE:433:N	A:HOH:887:O	A:HOH:806:O
0	wb2	A:GLU:471:OE1	A:PHE:433:N	A:HOH:887:O	A:HOH:806:O
0	wb2	A:GLU:471:OE2	A:PHE:433:N	A:HOH:887:O	A:HOH:806:O
0	wb2	A:LYS:454:NZ	A:PHE:433:N	A:HOH:887:O	A:HOH:806:O
0	wb	A:GLN:432:N	A:PHE:433:N	A:HOH:806:O
0	wb2	A:ASP:564:O	A:GLN:432:N	A:HOH:887:O	A:HOH:806:O
0	wb2	A:GLN:432:N	A:GLU:471:OE1	A:HOH:806:O	A:HOH:887:O
0	wb2	A:GLN:432:N	A:GLU:471:OE2	A:HOH:806:O	A:HOH:887:O
0	wb2	A:GLN:432:N	A:LYS:454:NZ	A:HOH:806:O	A:HOH:887:O
0	wb2	A:ASN:458:ND2	A:PHE:433:O	A:HOH:1009:O	A:HOH:807:O
0	wb2	A:ASN:458:ND2	A:LYS:457:N	A:HOH:1009:O	A:HOH:807:O
0	wb	A:ASN:458:N	A:PHE:433:O	A:HOH:807:O
0	wb	A:LYS:457:N	A:PHE:433:O	A:HOH:807:O
0	wb	A:ASN:458:N	A:LYS:457:N	A:HOH:807:O
0	wb	A:ASN:446:O	A:SER:443:N	A:HOH:808:O
0	wb	A:SER:443:N	A:TYR:441:O	A:HOH:808:O
0	wb2	A:ASN:446:O	A:SER:443:OG	A:HOH:808:O	A:HOH:1026:O
0	wb	A:ASN:446:O	A:TYR:441:O	A:HOH:808:O
0	wb	A:ASN:446:O	A:SER:443:OG	A:HOH:808:O
0	wb2	A:SER:443:OG	A:TYR:441:O	A:HOH:1026:O	A:HOH:808:O
0	wb	A:SER:443:OG	A:TYR:441:O	A:HOH:808:O
0	wb	A:ALA:450:O	A:LEU:501:N	A:HOH:809:O
0	wb	A:GLY:625:N	A:LYS:587:NZ	A:HOH:980:O
0	wb	A:GLN:470:NE2	A:GLU:466:OE1	A:HOH:811:O
0	wb	A:GLN:470:OE1	A:THR:474:OG1	A:HOH:812:O
0	wb	A:GLN:470:O	A:THR:474:OG1	A:HOH:812:O
0	wb	A:ASP:479:OD1	A:LYS:485:NZ	A:HOH:813:O
0	wb	A:ASP:479:OD1	A:HIS:480:N	A:HOH:813:O
0	wb	A:ASP:479:OD1	A:PRO:481:N	A:HOH:813:O
0	wb	A:HIS:480:N	A:LYS:485:NZ	A:HOH:813:O
0	wb	A:LYS:485:NZ	A:PRO:481:N	A:HOH:813:O
0	wb	A:HIS:480:N	A:PRO:481:N	A:HOH:813:O
0	wb	A:HIS:480:O	A:ILE:483:O	A:HOH:814:O
0	wb	A:HIS:480:O	A:LYS:485:NZ	A:HOH:814:O
0	wb	A:HIS:480:O	A:LYS:561:NZ	A:HOH:814:O
0	wb	A:GLU:500:OE1	A:HIS:480:O	A:HOH:814:O
0	wb	A:ILE:483:O	A:LYS:485:NZ	A:HOH:814:O
0	wb	A:ILE:483:O	A:LYS:561:NZ	A:HOH:814:O
0	wb	A:GLU:500:OE1	A:ILE:483:O	A:HOH:814:O
0	wb	A:LYS:485:NZ	A:LYS:561:NZ	A:HOH:814:O
0	wb	A:GLU:500:OE1	A:LYS:485:NZ	A:HOH:814:O
0	wb	A:GLU:500:OE1	A:LYS:561:NZ	A:HOH:814:O
0	wb2	A:PHE:478:O	A:VAL:484:O	A:HOH:815:O	A:HOH:889:O
0	wb2	A:MET:475:O	A:PHE:478:O	A:HOH:889:O	A:HOH:815:O
0	wb	A:MET:475:O	A:PHE:478:O	A:HOH:815:O
0	wb2	A:LEU:486:O	A:PHE:478:O	A:HOH:816:O	A:HOH:815:O
0	wb2	A:ARG:476:NH2	A:PHE:478:O	A:HOH:816:O	A:HOH:815:O
0	wb	A:LEU:486:N	A:PHE:478:O	A:HOH:815:O
0	wb2	A:MET:475:O	A:PHE:478:O	A:HOH:815:O	A:HOH:889:O
0	wb2	A:MET:475:O	A:VAL:484:O	A:HOH:815:O	A:HOH:889:O
0	wb2	A:LEU:486:N	A:PHE:478:O	A:HOH:815:O	A:HOH:889:O
0	wb2	A:LEU:486:N	A:VAL:484:O	A:HOH:815:O	A:HOH:889:O
0	wb2	A:LEU:486:N	A:MET:475:O	A:HOH:815:O	A:HOH:889:O
0	wb2	A:LEU:486:O	A:MET:475:O	A:HOH:816:O	A:HOH:815:O
0	wb2	A:ARG:476:NH2	A:MET:475:O	A:HOH:816:O	A:HOH:815:O
0	wb	A:LEU:486:N	A:MET:475:O	A:HOH:815:O
0	wb2	A:ARG:476:NH2	A:LEU:486:N	A:HOH:816:O	A:HOH:815:O
0	wb	A:GLN:512:OE1	A:GLY:619:O	A:HOH:986:O
0	wb	A:ARG:476:NH2	A:LEU:486:O	A:HOH:816:O
0	wb	A:CYS:502:N	A:GLU:500:O	A:HOH:818:O
0	wb	A:GLU:500:OE2	A:LEU:501:O	A:HOH:819:O
0	wb2	A:ASN:646:N	A:PRO:644:O	A:HOH:990:O	A:HOH:1017:O
0	wb2	A:ASN:646:N	A:MET:643:O	A:HOH:990:O	A:HOH:1017:O
0	wb	A:LEU:501:O	A:SER:555:O	A:HOH:820:O
0	wb	A:LEU:501:O	A:THR:503:OG1	A:HOH:820:O
0	wb	A:LEU:501:O	A:THR:503:N	A:HOH:820:O
0	wb	A:SER:555:O	A:THR:503:OG1	A:HOH:820:O
0	wb	A:SER:555:O	A:THR:503:N	A:HOH:820:O
0	wb	A:PRO:649:N	A:THR:650:OG1	A:HOH:991:O
0	wb	A:PRO:649:N	A:THR:650:N	A:HOH:991:O
0	wb	A:HIS:618:ND1	A:LEU:511:O	A:HOH:821:O
0	wb2	A:GLN:512:O	A:HIS:618:O	A:HOH:883:O	A:HOH:822:O
0	wb2	A:GLN:512:OE1	A:HIS:618:O	A:HOH:1016:O	A:HOH:822:O
0	wb2	A:GLN:512:O	A:TYR:516:N	A:HOH:823:O	A:HOH:970:O
0	wb2	A:GLN:512:O	A:LYS:515:N	A:HOH:823:O	A:HOH:970:O
0	wb2	A:GLN:512:O	A:VAL:513:O	A:HOH:823:O	A:HOH:970:O
0	wb2	A:LEU:518:O	A:LEU:520:N	A:HOH:824:O	A:HOH:972:O
0	wb2	A:LEU:520:N	A:LYS:515:O	A:HOH:972:O	A:HOH:824:O
0	wb2	A:LEU:518:O	A:LYS:515:O	A:HOH:972:O	A:HOH:824:O
0	wb	A:LEU:518:O	A:LYS:515:O	A:HOH:824:O
0	wb	A:ASN:557:O	A:SER:522:OG	A:HOH:825:O
0	wb	A:GLN:675:O	A:THR:678:OG1	A:HOH:997:O
0	wb	A:GLN:675:OE1	A:THR:678:OG1	A:HOH:997:O
0	wb2	A:HIS:480:NE2	A:THR:532:O	A:HOH:1005:O	A:HOH:827:O
0	wb	A:LYS:673:NZ	A:THR:532:O	A:HOH:827:O
0	wb2	A:HIS:480:NE2	A:LYS:673:NZ	A:HOH:1005:O	A:HOH:827:O
0	wb	A:ASP:604:OD1	A:SER:601:OG	A:HOH:828:O
0	wb2	A:ASP:604:OD1	A:PHE:542:O	A:HOH:828:O	A:HOH:830:O
0	wb2	A:ASP:604:OD1	A:LEU:534:O	A:HOH:828:O	A:HOH:829:O
0	wb2	A:PHE:542:O	A:SER:601:OG	A:HOH:830:O	A:HOH:828:O
0	wb2	A:LEU:534:O	A:SER:601:OG	A:HOH:829:O	A:HOH:828:O
0	wb	A:ASP:564:O	A:GLN:432:N	A:HOH:999:O
0	lwb2	A:0O7:700:N22	A:LEU:534:O	A:HOH:893:O	A:HOH:829:O
0	wb	A:ASN:628:OD1	A:ILE:586:N	A:HOH:833:O
0	wb	A:ILE:586:N	A:LYS:587:N	A:HOH:833:O
0	wb	A:ASN:628:OD1	A:LYS:587:N	A:HOH:833:O
0	wb	A:ARG:514:NH1	A:ASN:557:ND2	A:HOH:1004:O
0	wb	A:MET:589:O	A:TRP:606:NE1	A:HOH:834:O
0	wb	A:LYS:587:O	A:TRP:606:NE1	A:HOH:834:O
0	wb	A:LYS:587:O	A:MET:589:O	A:HOH:834:O
0	wb	A:GLN:624:NE2	A:LYS:587:NZ	A:HOH:835:O
0	wb	A:LYS:587:NZ	A:PRO:622:O	A:HOH:835:O
0	wb	A:GLN:624:NE2	A:PRO:622:O	A:HOH:835:O
0	wb2	A:ARG:550:NH1	A:SER:593:OG	A:HOH:905:O	A:HOH:836:O
0	wb2	A:SER:593:OG	A:SER:603:O	A:HOH:836:O	A:HOH:905:O
0	wb2	A:ALA:590:N	A:ARG:550:NH1	A:HOH:836:O	A:HOH:905:O
0	wb2	A:ALA:590:N	A:SER:603:O	A:HOH:836:O	A:HOH:905:O
0	wb	A:ALA:590:N	A:SER:593:OG	A:HOH:836:O
0	wb2	A:ASN:595:OD1	A:GLU:592:OE1	A:HOH:838:O	A:HOH:837:O
0	wb2	A:GLU:592:OE1	A:TYR:661:OH	A:HOH:837:O	A:HOH:838:O
0	wb	A:GLU:592:OE1	A:TYR:661:O	A:HOH:837:O
0	wb2	A:GLU:592:N	A:TYR:661:O	A:HOH:838:O	A:HOH:837:O
0	wb2	A:ASN:595:OD1	A:TYR:661:O	A:HOH:838:O	A:HOH:837:O
0	wb2	A:GLU:592:N	A:TYR:661:OH	A:HOH:838:O	A:HOH:1019:O
0	wb2	A:ASN:595:OD1	A:TYR:661:OH	A:HOH:838:O	A:HOH:1019:O
0	wb	A:ASN:595:OD1	A:GLU:592:N	A:HOH:838:O
0	wb	A:GLU:592:N	A:TYR:661:OH	A:HOH:838:O
0	wb	A:ASN:595:OD1	A:TYR:661:OH	A:HOH:838:O
0	wb2	A:ARG:545:O	A:HIS:544:O	A:HOH:839:O	A:HOH:878:O
0	wb	A:ASN:458:OD1	A:LYS:457:O	A:HOH:1010:O
0	wb2	A:HIS:544:O	A:SER:603:OG	A:HOH:878:O	A:HOH:840:O
0	wb2	A:ASP:604:OD2	A:HIS:544:O	A:HOH:840:O	A:HOH:878:O
0	wb2	A:ARG:550:NH1	A:SER:603:OG	A:HOH:905:O	A:HOH:840:O
0	wb	A:ASP:604:OD2	A:SER:603:OG	A:HOH:840:O
0	wb2	A:ARG:550:NH1	A:ASP:604:OD2	A:HOH:905:O	A:HOH:840:O
0	wb2	A:ASP:604:OD2	A:SER:603:O	A:HOH:840:O	A:HOH:905:O
0	wb2	A:ARG:598:NH2	A:THR:600:OG1	A:HOH:899:O	A:HOH:841:O
0	wb2	A:ARG:598:NH2	A:GLU:592:OE2	A:HOH:899:O	A:HOH:841:O
0	wb2	A:ARG:598:NH2	A:SER:603:OG	A:HOH:899:O	A:HOH:841:O
0	wb	A:GLU:592:OE2	A:THR:600:OG1	A:HOH:841:O
0	wb	A:SER:603:OG	A:THR:600:OG1	A:HOH:841:O
0	wb	A:GLU:592:OE2	A:SER:603:OG	A:HOH:841:O
0	wb	A:GLU:492:OE2	A:THR:491:OG1	A:HOH:1012:O
0	wb	A:SER:411:O	A:TYR:415:OH	A:HOH:1013:O
0	wb2	A:GLU:538:OE1	A:PRO:667:O	A:HOH:897:O	A:HOH:843:O
0	wb2	A:PRO:667:O	A:SER:601:OG	A:HOH:843:O	A:HOH:897:O
0	wb2	A:PRO:663:O	A:PRO:667:O	A:HOH:898:O	A:HOH:843:O
0	wb2	A:ARG:666:O	A:PRO:667:O	A:HOH:898:O	A:HOH:843:O
0	wb2	A:GLN:512:OE1	A:LYS:621:N	A:HOH:986:O	A:HOH:845:O
0	wb2	A:GLY:619:O	A:LYS:621:N	A:HOH:986:O	A:HOH:845:O
0	wb	A:LYS:621:O	A:PHE:623:N	A:HOH:846:O
0	wb	A:GLN:624:N	A:LYS:621:O	A:HOH:846:O
0	wb2	A:LYS:621:O	A:PHE:623:N	A:HOH:846:O	A:HOH:901:O
0	wb	A:GLN:624:N	A:PHE:623:N	A:HOH:846:O
0	wb2	A:GLN:624:N	A:PHE:623:N	A:HOH:846:O	A:HOH:901:O
0	wb	A:MET:643:O	A:PRO:644:O	A:HOH:1017:O
0	wb	A:ASN:628:O	A:ILE:632:N	A:HOH:847:O
0	wb	A:ASN:629:O	A:GLY:633:N	A:HOH:849:O
0	wb2	A:ASN:629:O	A:ASP:630:OD2	A:HOH:849:O	A:HOH:936:O
0	wb2	A:ASP:630:OD2	A:GLY:633:N	A:HOH:936:O	A:HOH:849:O
0	wb	A:ARG:634:NH2	A:GLU:639:OE1	A:HOH:852:O
0	wb	A:ILE:422:O	A:LEU:424:N	A:HOH:1025:O
0	wb2	A:HIS:618:NE2	A:PRO:645:O	A:HOH:918:O	A:HOH:856:O
0	wb2	A:ASN:646:ND2	A:HIS:618:NE2	A:HOH:856:O	A:HOH:918:O
0	wb	A:HIS:618:NE2	A:PRO:645:O	A:HOH:856:O
0	wb	A:ASN:646:ND2	A:PRO:645:O	A:HOH:856:O
0	wb	A:ASN:646:ND2	A:HIS:618:NE2	A:HOH:856:O
0	wb2	A:SER:653:OG	A:THR:656:OG1	A:HOH:857:O	A:HOH:992:O
0	wb	A:GLU:506:O	A:PHE:510:N	A:HOH:1028:O
0	wb	A:GLU:506:O	A:LEU:504:O	A:HOH:1028:O
0	wb	A:GLU:506:O	A:SER:509:OG	A:HOH:1028:O
0	wb2	A:GLU:506:O	A:SER:509:OG	A:HOH:1028:O	A:HOH:1029:O
0	wb	A:LEU:504:O	A:PHE:510:N	A:HOH:1028:O
0	wb	A:PHE:510:N	A:SER:509:OG	A:HOH:1028:O
0	wb2	A:PHE:510:N	A:SER:509:OG	A:HOH:1028:O	A:HOH:1029:O
0	wb	A:LEU:504:O	A:SER:509:OG	A:HOH:1028:O
0	wb2	A:LEU:504:O	A:SER:509:OG	A:HOH:1028:O	A:HOH:1029:O
0	wb	A:ARG:640:NE	A:THR:656:O	A:HOH:858:O
0	wb2	A:ASP:662:N	A:TYR:661:N	A:HOH:860:O	A:HOH:859:O
0	wb2	A:ARG:665:NH1	A:TYR:661:N	A:HOH:860:O	A:HOH:859:O
0	wb	A:ASP:662:N	A:TYR:661:N	A:HOH:860:O
0	wb	A:ARG:665:NH1	A:ASP:662:N	A:HOH:860:O
0	wb	A:ARG:665:NH1	A:TYR:661:N	A:HOH:860:O
0	wb	A:ASP:435:N	A:THR:455:OG1	A:HOH:1032:O
0	wb2	A:ARG:598:NH2	A:ASP:662:OD2	A:HOH:940:O	A:HOH:862:O
0	wb	A:ARG:668:N	A:GLU:671:OE1	A:HOH:863:O
0	wb	A:ARG:413:N	A:ASP:414:OD1	A:HOH:1038:O
0	wb	A:ARG:413:N	A:ASP:414:OD2	A:HOH:1038:O
0	wb	A:ARG:413:N	A:ASP:414:N	A:HOH:1038:O
0	wb	A:ARG:413:N	A:SER:411:O	A:HOH:1038:O
0	wb	A:ASP:414:OD1	A:SER:411:O	A:HOH:1038:O
0	wb	A:ASP:414:OD2	A:SER:411:O	A:HOH:1038:O
0	wb	A:ASP:414:N	A:SER:411:O	A:HOH:1038:O
0	wb	A:ALA:548:N	A:ILE:547:N	A:HOH:869:O
0	wb	A:ALA:548:N	A:ASP:546:OD2	A:HOH:869:O
0	wb	A:ASP:546:OD2	A:ILE:547:N	A:HOH:869:O
0	wb	A:LYS:657:NZ	A:SER:653:OG	A:HOH:1040:O
0	wb2	A:ALA:549:O	A:ASP:564:O	A:HOH:870:O	A:HOH:999:O
0	wb2	A:ALA:549:O	A:GLN:432:N	A:HOH:870:O	A:HOH:999:O
0	wb	A:ASN:551:OD1	A:VAL:552:O	A:HOH:871:O
0	wb	A:ASN:551:OD1	A:IPA:701:O2	A:HOH:871:O
0	wb	A:ASN:551:OD1	A:LEU:507:N	A:HOH:871:O
0	wb	A:ARG:508:N	A:ASN:551:OD1	A:HOH:871:O
0	wb	A:IPA:701:O2	A:VAL:552:O	A:HOH:871:O
0	wb	A:LEU:507:N	A:VAL:552:O	A:HOH:871:O
0	wb	A:ARG:508:N	A:VAL:552:O	A:HOH:871:O
0	wb	A:IPA:701:O2	A:LEU:507:N	A:HOH:871:O
0	wb	A:ARG:508:N	A:IPA:701:O2	A:HOH:871:O
0	wb	A:ARG:508:N	A:LEU:507:N	A:HOH:871:O
0	wb	A:ARG:597:NH1	A:ILE:594:O	A:HOH:1043:O
0	wb	A:ARG:597:NH2	A:ILE:594:O	A:HOH:1043:O
0	wb2	A:ASP:564:OD2	A:HIS:544:ND1	A:HOH:873:O	A:HOH:945:O
0	wb2	A:ASP:564:OD2	A:LYS:454:NZ	A:HOH:875:O	A:HOH:874:O
0	wb2	A:GLU:471:O	A:LYS:454:NZ	A:HOH:875:O	A:HOH:874:O
0	wb	A:ASP:564:OD2	A:GLU:471:O	A:HOH:875:O
0	wb2	A:ARG:545:N	A:HIS:544:ND1	A:HOH:877:O	A:HOH:945:O
0	wb2	A:ASP:546:N	A:HIS:544:ND1	A:HOH:877:O	A:HOH:945:O
0	wb	A:ARG:545:N	A:ASP:546:N	A:HOH:877:O
0	wb2	A:ARG:545:N	A:ASP:546:N	A:HOH:978:O	A:HOH:877:O
0	wb	A:ALA:548:O	A:ARG:550:O	A:HOH:879:O
0	wb	A:ALA:548:O	A:ILE:547:O	A:HOH:879:O
0	wb	A:ARG:550:O	A:ILE:547:O	A:HOH:879:O
0	wb2	A:GLN:529:NE2	A:HIS:482:NE2	A:HOH:880:O	A:HOH:973:O
0	wb	A:ASP:519:OD2	A:SER:522:OG	A:HOH:881:O
0	wb	A:ASP:519:OD1	A:SER:522:OG	A:HOH:881:O
0	wb	A:ASP:519:N	A:SER:522:OG	A:HOH:881:O
0	wb2	A:GLN:512:NE2	A:SER:509:OG	A:HOH:1035:O	A:HOH:885:O
0	wb2	A:GLN:512:NE2	A:GLU:506:OE1	A:HOH:1035:O	A:HOH:885:O
0	wb2	A:GLN:512:NE2	A:SER:509:N	A:HOH:1035:O	A:HOH:885:O
0	wb2	A:GLU:506:OE1	A:SER:509:OG	A:HOH:969:O	A:HOH:885:O
0	wb2	A:LEU:567:O	A:SER:509:OG	A:HOH:969:O	A:HOH:885:O
0	wb2	A:GLU:506:OE1	A:SER:509:OG	A:HOH:885:O	A:HOH:969:O
0	wb2	A:GLU:506:OE1	A:LEU:567:O	A:HOH:885:O	A:HOH:969:O
0	wb2	A:GLU:506:OE1	A:SER:509:N	A:HOH:969:O	A:HOH:885:O
0	wb2	A:LEU:567:O	A:SER:509:N	A:HOH:969:O	A:HOH:885:O
0	wb	A:GLU:506:OE1	A:SER:509:OG	A:HOH:885:O
0	wb	A:GLU:506:OE1	A:SER:509:N	A:HOH:885:O
0	wb	A:GLU:430:N	A:LEU:567:N	A:HOH:886:O
0	wb	A:ASP:564:O	A:GLU:471:OE1	A:HOH:887:O
0	wb	A:ASP:564:O	A:GLU:471:OE2	A:HOH:887:O
0	wb	A:ASP:564:O	A:LYS:454:NZ	A:HOH:887:O
0	wb	A:GLU:471:OE1	A:LYS:454:NZ	A:HOH:887:O
0	wb	A:GLU:471:OE2	A:LYS:454:NZ	A:HOH:887:O
0	wb2	A:MET:475:O	A:PHE:478:O	A:HOH:888:O	A:HOH:889:O
0	wb2	A:MET:475:O	A:VAL:484:O	A:HOH:888:O	A:HOH:889:O
0	wb	A:PHE:478:O	A:VAL:484:O	A:HOH:889:O
0	wb	A:MET:475:O	A:PHE:478:O	A:HOH:889:O
0	wb2	A:HIS:480:O	A:PHE:478:O	A:HOH:890:O	A:HOH:889:O
0	wb2	A:HIS:480:N	A:PHE:478:O	A:HOH:890:O	A:HOH:889:O
0	wb2	A:ILE:483:O	A:PHE:478:O	A:HOH:890:O	A:HOH:889:O
0	wb	A:MET:475:O	A:VAL:484:O	A:HOH:889:O
0	wb2	A:HIS:480:O	A:VAL:484:O	A:HOH:890:O	A:HOH:889:O
0	wb2	A:HIS:480:N	A:VAL:484:O	A:HOH:890:O	A:HOH:889:O
0	wb2	A:ILE:483:O	A:VAL:484:O	A:HOH:890:O	A:HOH:889:O
0	wb2	A:HIS:480:O	A:MET:475:O	A:HOH:890:O	A:HOH:889:O
0	wb2	A:HIS:480:N	A:MET:475:O	A:HOH:890:O	A:HOH:889:O
0	wb2	A:ILE:483:O	A:MET:475:O	A:HOH:890:O	A:HOH:889:O
0	wb	A:HIS:480:O	A:ILE:483:O	A:HOH:890:O
0	wb	A:HIS:480:N	A:ILE:483:O	A:HOH:890:O
0	hp	A:LEU:537:CD2	A:PHE:478:CD2
0	hp	A:PHE:478:CZ	A:PHE:542:CD2
0	hp	A:PHE:478:CZ	A:PHE:542:CG
0	hp	A:LEU:537:CD2	A:PHE:478:CE2
0	hp	A:LEU:537:CD2	A:PHE:478:CZ
0	hp	A:PHE:478:CZ	A:PHE:542:CD1
0	hp	A:ALA:602:CB	A:PRO:663:CB
0	hp	A:LEU:534:CB	A:PHE:669:CG
0	hp	A:PHE:669:CE2	A:VAL:605:CG2
0	hplp	A:0O7:700:C7	A:LEU:537:CD1
0	hplp	A:0O7:700:C8	A:LEU:537:CD1
0	hplp	A:0O7:700:C8	A:PHE:542:CE1
0	hp	A:ILE:497:CG2	A:LEU:486:CD1
0	hp	A:ALA:472:CB	A:VAL:489:CG1
0	hp	A:ALA:472:CB	A:ILE:497:CD1
0	hp	A:LEU:672:CD2	A:PRO:667:CG
0	hp	A:LEU:654:CG	A:LEU:672:CD2
0	hp	A:LEU:654:CD1	A:LEU:672:CD2
0	hp	A:LEU:672:CD1	A:PHE:608:CD1
0	hp	A:LEU:534:CB	A:PHE:669:CD1
0	hp	A:LEU:534:CB	A:PHE:669:CE1
0	hp	A:LEU:534:CD1	A:PHE:669:CE1
0	hp	A:LEU:534:CD1	A:PHE:608:CE2
0	hp	A:LEU:534:CD1	A:PHE:608:CG
0	hp	A:LEU:534:CD1	A:PHE:608:CD2
0	hp	A:PHE:608:CB	A:PHE:669:CE1
0	hp	A:PHE:608:CG	A:PHE:669:CE1
0	hp	A:PHE:669:CZ	A:VAL:605:CG2
0	hp	A:PHE:608:CD1	A:PHE:669:CE1
0	hp	A:ALA:590:CB	A:TRP:606:CB
0	hp	A:ALA:590:CB	A:TRP:606:CG
0	hp	A:ALA:533:CB	A:ILE:483:CG1
0	hp	A:ALA:533:CB	A:LEU:562:CD1
0	hp	A:LEU:534:CD2	A:LEU:562:CD1
0	hp	A:ILE:547:CD1	A:PHE:599:CE2
0	hp	A:ILE:497:CG1	A:PHE:468:CE2
0	hp	A:ILE:497:CG1	A:PHE:468:CZ
0	hp	A:ILE:497:CD1	A:PHE:468:CE2
0	hp	A:ILE:497:CD1	A:PHE:468:CZ
0	hp	A:ILE:497:CD1	A:PHE:468:CE1
0	hp	A:PHE:433:CB	A:PHE:468:CD1
0	hp	A:PHE:433:CG	A:PHE:468:CD1
0	hp	A:PHE:433:CD1	A:PHE:468:CD1
0	hp	A:PHE:468:CD2	A:VAL:495:CG2
0	hp	A:PHE:468:CE2	A:VAL:495:CG2
0	hp	A:ILE:490:CD1	A:TRP:496:CE3
0	hp	A:LEU:654:CD2	A:LEU:676:CG
0	hp	A:LEU:654:CD2	A:LEU:676:CD2
0	hp	A:LEU:651:CD1	A:LEU:676:CD2
0	hp	A:ILE:635:CG2	A:TRP:606:CH2
0	hp	A:TRP:606:CZ3	A:TRP:659:CB
0	hp	A:LEU:530:CB	A:PHE:608:CE2
0	hp	A:ILE:632:CD1	A:PRO:591:CB
0	hp	A:LEU:530:CD2	A:LEU:562:CD2
0	hp	A:LEU:530:CG	A:VAL:560:CG2
0	hp	A:LEU:530:CD2	A:VAL:560:CG2
0	hplp	A:0O7:700:C10	A:LEU:562:CD2
0	hplp	A:0O7:700:C11	A:LEU:562:CD2
0	hplp	A:0O7:700:C10	A:LEU:562:CB
0	hp	A:ILE:547:CD1	A:LEU:584:CD2
0	hp	A:ILE:498:CG2	A:VAL:451:CG1
0	hp	A:ILE:422:CG2	A:TRP:496:CZ3
0	hp	A:ILE:422:CG2	A:ILE:453:CD1
0	hp	A:ILE:453:CG2	A:ILE:498:CD1
0	hp	A:ILE:453:CG2	A:TRP:496:CB
0	hp	A:ILE:453:CG2	A:TRP:496:CD2
0	hp	A:ILE:453:CG2	A:TRP:496:CG
0	hp	A:ILE:453:CG1	A:ILE:498:CD1
0	hp	A:ILE:524:CG2	A:LEU:680:CB
0	hp	A:ILE:635:CD1	A:TRP:606:CZ2
0	hp	A:VAL:552:CG1	A:VAL:560:CB
0	hp	A:LEU:507:CB	A:VAL:552:CG1
0	hp	A:LEU:507:CD2	A:VAL:552:CG1
0	hp	A:LEU:553:CD1	A:PHE:565:CE1
0	hp	A:LEU:553:CD1	A:PHE:565:CZ
0	hp	A:LEU:553:CD1	A:LEU:567:CD1
0	hp	A:ALA:450:CB	A:LEU:501:CD2
0	hp	A:ALA:452:CB	A:LEU:501:CD1
0	hp	A:ALA:448:CB	A:ILE:440:CG2
0	hp	A:LEU:424:CD2	A:TRP:496:CZ2
0	hp	A:LEU:520:CD2	A:PRO:648:CG
0	hp	A:LEU:616:CG	A:LEU:651:CD2
0	hp	A:LEU:616:CD2	A:LEU:651:CD2
0	hp	A:LEU:641:CD1	A:PRO:622:CB
0	hp	A:LEU:641:CD1	A:TRP:613:CD2
0	hp	A:PRO:622:CG	A:VAL:610:CG1
0	hp	A:LEU:507:CB	A:VAL:554:CG2
0	hp	A:LEU:507:CD1	A:VAL:554:CG2
0	hp	A:LEU:504:CB	A:VAL:554:CB
0	hp	A:LEU:504:CB	A:VAL:554:CG1
0	hp	A:PRO:622:CG	A:TRP:588:CZ2
0	hp	A:ILE:428:CG1	A:LEU:567:CD2
0	hp	A:ILE:428:CD1	A:LEU:501:CD1
0	hp	A:ILE:428:CD1	A:LEU:567:CD2
0	hp	A:LEU:520:CD1	A:LEU:616:CD1
0	hp	A:LEU:511:CD2	A:LEU:518:CD1
0	hp	A:LEU:511:CD2	A:LEU:523:CD2
0	hp	A:LEU:504:CD1	A:PHE:510:CE1
