# total_frames:1 beg:0 end:0 stride:1 interaction_types:sb,pc,ps,ts,vdw,hb,lhb
# Columns: frame, interaction_type, atom_1, atom_2[, atom_3[, atom_4]]
0	sb	A:ARG:476:NH2	A:ASP:170:OD2
0	sb	A:ASP:170:OD2	A:HIS:471:ND1
0	sb	A:ARG:472:NH1	A:ASP:171:OD1
0	sb	A:ASP:171:OD1	A:HIS:471:NE2
0	sb	A:ARG:472:NH1	A:ASP:171:OD2
0	sb	A:ARG:472:NH2	A:ASP:171:OD2
0	sb	A:ARG:273:NH1	A:ASP:278:OD1
0	sb	A:ARG:784:NH1	A:ASP:278:OD2
0	sb	A:ARG:784:NH2	A:ASP:278:OD2
0	sb	A:ASP:316:OD1	A:LYS:689:NZ
0	sb	A:ASP:500:OD2	A:HIS:708:ND1
0	sb	A:ARG:477:NH2	A:ASP:521:OD1
0	sb	A:ARG:1052:NH2	A:ASP:562:OD1
0	sb	A:ARG:614:NH1	A:ASP:618:OD1
0	sb	A:ASP:623:OD2	A:LYS:587:NZ
0	sb	A:ARG:684:NH2	A:ASP:653:OD1
0	sb	A:ASP:654:OD2	A:LYS:205:NZ
0	sb	A:ASP:655:OD1	A:LYS:205:NZ
0	sb	A:ASP:655:OD1	A:HIS:658:ND1
0	sb	A:ASP:655:OD2	A:LYS:205:NZ
0	sb	A:ARG:679:NH2	A:ASP:674:OD1
0	sb	A:ARG:679:NH2	A:ASP:674:OD2
0	sb	A:ARG:784:NH2	A:ASP:731:OD2
0	sb	A:ASP:748:OD2	A:LYS:770:NZ
0	sb	A:ARG:277:NH1	A:ASP:788:OD1
0	sb	A:ARG:277:NH2	A:ASP:788:OD1
0	sb	A:ARG:277:NH2	A:ASP:788:OD2
0	sb	A:ARG:273:NH2	A:ASP:819:OD1
0	sb	A:ARG:273:NH1	A:ASP:819:OD2
0	sb	A:ARG:273:NH2	A:ASP:819:OD2
0	sb	A:ASP:836:OD1	A:LYS:808:NZ
0	sb	A:ASP:836:OD2	A:LYS:808:NZ
0	sb	A:ASP:836:OD2	A:LYS:833:NZ
0	sb	A:ASP:861:OD1	A:LYS:298:NZ
0	sb	A:ASP:861:OD2	A:LYS:298:NZ
0	sb	A:ASP:964:OD1	A:LYS:833:NZ
0	sb	A:ASP:1011:OD1	A:LYS:1015:NZ
0	sb	A:GLU:172:OE2	A:HIS:673:ND1
0	sb	A:GLU:172:OE2	A:HIS:673:NE2
0	sb	A:ARG:177:NH1	A:GLU:174:OE1
0	sb	A:ARG:178:NH1	A:GLU:174:OE1
0	sb	A:ARG:178:NH2	A:GLU:174:OE1
0	sb	A:ARG:177:NH1	A:GLU:174:OE2
0	sb	A:ARG:687:NH2	A:GLU:187:OE1
0	sb	A:GLU:301:OE2	A:HIS:295:NE2
0	sb	A:GLU:302:OE1	A:HIS:304:ND1
0	sb	A:GLU:302:OE1	A:HIS:304:NE2
0	sb	A:ARG:184:NH2	A:GLU:321:OE1
0	sb	A:ARG:722:NH1	A:GLU:321:OE1
0	sb	A:ARG:184:NH2	A:GLU:321:OE2
0	sb	A:ARG:398:NH1	A:GLU:384:OE2
0	sb	A:ARG:366:NH1	A:GLU:479:OE1
0	sb	A:ARG:366:NH1	A:GLU:479:OE2
0	sb	A:ARG:366:NH2	A:GLU:479:OE2
0	sb	A:ARG:552:NH1	A:GLU:546:OE1
0	sb	A:ARG:552:NH2	A:GLU:546:OE1
0	sb	A:GLU:581:OE1	A:LYS:584:NZ
0	sb	A:ARG:552:NH2	A:GLU:581:OE1
0	sb	A:ARG:552:NH2	A:GLU:581:OE2
0	sb	A:GLU:638:OE1	A:LYS:425:NZ
0	sb	A:GLU:638:OE2	A:LYS:425:NZ
0	sb	A:GLU:652:OE1	A:LYS:205:NZ
0	sb	A:ARG:641:NH1	A:GLU:670:OE1
0	sb	A:GLU:702:OE1	A:LYS:668:NZ
0	sb	A:ARG:839:NH1	A:GLU:702:OE1
0	sb	A:GLU:702:OE2	A:LYS:668:NZ
0	sb	A:ARG:839:NH1	A:GLU:702:OE2
0	sb	A:ARG:177:NH2	A:GLU:718:OE2
0	sb	A:ARG:722:NH2	A:GLU:718:OE2
0	sb	A:ARG:700:NH1	A:GLU:740:OE2
0	sb	A:ARG:700:NH2	A:GLU:740:OE2
0	sb	A:GLU:814:OE2	A:LYS:883:NZ
0	sb	A:ARG:294:NH1	A:GLU:856:OE2
0	sb	A:GLU:913:OE1	A:LYS:914:NZ
0	sb	A:GLU:926:OE1	A:LYS:1008:NZ
0	sb	A:GLU:926:OE2	A:LYS:1008:NZ
0	sb	A:GLU:956:OE2	A:LYS:914:NZ
0	sb	A:GLU:981:OE1	A:LYS:1078:NZ
0	sb	A:GLU:1061:OE1	A:HIS:1022:NE2
0	sb	A:GLU:1062:OE1	A:LYS:1065:NZ
0	sb	A:GLU:1073:OE1	A:LYS:1000:NZ
0	sb	A:ARG:1076:NH2	A:GLU:1073:OE2
0	pc	A:ARG:544:NH1	A:TYR:580:CG
0	pc	A:ARG:544:NH2	A:TYR:580:CG
0	pc	A:ARG:613:NH2	A:TYR:580:CG
0	pc	A:HIS:577:NE2	A:PHE:578:CG
0	pc	A:ARG:579:NH2	A:TRP:576:CG
0	pc	A:ARG:362:NH1	A:TRP:413:CG
0	pc	A:ARG:362:NH2	A:TRP:413:CG
0	pc	A:HIS:577:ND1	A:PHE:578:CG
0	pc	A:ARG:579:NH1	A:TRP:576:CG
0	pc	A:HIS:389:ND1	A:TRP:598:CG
0	pc	A:HIS:389:NE2	A:TRP:598:CG
0	pc	A:LYS:425:NZ	A:PHE:473:CG
0	pc	A:LYS:425:NZ	A:TYR:672:CG
0	pc	A:HIS:471:ND1	A:PHE:175:CG
0	pc	A:HIS:471:NE2	A:PHE:175:CG
0	pc	A:ARG:472:NH2	A:PHE:175:CG
0	pc	A:ARG:472:NH1	A:PHE:175:CG
0	pc	A:LYS:364:NZ	A:TRP:413:CG
0	pc	A:ARG:184:NH1	A:TRP:323:CG
0	pc	A:ARG:184:NH2	A:TRP:323:CG
0	pc	A:ARG:398:NH1	A:PHE:382:CG
0	pc	A:ARG:398:NH1	A:TYR:434:CG
0	pc	A:ARG:191:NH1	A:TYR:196:CG
0	pc	A:ARG:191:NH2	A:TYR:196:CG
0	pc	A:LYS:668:NZ	A:TYR:709:CG
0	pc	A:HIS:708:ND1	A:TRP:485:CG
0	pc	A:HIS:708:NE2	A:TRP:485:CG
0	pc	A:LYS:501:NZ	A:TYR:463:CG
0	pc	A:ARG:319:NH1	A:PHE:150:CG
0	pc	A:ARG:722:NH2	A:PHE:150:CG
0	pc	A:HIS:658:ND1	A:TYR:659:CG
0	pc	A:HIS:693:NE2	A:PHE:694:CG
0	pc	A:ARG:690:NH1	A:TRP:201:CG
0	pc	A:ARG:690:NH2	A:TRP:201:CG
0	pc	A:LYS:689:NZ	A:TYR:196:CG
0	pc	A:HIS:693:ND1	A:PHE:694:CG
0	pc	A:HIS:295:ND1	A:TRP:292:CG
0	pc	A:HIS:295:NE2	A:TRP:292:CG
0	pc	A:LYS:298:NZ	A:TYR:210:CG
0	pc	A:HIS:962:NE2	A:TYR:935:CG
0	pc	A:ARG:277:NH1	A:TRP:292:CG
0	pc	A:ARG:947:NH2	A:PHE:965:CG
0	pc	A:LYS:1008:NZ	A:TYR:930:CG
0	pc	A:ARG:1076:NH2	A:PHE:1006:CG
0	pc	A:ARG:1076:NH1	A:PHE:1006:CG
0	pc	A:HIS:948:NE2	A:TRP:1086:CG
0	pc	A:LYS:914:NZ	A:TRP:910:CG
0	pc	A:LYS:802:NZ	A:TRP:812:CG
0	ps	A:PHE:902:CG	A:TRP:1080:CG
0	ps	A:PHE:696:CG	A:PHE:732:CG
0	ps	A:TRP:617:CG	A:TYR:589:CG
0	ps	A:PHE:1068:CG	A:TYR:1017:CG
0	ts	A:PHE:696:CG	A:TRP:697:CG
0	vdw	A:CYS:357:N	A:LYS:421:CD
0	vdw	A:CYS:357:O	A:LYS:421:CD
0	vdw	A:ILE:527:CD1	A:LYS:421:CE
0	vdw	A:CYS:357:O	A:LYS:421:N
0	vdw	A:CYS:357:O	A:LYS:421:CB
0	vdw	A:ASP:358:O	A:LYS:419:CD
0	vdw	A:ARG:544:NH2	A:ARG:613:NH2
0	vdw	A:ASP:422:OD1	A:GLN:601:N
0	vdw	A:ALA:528:CB	A:PHE:473:CD2
0	vdw	A:GLN:601:NE2	A:ILE:527:CD1
0	vdw	A:GLN:601:CB	A:LYS:421:O
0	vdw	A:ASP:422:CB	A:GLY:599:O
0	vdw	A:ARG:359:O	A:ILE:420:N
0	vdw	A:ARG:359:O	A:LYS:419:CA
0	vdw	A:ARG:359:O	A:LYS:419:C
0	vdw	A:ARG:359:O	A:LYS:419:CB
0	vdw	A:ILE:418:O	A:LYS:360:CA
0	vdw	A:ILE:418:O	A:PHE:361:N
0	vdw	A:ILE:418:O	A:LYS:360:C
0	vdw	A:LYS:360:CB	A:PHE:416:O
0	vdw	A:LYS:360:CG	A:PHE:416:O
0	vdw	A:LYS:360:CD	A:PHE:416:O
0	vdw	A:HIS:525:O	A:LEU:474:CD2
0	vdw	A:ASN:522:CB	A:LEU:475:CD2
0	vdw	A:ASN:522:C	A:LEU:475:CD2
0	vdw	A:ILE:420:CD1	A:PHE:361:CA
0	vdw	A:ILE:420:CD1	A:PHE:361:CB
0	vdw	A:ARG:359:O	A:ILE:420:CG1
0	vdw	A:ARG:477:CD	A:ASN:522:N
0	vdw	A:ARG:477:NE	A:ASP:521:CA
0	vdw	A:ARG:477:NE	A:ASP:521:CG
0	vdw	A:ARG:477:NE	A:ASP:521:OD1
0	vdw	A:ARG:477:CG	A:ASN:522:N
0	vdw	A:ARG:362:NH2	A:TRP:413:CZ2
0	vdw	A:ARG:362:CG	A:TRP:413:CZ3
0	vdw	A:ARG:362:NE	A:TRP:413:CZ3
0	vdw	A:ARG:362:NE	A:TRP:413:CH2
0	vdw	A:ARG:362:O	A:ASN:522:OD1
0	vdw	A:ARG:362:NH2	A:TRP:413:CE2
0	vdw	A:ARG:362:NH2	A:TRP:413:NE1
0	vdw	A:ARG:362:CG	A:TRP:413:CE3
0	vdw	A:ARG:362:CD	A:TRP:413:CE3
0	vdw	A:ARG:362:NE	A:TRP:413:CD2
0	vdw	A:ARG:362:NE	A:TRP:413:CE3
0	vdw	A:ARG:362:CZ	A:TRP:413:CE2
0	vdw	A:ARG:362:CZ	A:TRP:413:CD2
0	vdw	A:ARG:477:CZ	A:ASP:521:OD1
0	vdw	A:ARG:477:NH2	A:ASP:521:CG
0	vdw	A:ARG:477:NH2	A:ASP:521:OD1
0	vdw	A:ARG:362:CZ	A:TRP:413:CZ2
0	vdw	A:LYS:364:CE	A:TRP:413:CD1
0	vdw	A:LYS:364:CE	A:TRP:413:NE1
0	vdw	A:ARG:613:NE	A:TYR:580:CE1
0	vdw	A:LEU:610:CD2	A:TYR:580:CD1
0	vdw	A:LEU:610:CD2	A:TYR:580:CE1
0	vdw	A:ARG:579:CD	A:LEU:610:CG
0	vdw	A:LEU:583:CD1	A:LEU:610:CD2
0	vdw	A:LEU:583:CD2	A:LEU:610:CD2
0	vdw	A:ARG:579:CD	A:LEU:610:CD1
0	vdw	A:ILE:603:CG2	A:TRP:576:CH2
0	vdw	A:ILE:603:CG2	A:TRP:576:CZ2
0	vdw	A:TRP:576:CZ3	A:VAL:596:CG2
0	vdw	A:ILE:603:CB	A:LYS:597:O
0	vdw	A:ASN:639:ND2	A:TYR:608:CE2
0	vdw	A:TRP:598:O	A:VAL:604:CG2
0	vdw	A:TRP:598:CE3	A:VAL:604:CG2
0	vdw	A:PRO:424:CG	A:TRP:598:O
0	vdw	A:PRO:424:CB	A:TRP:598:O
0	vdw	A:CYS:395:CB	A:ILE:418:CG1
0	vdw	A:CYS:395:SG	A:SER:417:CB
0	vdw	A:CYS:395:SG	A:SER:417:OG
0	vdw	A:CYS:395:CB	A:SER:417:OG
0	vdw	A:LYS:425:CD	A:PHE:473:CE2
0	vdw	A:LYS:425:NZ	A:PHE:473:CZ
0	vdw	A:ILE:387:CG1	A:ILE:418:CD1
0	vdw	A:CYS:395:CB	A:ILE:418:CD1
0	vdw	A:CYS:395:SG	A:SER:417:N
0	vdw	A:CYS:395:SG	A:SER:417:CA
0	vdw	A:ARG:397:CG	A:PHE:416:CG
0	vdw	A:ARG:476:N	A:LEU:468:O
0	vdw	A:GLU:415:CA	A:PHE:361:O
0	vdw	A:GLU:415:C	A:PHE:361:O
0	vdw	A:PHE:361:O	A:PHE:416:N
0	vdw	A:PHE:361:CD2	A:PHE:416:CD1
0	vdw	A:PHE:361:CE2	A:PHE:416:CD1
0	vdw	A:ARG:362:CA	A:LEU:414:O
0	vdw	A:ARG:362:CB	A:LEU:414:O
0	vdw	A:ARG:362:CB	A:TRP:413:CE3
0	vdw	A:PHE:361:CD2	A:PHE:416:CE1
0	vdw	A:PHE:361:CE2	A:PHE:416:CE1
0	vdw	A:PHE:361:O	A:PHE:416:CA
0	vdw	A:PHE:361:O	A:PHE:416:CB
0	vdw	A:PHE:361:CD2	A:PHE:416:CG
0	vdw	A:LEU:468:CD2	A:PHE:361:CE1
0	vdw	A:LEU:468:CD2	A:PHE:361:CZ
0	vdw	A:ILE:387:CD1	A:PHE:361:CD2
0	vdw	A:ILE:387:CD1	A:PHE:361:CE2
0	vdw	A:ARG:397:CD	A:GLU:415:O
0	vdw	A:ARG:397:CZ	A:GLU:415:O
0	vdw	A:ARG:397:NH1	A:GLU:415:O
0	vdw	A:LEU:414:O	A:VAL:363:CG1
0	vdw	A:ARG:477:CA	A:LEU:520:CB
0	vdw	A:ARG:477:CA	A:LEU:520:O
0	vdw	A:ARG:477:CB	A:LEU:520:O
0	vdw	A:ARG:477:CG	A:LEU:520:O
0	vdw	A:ARG:476:CA	A:LEU:468:O
0	vdw	A:ARG:476:O	A:LEU:520:CB
0	vdw	A:ARG:476:O	A:LEU:520:CG
0	vdw	A:ARG:362:O	A:ASN:522:CG
0	vdw	A:ARG:362:O	A:ASN:522:ND2
0	vdw	A:GLY:478:N	A:LEU:520:C
0	vdw	A:ARG:476:O	A:LEU:520:CD2
0	vdw	A:LEU:520:CD1	A:VAL:363:CB
0	vdw	A:LEU:520:CD1	A:VAL:363:CG2
0	vdw	A:ASN:522:ND2	A:PHE:361:CE1
0	vdw	A:ARG:362:C	A:TRP:413:CZ3
0	vdw	A:ARG:362:O	A:TRP:413:CZ3
0	vdw	A:TRP:413:CZ3	A:VAL:363:N
0	vdw	A:TRP:413:CZ3	A:VAL:363:CA
0	vdw	A:LEU:519:O	A:VAL:363:CA
0	vdw	A:TRP:413:CZ3	A:VAL:363:C
0	vdw	A:LYS:364:N	A:TRP:413:CZ3
0	vdw	A:LEU:519:O	A:LYS:364:N
0	vdw	A:ARG:362:C	A:TRP:413:CE3
0	vdw	A:TRP:413:CE3	A:VAL:363:N
0	vdw	A:TRP:413:CE3	A:VAL:363:CA
0	vdw	A:TRP:413:CE3	A:VAL:363:C
0	vdw	A:LYS:364:N	A:TRP:413:CE3
0	vdw	A:ARG:362:C	A:LEU:414:O
0	vdw	A:LEU:414:O	A:VAL:363:N
0	vdw	A:VAL:363:O	A:VAL:412:O
0	vdw	A:LEU:414:N	A:VAL:363:O
0	vdw	A:LYS:364:CA	A:VAL:412:O
0	vdw	A:LYS:364:CG	A:VAL:412:O
0	vdw	A:LYS:364:C	A:VAL:412:O
0	vdw	A:ILE:365:N	A:VAL:412:O
0	vdw	A:ILE:365:O	A:VAL:412:O
0	vdw	A:LEU:414:CB	A:VAL:363:O
0	vdw	A:ARG:477:C	A:LEU:520:O
0	vdw	A:GLY:478:N	A:LEU:520:O
0	vdw	A:GLY:478:CA	A:LEU:520:O
0	vdw	A:GLY:478:C	A:LEU:519:CD1
0	vdw	A:GLY:478:O	A:LEU:520:N
0	vdw	A:ARG:366:NH1	A:LEU:519:CB
0	vdw	A:ARG:366:NH1	A:LEU:519:CD2
0	vdw	A:GLY:478:O	A:LEU:519:CA
0	vdw	A:GLY:478:O	A:LEU:519:C
0	vdw	A:ASN:411:OD1	A:LYS:364:CD
0	vdw	A:ASN:411:OD1	A:LYS:364:CE
0	vdw	A:ASN:411:OD1	A:LYS:364:NZ
0	vdw	A:ASN:411:C	A:ILE:365:O
0	vdw	A:ILE:365:O	A:VAL:412:N
0	vdw	A:ARG:366:CZ	A:GLU:479:CD
0	vdw	A:ARG:366:NH1	A:GLU:479:CD
0	vdw	A:ARG:366:CZ	A:GLU:479:OE2
0	vdw	A:ARG:366:NH1	A:GLU:479:OE2
0	vdw	A:ARG:366:CZ	A:GLU:479:OE1
0	vdw	A:ARG:366:NH1	A:GLU:479:OE1
0	vdw	A:ARG:552:CZ	A:GLU:546:OE1
0	vdw	A:ARG:552:NH1	A:GLU:546:OE1
0	vdw	A:ARG:552:NH2	A:GLU:546:OE1
0	vdw	A:ARG:552:NH2	A:GLU:581:OE2
0	vdw	A:ARG:552:NH1	A:MET:547:O
0	vdw	A:ARG:552:NH2	A:GLU:581:CD
0	vdw	A:ARG:552:N	A:MET:547:CE
0	vdw	A:MET:547:CE	A:PHE:578:CG
0	vdw	A:MET:547:CE	A:PHE:578:CD2
0	vdw	A:MET:547:CE	A:PHE:578:CE2
0	vdw	A:ARG:552:CA	A:MET:547:SD
0	vdw	A:ARG:552:CA	A:MET:547:CE
0	vdw	A:ARG:613:O	A:LEU:583:CD2
0	vdw	A:LEU:583:CG	A:TYR:589:OH
0	vdw	A:LEU:575:O	A:SER:582:OG
0	vdw	A:ARG:579:CB	A:LEU:610:CD1
0	vdw	A:LEU:583:CD1	A:LEU:610:CD1
0	vdw	A:LEU:575:O	A:LEU:592:CD1
0	vdw	A:LYS:572:O	A:SER:595:CB
0	vdw	A:ARG:614:NE	A:ILE:643:CG2
0	vdw	A:ARG:614:CZ	A:ILE:643:CG2
0	vdw	A:LEU:611:CD2	A:PHE:593:CE1
0	vdw	A:LEU:611:CD2	A:PHE:593:CZ
0	vdw	A:THR:607:CG2	A:TRP:598:CH2
0	vdw	A:GLN:392:NE2	A:VAL:596:O
0	vdw	A:ASP:637:OD2	A:TYR:608:CE1
0	vdw	A:ASN:639:ND2	A:TYR:608:CE1
0	vdw	A:ASP:637:OD2	A:TYR:608:CZ
0	vdw	A:ASN:639:ND2	A:TYR:608:CZ
0	vdw	A:ASP:637:CG	A:TYR:608:OH
0	vdw	A:ASP:637:OD2	A:TYR:608:OH
0	vdw	A:ASN:639:ND2	A:TYR:608:OH
0	vdw	A:ASP:637:OD1	A:TYR:608:OH
0	vdw	A:ASP:637:CG	A:TRP:598:CZ3
0	vdw	A:ASP:637:CG	A:TRP:598:CH2
0	vdw	A:ASP:637:OD1	A:TRP:598:CZ3
0	vdw	A:HIS:389:CE1	A:TRP:598:CD2
0	vdw	A:HIS:389:CE1	A:TRP:598:CE3
0	vdw	A:ASP:637:CB	A:TRP:598:CH2
0	vdw	A:PHE:593:O	A:TRP:598:CE2
0	vdw	A:PHE:593:O	A:TRP:598:CZ2
0	vdw	A:TRP:598:CH2	A:VAL:640:CG2
0	vdw	A:GLN:392:NE2	A:TRP:598:CD1
0	vdw	A:HIS:389:ND1	A:TRP:598:CB
0	vdw	A:HIS:389:ND1	A:TRP:598:CG
0	vdw	A:PHE:593:O	A:TRP:598:NE1
0	vdw	A:GLU:638:CD	A:LYS:425:NZ
0	vdw	A:GLU:638:OE2	A:LYS:425:NZ
0	vdw	A:HIS:389:NE2	A:PRO:424:CB
0	vdw	A:HIS:389:CD2	A:PRO:424:CB
0	vdw	A:HIS:389:CE1	A:TRP:598:CB
0	vdw	A:HIS:389:CE1	A:TRP:598:CG
0	vdw	A:HIS:389:CD2	A:PRO:424:CG
0	vdw	A:ILE:387:O	A:LEU:394:N
0	vdw	A:ILE:387:O	A:LEU:394:CA
0	vdw	A:ILE:387:O	A:LEU:394:CB
0	vdw	A:ILE:387:O	A:LEU:394:CG
0	vdw	A:LYS:425:CE	A:PHE:473:CE1
0	vdw	A:LYS:425:NZ	A:PHE:473:CE1
0	vdw	A:LYS:425:CG	A:TYR:672:OH
0	vdw	A:GLY:426:N	A:TYR:672:OH
0	vdw	A:ILE:469:C	A:TYR:672:OH
0	vdw	A:ILE:469:O	A:TYR:672:OH
0	vdw	A:GLY:426:CA	A:TYR:672:OH
0	vdw	A:ILE:387:CG2	A:LEU:468:CD1
0	vdw	A:ILE:387:CD1	A:LEU:468:CD1
0	vdw	A:ALA:427:CA	A:GLN:388:O
0	vdw	A:ALA:427:CB	A:GLN:388:O
0	vdw	A:ILE:387:CG1	A:PHE:416:CD2
0	vdw	A:ILE:387:CG1	A:PHE:416:CE2
0	vdw	A:ILE:387:CD1	A:PHE:416:CE2
0	vdw	A:ILE:387:CD1	A:LEU:429:CD1
0	vdw	A:ILE:387:CA	A:LEU:428:O
0	vdw	A:ILE:387:O	A:VAL:393:CA
0	vdw	A:ILE:387:O	A:VAL:393:C
0	vdw	A:CYS:395:CB	A:PHE:416:CD2
0	vdw	A:ARG:397:N	A:PHE:416:CE2
0	vdw	A:ARG:397:CG	A:PHE:416:CD2
0	vdw	A:ARG:397:CG	A:PHE:416:CE2
0	vdw	A:ASN:386:CA	A:CYS:395:O
0	vdw	A:ALA:385:O	A:GLN:396:CA
0	vdw	A:ALA:385:O	A:ARG:397:N
0	vdw	A:ALA:385:O	A:PHE:416:CE2
0	vdw	A:CYS:395:O	A:ILE:387:N
0	vdw	A:HIS:471:CD2	A:PHE:175:CG
0	vdw	A:HIS:471:CD2	A:PHE:175:CD2
0	vdw	A:ARG:476:NH2	A:ASP:470:CB
0	vdw	A:ARG:476:CD	A:LEU:467:O
0	vdw	A:ARG:476:NE	A:LEU:467:O
0	vdw	A:ARG:476:CZ	A:LEU:467:O
0	vdw	A:ARG:476:CB	A:LEU:468:O
0	vdw	A:ARG:476:NH1	A:LEU:467:C
0	vdw	A:ARG:476:NH1	A:LEU:467:O
0	vdw	A:ALA:427:O	A:LEU:468:N
0	vdw	A:ILE:469:O	A:TYR:672:CE1
0	vdw	A:ILE:469:O	A:TYR:672:CZ
0	vdw	A:LEU:429:CB	A:LEU:468:CG
0	vdw	A:LEU:429:CB	A:LEU:468:CD2
0	vdw	A:ARG:397:CG	A:PHE:416:CZ
0	vdw	A:ALA:385:O	A:PHE:416:CZ
0	vdw	A:ARG:398:O	A:LEU:414:CD2
0	vdw	A:ARG:398:C	A:VAL:383:O
0	vdw	A:ASP:171:CG	A:HIS:471:NE2
0	vdw	A:ARG:472:NH1	A:ASP:171:CG
0	vdw	A:ARG:472:NH2	A:ASP:171:CG
0	vdw	A:ASP:171:OD1	A:HIS:471:NE2
0	vdw	A:ARG:472:NH1	A:ASP:171:OD1
0	vdw	A:ARG:472:CZ	A:ASP:171:OD2
0	vdw	A:ARG:472:NH1	A:ASP:171:OD2
0	vdw	A:ARG:472:NH2	A:ASP:171:OD2
0	vdw	A:ASP:171:OD1	A:HIS:471:CE1
0	vdw	A:ASP:170:OD2	A:HIS:471:CE1
0	vdw	A:GLU:172:CB	A:HIS:471:CE1
0	vdw	A:GLU:172:N	A:HIS:471:CE1
0	vdw	A:GLU:172:CA	A:HIS:471:CE1
0	vdw	A:ARG:476:CD	A:LEU:466:CD2
0	vdw	A:ARG:476:CD	A:LEU:466:CD1
0	vdw	A:ARG:476:CD	A:LEU:466:CG
0	vdw	A:ARG:476:NH2	A:ASP:170:OD2
0	vdw	A:LEU:414:CB	A:VAL:363:CG1
0	vdw	A:PHE:416:CE1	A:VAL:363:CG1
0	vdw	A:ILE:365:CG1	A:LEU:414:CD1
0	vdw	A:ILE:365:CB	A:VAL:412:CG2
0	vdw	A:HIS:169:CD2	A:TYR:480:CD2
0	vdw	A:HIS:169:CD2	A:TYR:480:CE2
0	vdw	A:GLU:479:CA	A:ILE:518:O
0	vdw	A:ILE:518:O	A:TYR:480:N
0	vdw	A:ILE:518:CA	A:LYS:364:O
0	vdw	A:ILE:518:C	A:LYS:364:O
0	vdw	A:ILE:518:CB	A:LYS:364:O
0	vdw	A:LEU:519:N	A:LYS:364:O
0	vdw	A:ARG:366:CG	A:ILE:518:CA
0	vdw	A:GLU:479:OE1	A:ILE:518:O
0	vdw	A:ARG:366:CG	A:SER:517:C
0	vdw	A:ARG:366:CG	A:SER:517:O
0	vdw	A:ILE:365:CD1	A:ILE:518:CG2
0	vdw	A:ILE:518:N	A:TYR:480:O
0	vdw	A:ILE:518:CG1	A:TYR:480:CB
0	vdw	A:ASN:411:CA	A:ILE:365:O
0	vdw	A:ASN:411:N	A:ILE:365:O
0	vdw	A:ARG:366:N	A:SER:517:O
0	vdw	A:THR:399:CB	A:TRP:410:CD1
0	vdw	A:SER:400:O	A:TRP:410:CD1
0	vdw	A:ARG:366:CD	A:GLU:479:OE1
0	vdw	A:ARG:366:C	A:TRP:410:N
0	vdw	A:ARG:366:O	A:LEU:409:C
0	vdw	A:ARG:366:O	A:TRP:410:N
0	vdw	A:ARG:366:O	A:LEU:409:CD2
0	vdw	A:ARG:366:O	A:LEU:409:CA
0	vdw	A:ARG:366:O	A:ASN:411:N
0	vdw	A:ARG:366:CB	A:SER:517:O
0	vdw	A:LEU:555:CD1	A:LEU:574:CD1
0	vdw	A:LEU:555:CD1	A:LEU:575:CD1
0	vdw	A:ILE:558:CD1	A:LEU:574:CD1
0	vdw	A:GLN:554:OE1	A:GLU:570:OE1
0	vdw	A:ASP:618:C	A:LYS:647:NZ
0	vdw	A:ASP:618:O	A:LYS:647:NZ
0	vdw	A:LYS:647:CE	A:TRP:617:O
0	vdw	A:LYS:647:NZ	A:TRP:617:O
0	vdw	A:LEU:583:O	A:TYR:589:CE1
0	vdw	A:LEU:583:O	A:TYR:589:OH
0	vdw	A:LEU:583:O	A:TYR:589:CZ
0	vdw	A:ALA:588:CB	A:SER:582:O
0	vdw	A:LEU:575:CB	A:SER:595:OG
0	vdw	A:LEU:575:CG	A:SER:595:OG
0	vdw	A:ILE:558:CG2	A:LEU:575:CD1
0	vdw	A:ASP:618:OD1	A:GLN:646:OE1
0	vdw	A:ASP:618:OD1	A:GLN:646:CD
0	vdw	A:ASP:618:OD1	A:GLN:646:NE2
0	vdw	A:ASP:618:CA	A:LYS:647:NZ
0	vdw	A:TRP:617:CB	A:TYR:589:CE2
0	vdw	A:ARG:614:CD	A:ILE:643:CG2
0	vdw	A:ILE:643:CB	A:TRP:617:NE1
0	vdw	A:ILE:643:O	A:TRP:617:NE1
0	vdw	A:TRP:617:CB	A:TYR:589:OH
0	vdw	A:TRP:617:CE3	A:TYR:589:CD2
0	vdw	A:TRP:617:CE3	A:TYR:589:CE2
0	vdw	A:LEU:575:CD2	A:LYS:591:C
0	vdw	A:LEU:575:CD2	A:LYS:591:O
0	vdw	A:LEU:575:CD2	A:SER:595:OG
0	vdw	A:LYS:572:CA	A:SER:595:OG
0	vdw	A:LYS:572:CG	A:SER:595:OG
0	vdw	A:LEU:575:CD2	A:LYS:591:CB
0	vdw	A:LEU:567:CD1	A:LYS:591:O
0	vdw	A:LEU:567:CB	A:LYS:572:CG
0	vdw	A:ARG:614:NH1	A:GLN:646:NE2
0	vdw	A:GLN:646:NE2	A:TRP:617:CD1
0	vdw	A:ARG:614:NH1	A:ILE:643:CG2
0	vdw	A:PHE:593:CB	A:PHE:635:CE2
0	vdw	A:LYS:572:CD	A:SER:594:O
0	vdw	A:LYS:572:CE	A:SER:594:O
0	vdw	A:PRO:671:CG	A:SER:636:O
0	vdw	A:PRO:671:CG	A:SER:636:CB
0	vdw	A:GLY:390:N	A:SER:636:CB
0	vdw	A:HIS:389:C	A:SER:636:OG
0	vdw	A:GLY:390:N	A:SER:636:OG
0	vdw	A:GLY:390:CA	A:SER:636:OG
0	vdw	A:ARG:679:NE	A:ASP:674:CG
0	vdw	A:ARG:679:NH2	A:ASP:674:CG
0	vdw	A:ARG:679:NE	A:ASP:674:OD1
0	vdw	A:ARG:679:CZ	A:ASP:674:OD1
0	vdw	A:ARG:679:NE	A:ASP:674:OD2
0	vdw	A:ARG:679:CZ	A:ASP:674:OD2
0	vdw	A:ARG:679:NH2	A:ASP:674:OD2
0	vdw	A:ARG:679:CD	A:ASP:674:OD1
0	vdw	A:ASP:674:CB	A:THR:176:OG1
0	vdw	A:ASP:674:CB	A:THR:176:CG2
0	vdw	A:GLY:426:CA	A:TYR:672:CE2
0	vdw	A:LEU:467:CD2	A:TYR:672:CZ
0	vdw	A:GLU:172:OE2	A:TYR:672:CA
0	vdw	A:GLU:172:OE2	A:TYR:672:CD1
0	vdw	A:LEU:467:CD1	A:TYR:672:CD1
0	vdw	A:LEU:467:CD1	A:TYR:672:CE1
0	vdw	A:GLY:426:CA	A:LEU:467:CD2
0	vdw	A:LEU:428:CD2	A:LEU:467:CD2
0	vdw	A:ALA:427:C	A:GLN:388:O
0	vdw	A:GLN:388:O	A:LEU:428:N
0	vdw	A:ASN:386:O	A:LEU:428:O
0	vdw	A:ILE:387:C	A:LEU:428:O
0	vdw	A:GLN:388:N	A:LEU:428:O
0	vdw	A:LEU:428:CA	A:LEU:466:O
0	vdw	A:LEU:428:C	A:LEU:466:O
0	vdw	A:ASN:386:O	A:LEU:429:C
0	vdw	A:ASN:386:O	A:ASN:430:N
0	vdw	A:ASN:386:O	A:ASN:430:O
0	vdw	A:ASN:386:OD1	A:GLN:396:CB
0	vdw	A:ASN:386:OD1	A:GLN:396:CG
0	vdw	A:ASN:386:OD1	A:GLN:396:CD
0	vdw	A:ASN:386:OD1	A:GLN:396:NE2
0	vdw	A:ASN:386:ND2	A:GLN:432:NE2
0	vdw	A:ASN:386:ND2	A:ASN:430:OD1
0	vdw	A:GLN:396:CD	A:GLU:384:CD
0	vdw	A:GLN:396:NE2	A:GLU:384:CD
0	vdw	A:GLN:396:NE2	A:GLU:384:OE2
0	vdw	A:ARG:398:NH1	A:GLU:384:OE2
0	vdw	A:ARG:679:NH2	A:GLY:179:C
0	vdw	A:ARG:679:NH2	A:GLY:179:O
0	vdw	A:HIS:673:CB	A:THR:176:OG1
0	vdw	A:GLU:172:CG	A:HIS:471:ND1
0	vdw	A:GLU:172:OE1	A:LEU:467:CD1
0	vdw	A:GLU:172:CB	A:HIS:471:ND1
0	vdw	A:GLU:172:CG	A:HIS:673:CD2
0	vdw	A:GLU:172:CD	A:HIS:673:CG
0	vdw	A:GLU:172:CD	A:HIS:673:CD2
0	vdw	A:GLU:172:CD	A:HIS:673:NE2
0	vdw	A:GLU:172:OE2	A:HIS:673:N
0	vdw	A:GLU:172:OE2	A:HIS:673:CG
0	vdw	A:GLU:172:OE2	A:HIS:673:CD2
0	vdw	A:GLU:172:OE2	A:TYR:672:C
0	vdw	A:ARG:476:NH1	A:LEU:467:N
0	vdw	A:ARG:476:NH1	A:LEU:467:CA
0	vdw	A:ARG:476:NH1	A:LEU:467:CB
0	vdw	A:LEU:428:CD2	A:LEU:467:CA
0	vdw	A:LEU:428:CD2	A:LEU:467:CG
0	vdw	A:LEU:467:CD1	A:PRO:671:O
0	vdw	A:LEU:429:N	A:LEU:466:O
0	vdw	A:LEU:429:CA	A:LEU:466:O
0	vdw	A:LEU:429:O	A:LEU:466:N
0	vdw	A:LEU:429:CB	A:LEU:466:O
0	vdw	A:ASN:465:CA	A:LEU:429:O
0	vdw	A:ASN:386:O	A:LEU:429:CA
0	vdw	A:ALA:385:CA	A:ASN:430:O
0	vdw	A:ALA:385:C	A:ASN:430:O
0	vdw	A:ASN:386:N	A:ASN:430:O
0	vdw	A:GLU:384:O	A:LEU:431:CA
0	vdw	A:LEU:431:N	A:VAL:464:O
0	vdw	A:ASN:430:CA	A:ASN:465:OD1
0	vdw	A:ASN:430:CB	A:ASN:465:OD1
0	vdw	A:ARG:397:O	A:GLU:384:CA
0	vdw	A:ALA:385:N	A:ARG:397:O
0	vdw	A:ALA:385:CA	A:ARG:397:O
0	vdw	A:ALA:385:O	A:ARG:397:O
0	vdw	A:GLN:432:N	A:GLU:384:O
0	vdw	A:GLN:432:CA	A:GLU:384:O
0	vdw	A:GLN:432:CB	A:GLU:384:O
0	vdw	A:GLU:384:CB	A:TYR:434:CD2
0	vdw	A:GLU:384:CB	A:TYR:434:CE2
0	vdw	A:GLN:432:O	A:GLU:384:N
0	vdw	A:GLU:384:O	A:LEU:431:C
0	vdw	A:ARG:398:CA	A:VAL:383:O
0	vdw	A:ARG:398:CB	A:VAL:383:O
0	vdw	A:THR:399:N	A:VAL:383:O
0	vdw	A:ARG:398:CD	A:PHE:382:CE1
0	vdw	A:GLU:172:CA	A:HIS:471:ND1
0	vdw	A:GLU:172:CB	A:HIS:673:CD2
0	vdw	A:HIS:169:CD2	A:LEU:466:CD1
0	vdw	A:HIS:169:CE1	A:LEU:466:CD1
0	vdw	A:HIS:169:NE2	A:LEU:466:CD1
0	vdw	A:ARG:476:NH1	A:LEU:466:CD1
0	vdw	A:ARG:476:NH1	A:LEU:466:CG
0	vdw	A:ALA:385:CB	A:LEU:431:CD2
0	vdw	A:THR:399:OG1	A:VAL:383:CB
0	vdw	A:GLN:432:O	A:VAL:383:CG1
0	vdw	A:ILE:368:CG2	A:ILE:516:CD1
0	vdw	A:THR:399:OG1	A:VAL:383:N
0	vdw	A:THR:399:CB	A:TRP:410:CE2
0	vdw	A:THR:399:CB	A:TRP:410:NE1
0	vdw	A:THR:399:OG1	A:TRP:410:CE2
0	vdw	A:THR:399:OG1	A:TRP:410:NE1
0	vdw	A:THR:399:OG1	A:TRP:410:CZ2
0	vdw	A:GLN:432:O	A:VAL:383:CA
0	vdw	A:GLN:432:O	A:VAL:383:C
0	vdw	A:PRO:401:CA	A:VAL:381:O
0	vdw	A:PRO:401:CB	A:VAL:381:O
0	vdw	A:ILE:516:O	A:TYR:480:O
0	vdw	A:SER:517:CA	A:TYR:480:O
0	vdw	A:ILE:516:O	A:VAL:481:CA
0	vdw	A:ILE:516:O	A:VAL:481:C
0	vdw	A:ILE:516:O	A:LEU:482:N
0	vdw	A:GLY:367:O	A:ILE:516:CA
0	vdw	A:GLY:367:O	A:ILE:516:CG1
0	vdw	A:GLY:367:O	A:SER:517:N
0	vdw	A:ILE:516:CG2	A:LEU:482:O
0	vdw	A:ILE:368:CG2	A:ILE:516:CB
0	vdw	A:ILE:368:CG2	A:ILE:516:CG1
0	vdw	A:ILE:516:CG2	A:LEU:482:CB
0	vdw	A:ILE:516:CB	A:MET:484:SD
0	vdw	A:ILE:516:CG2	A:MET:484:SD
0	vdw	A:GLY:367:CA	A:TRP:410:CE3
0	vdw	A:GLY:367:CA	A:VAL:408:C
0	vdw	A:GLY:367:CA	A:VAL:408:O
0	vdw	A:GLY:367:C	A:VAL:408:O
0	vdw	A:ILE:368:N	A:VAL:408:O
0	vdw	A:LYS:402:CB	A:VAL:408:CG1
0	vdw	A:LYS:402:CG	A:TRP:410:CE2
0	vdw	A:LYS:402:CG	A:TRP:410:NE1
0	vdw	A:SER:400:O	A:TRP:410:CE2
0	vdw	A:SER:400:O	A:TRP:410:NE1
0	vdw	A:PRO:401:C	A:VAL:381:O
0	vdw	A:LYS:402:N	A:VAL:381:O
0	vdw	A:ASP:369:OD1	A:GLU:407:CG
0	vdw	A:LYS:647:CE	A:SER:620:O
0	vdw	A:LYS:647:NZ	A:SER:620:O
0	vdw	A:PRO:586:CG	A:SER:620:CB
0	vdw	A:LEU:626:CD1	A:PRO:586:C
0	vdw	A:LEU:626:CD1	A:PRO:586:O
0	vdw	A:LEU:626:CD2	A:PRO:586:O
0	vdw	A:ILE:559:CG2	A:LYS:587:CB
0	vdw	A:ALA:588:N	A:ILE:559:CG2
0	vdw	A:ALA:588:CA	A:ILE:559:CG2
0	vdw	A:ILE:558:O	A:LYS:591:CD
0	vdw	A:ILE:558:O	A:LYS:591:CE
0	vdw	A:ILE:558:O	A:LYS:591:NZ
0	vdw	A:LYS:591:CE	A:THR:561:O
0	vdw	A:LYS:591:CE	A:THR:561:CB
0	vdw	A:ILE:558:CG2	A:LEU:567:CD2
0	vdw	A:ASP:562:O	A:LYS:591:CE
0	vdw	A:LEU:622:CD1	A:LYS:647:CG
0	vdw	A:LEU:630:CD1	A:TRP:617:CZ2
0	vdw	A:PRO:586:CB	A:TRP:617:CE3
0	vdw	A:LEU:626:CD2	A:PRO:590:CG
0	vdw	A:LEU:626:CD2	A:PRO:590:CD
0	vdw	A:LEU:630:CD1	A:TRP:617:CH2
0	vdw	A:PHE:635:CZ	A:PRO:590:CA
0	vdw	A:PHE:635:CE2	A:PRO:590:O
0	vdw	A:PHE:635:CZ	A:PRO:590:O
0	vdw	A:PHE:635:CZ	A:PRO:590:CB
0	vdw	A:GLN:629:OE1	A:PRO:590:CB
0	vdw	A:GLN:629:OE1	A:PRO:590:CG
0	vdw	A:ASP:562:O	A:LYS:591:NZ
0	vdw	A:ASN:565:O	A:LYS:591:NZ
0	vdw	A:LYS:591:NZ	A:THR:561:CB
0	vdw	A:LYS:591:NZ	A:THR:561:CG2
0	vdw	A:ALA:644:CB	A:LEU:630:CB
0	vdw	A:ALA:644:C	A:THR:627:CG2
0	vdw	A:ALA:644:O	A:THR:627:CG2
0	vdw	A:ALA:644:CB	A:THR:627:O
0	vdw	A:LEU:622:CD1	A:LYS:647:CB
0	vdw	A:LEU:630:CD2	A:PRO:590:N
0	vdw	A:LEU:630:CD2	A:PRO:590:CA
0	vdw	A:LEU:630:CD2	A:PRO:590:CB
0	vdw	A:LEU:630:CD2	A:PRO:590:CG
0	vdw	A:GLN:629:O	A:PHE:635:CD1
0	vdw	A:GLN:629:O	A:PHE:635:CE1
0	vdw	A:GLU:649:CD	A:PHE:680:CD1
0	vdw	A:GLU:649:OE1	A:PHE:680:CD1
0	vdw	A:GLU:649:OE1	A:PHE:680:CE1
0	vdw	A:GLU:649:OE2	A:PHE:680:CD1
0	vdw	A:LEU:630:O	A:PHE:635:CB
0	vdw	A:ARG:641:CG	A:PHE:635:O
0	vdw	A:ARG:641:NH2	A:ASP:632:O
0	vdw	A:ARG:641:NH2	A:PHE:635:O
0	vdw	A:ARG:641:NH2	A:LEU:631:C
0	vdw	A:ARG:641:NH2	A:LEU:631:O
0	vdw	A:ASN:634:C	A:GLY:390:CA
0	vdw	A:ASN:634:O	A:GLY:390:CA
0	vdw	A:CYS:633:C	A:GLN:391:OE1
0	vdw	A:GLU:670:CG	A:SER:675:CB
0	vdw	A:GLU:670:CD	A:SER:675:CB
0	vdw	A:GLU:670:OE2	A:SER:675:CB
0	vdw	A:GLU:670:CG	A:SER:675:OG
0	vdw	A:ARG:641:CD	A:GLU:670:OE2
0	vdw	A:ARG:641:NE	A:GLU:670:CD
0	vdw	A:ARG:641:NE	A:GLU:670:OE1
0	vdw	A:ARG:641:NE	A:GLU:670:OE2
0	vdw	A:ARG:641:CZ	A:GLU:670:CD
0	vdw	A:ARG:641:CZ	A:GLU:670:OE1
0	vdw	A:ARG:641:NH1	A:GLU:670:CG
0	vdw	A:ARG:641:NH1	A:GLU:670:CD
0	vdw	A:ARG:641:NH1	A:GLU:670:OE1
0	vdw	A:ARG:712:NH1	A:GLU:670:CB
0	vdw	A:ARG:641:CD	A:PHE:635:O
0	vdw	A:ARG:641:CZ	A:PHE:635:O
0	vdw	A:ARG:641:CZ	A:LEU:631:C
0	vdw	A:ARG:641:CZ	A:LEU:631:O
0	vdw	A:ARG:641:NH1	A:LEU:631:C
0	vdw	A:ARG:641:NH1	A:LEU:631:O
0	vdw	A:CYS:633:O	A:GLY:390:CA
0	vdw	A:CYS:633:O	A:GLY:390:C
0	vdw	A:CYS:633:O	A:GLN:391:OE1
0	vdw	A:CYS:633:SG	A:GLN:391:CD
0	vdw	A:ARG:679:CG	A:LEU:180:CD2
0	vdw	A:ARG:712:NH1	A:GLU:670:C
0	vdw	A:ARG:712:CZ	A:GLU:670:O
0	vdw	A:ARG:712:NH1	A:GLU:670:O
0	vdw	A:ARG:712:NH2	A:GLU:670:O
0	vdw	A:ARG:712:NH2	A:PRO:671:C
0	vdw	A:ARG:712:NH2	A:PRO:671:O
0	vdw	A:ARG:712:CZ	A:TYR:672:C
0	vdw	A:ARG:712:NH2	A:TYR:672:C
0	vdw	A:ARG:712:CZ	A:TYR:672:O
0	vdw	A:ARG:712:NH1	A:TYR:672:O
0	vdw	A:ARG:712:CZ	A:HIS:673:ND1
0	vdw	A:ARG:712:NH2	A:HIS:673:ND1
0	vdw	A:ARG:712:NH1	A:VAL:667:O
0	vdw	A:LEU:428:CD1	A:LEU:502:O
0	vdw	A:ASN:465:CG	A:LEU:428:CD1
0	vdw	A:ASN:465:ND2	A:LEU:502:C
0	vdw	A:ASN:465:ND2	A:LEU:502:O
0	vdw	A:GLN:432:NE2	A:GLU:384:OE1
0	vdw	A:GLU:384:OE1	A:TYR:434:OH
0	vdw	A:GLU:384:OE1	A:TYR:434:CE2
0	vdw	A:GLU:384:CD	A:TYR:434:CE2
0	vdw	A:ARG:184:NH2	A:GLU:321:CG
0	vdw	A:ARG:184:NH2	A:GLU:321:OE1
0	vdw	A:ARG:184:NH2	A:TRP:323:NE1
0	vdw	A:GLU:321:CB	A:MET:185:SD
0	vdw	A:GLU:321:CG	A:MET:185:SD
0	vdw	A:ARG:184:NH2	A:GLU:321:CD
0	vdw	A:TRP:323:CD2	A:VAL:181:CG2
0	vdw	A:TRP:323:CE2	A:VAL:181:CG2
0	vdw	A:THR:176:CG2	A:VAL:715:CG1
0	vdw	A:ARG:177:CG	A:VAL:715:CG1
0	vdw	A:ALA:719:CB	A:LEU:180:CD1
0	vdw	A:HIS:673:CE1	A:SER:504:OG
0	vdw	A:ARG:712:NE	A:HIS:673:ND1
0	vdw	A:ASN:465:CB	A:THR:503:O
0	vdw	A:ASN:465:CG	A:THR:503:O
0	vdw	A:ASN:465:ND2	A:THR:503:O
0	vdw	A:ASN:430:CG	A:ASN:465:OD1
0	vdw	A:ASN:430:ND2	A:ASN:465:OD1
0	vdw	A:ASN:465:ND2	A:THR:503:N
0	vdw	A:ASN:465:ND2	A:LYS:501:O
0	vdw	A:LEU:431:O	A:VAL:464:O
0	vdw	A:LEU:431:O	A:TYR:463:C
0	vdw	A:LEU:431:O	A:VAL:464:N
0	vdw	A:LEU:431:O	A:TYR:463:CA
0	vdw	A:GLN:432:CB	A:LEU:460:CD1
0	vdw	A:GLN:432:CA	A:TYR:462:O
0	vdw	A:PHE:382:CE1	A:TYR:434:CB
0	vdw	A:PHE:382:CE1	A:TYR:434:CG
0	vdw	A:PHE:382:CE1	A:TYR:434:CD2
0	vdw	A:PHE:382:CE2	A:TYR:434:CB
0	vdw	A:PHE:382:CZ	A:TYR:434:CB
0	vdw	A:PHE:382:CZ	A:TYR:434:CG
0	vdw	A:PHE:382:CZ	A:TYR:434:CD2
0	vdw	A:LEU:460:CD1	A:TYR:434:CZ
0	vdw	A:ARG:722:NH1	A:GLU:321:OE1
0	vdw	A:TRP:323:CG	A:VAL:181:CG2
0	vdw	A:TRP:323:CD1	A:VAL:181:CG2
0	vdw	A:ARG:177:NH2	A:TRP:323:CH2
0	vdw	A:ARG:177:CG	A:GLU:718:OE1
0	vdw	A:ARG:177:CD	A:VAL:162:CG2
0	vdw	A:ARG:177:CD	A:GLU:718:OE1
0	vdw	A:ARG:177:NE	A:GLU:718:OE1
0	vdw	A:ARG:177:CG	A:VAL:715:CG2
0	vdw	A:ARG:177:NE	A:GLU:718:CD
0	vdw	A:ARG:177:NE	A:GLU:718:OE2
0	vdw	A:GLN:711:C	A:LEU:173:CD2
0	vdw	A:GLN:711:O	A:LEU:173:CD2
0	vdw	A:LEU:173:CD2	A:VAL:715:CG2
0	vdw	A:HIS:673:CD2	A:LEU:173:CG
0	vdw	A:HIS:673:CG	A:LEU:173:CD2
0	vdw	A:HIS:673:CD2	A:LEU:173:CD2
0	vdw	A:HIS:673:NE2	A:LEU:173:CD2
0	vdw	A:GLN:711:CB	A:LEU:173:CD1
0	vdw	A:GLN:711:CG	A:LEU:173:CD1
0	vdw	A:ALA:505:C	A:TRP:485:CZ2
0	vdw	A:ALA:505:C	A:TRP:485:NE1
0	vdw	A:HIS:483:O	A:VAL:464:CG2
0	vdw	A:ILE:433:CD1	A:MET:484:SD
0	vdw	A:ILE:433:CD1	A:MET:484:CE
0	vdw	A:MET:484:CG	A:VAL:464:CB
0	vdw	A:MET:484:CG	A:VAL:464:CG1
0	vdw	A:MET:484:CE	A:TYR:462:C
0	vdw	A:MET:484:CE	A:TYR:462:CB
0	vdw	A:MET:484:SD	A:MET:514:CG
0	vdw	A:ILE:433:CA	A:PHE:382:O
0	vdw	A:ILE:368:CG2	A:ILE:433:CD1
0	vdw	A:ILE:433:CD1	A:MET:514:SD
0	vdw	A:GLN:432:C	A:TYR:462:O
0	vdw	A:ILE:433:N	A:TYR:462:O
0	vdw	A:ILE:433:CD1	A:MET:514:CG
0	vdw	A:PHE:382:N	A:TYR:434:O
0	vdw	A:PHE:382:O	A:TYR:434:N
0	vdw	A:TYR:434:O	A:VAL:381:CA
0	vdw	A:TYR:434:O	A:VAL:381:CB
0	vdw	A:TYR:434:O	A:VAL:381:CG2
0	vdw	A:LYS:402:O	A:VAL:381:N
0	vdw	A:LYS:402:O	A:VAL:381:CA
0	vdw	A:LYS:402:O	A:VAL:381:O
0	vdw	A:ARG:177:NH2	A:GLU:718:OE2
0	vdw	A:GLU:174:OE2	A:VAL:162:O
0	vdw	A:ARG:177:CZ	A:GLU:718:OE2
0	vdw	A:ASN:167:O	A:GLN:711:NE2
0	vdw	A:ASN:167:OD1	A:THR:506:CB
0	vdw	A:ASN:167:CG	A:THR:506:OG1
0	vdw	A:ASN:167:OD1	A:THR:506:OG1
0	vdw	A:LEU:482:C	A:SER:515:CB
0	vdw	A:HIS:483:CA	A:SER:515:CB
0	vdw	A:HIS:483:CA	A:MET:514:O
0	vdw	A:LEU:482:O	A:SER:515:CA
0	vdw	A:LEU:482:O	A:SER:515:C
0	vdw	A:ILE:516:N	A:LEU:482:O
0	vdw	A:ILE:368:CA	A:SER:515:O
0	vdw	A:ILE:368:CB	A:SER:515:O
0	vdw	A:ILE:368:CG2	A:SER:515:O
0	vdw	A:LEU:482:O	A:SER:515:CB
0	vdw	A:MET:484:CG	A:MET:514:O
0	vdw	A:ASP:369:O	A:SER:515:N
0	vdw	A:ILE:368:C	A:SER:515:O
0	vdw	A:ASP:369:N	A:SER:515:O
0	vdw	A:ASP:369:O	A:SER:515:O
0	vdw	A:ILE:368:CB	A:MET:514:SD
0	vdw	A:ASP:369:C	A:MET:514:SD
0	vdw	A:ASP:369:O	A:MET:514:SD
0	vdw	A:ILE:368:CG1	A:VAL:408:CB
0	vdw	A:PHE:404:CB	A:VAL:381:CB
0	vdw	A:ILE:368:CD1	A:MET:514:CE
0	vdw	A:LEU:379:O	A:PHE:404:N
0	vdw	A:LYS:510:NZ	A:SER:166:O
0	vdw	A:HIS:483:CG	A:SER:515:CB
0	vdw	A:HIS:483:CE1	A:SER:515:CB
0	vdw	A:HIS:483:CE1	A:LYS:510:CA
0	vdw	A:HIS:483:CE1	A:LYS:510:O
0	vdw	A:HIS:483:CE1	A:LYS:510:CB
0	vdw	A:HIS:483:CE1	A:LYS:510:CG
0	vdw	A:HIS:483:CG	A:SER:513:OG
0	vdw	A:HIS:483:ND1	A:SER:515:CB
0	vdw	A:ASP:369:CA	A:GLU:406:O
0	vdw	A:ASP:369:C	A:GLU:406:O
0	vdw	A:GLU:407:CA	A:ILE:368:O
0	vdw	A:ILE:368:O	A:VAL:408:N
0	vdw	A:ASP:369:CG	A:GLU:406:O
0	vdw	A:ASP:369:OD1	A:GLU:406:O
0	vdw	A:GLU:406:O	A:ILE:370:N
0	vdw	A:GLU:406:O	A:ILE:370:O
0	vdw	A:ASP:369:O	A:MET:514:CA
0	vdw	A:ASP:369:O	A:MET:514:C
0	vdw	A:PRO:403:O	A:VAL:408:CG2
0	vdw	A:GLU:406:C	A:ILE:370:O
0	vdw	A:ASP:369:OD1	A:GLU:407:CB
0	vdw	A:ASP:369:OD1	A:GLU:407:CA
0	vdw	A:LEU:622:CD2	A:SER:650:OG
0	vdw	A:LEU:622:CD2	A:LEU:651:CG
0	vdw	A:LEU:622:CD2	A:LEU:651:CD2
0	vdw	A:LEU:622:CD1	A:THR:627:OG1
0	vdw	A:GLN:629:CG	A:ILE:1029:CG1
0	vdw	A:ASN:1025:CB	A:PRO:563:CG
0	vdw	A:ARG:1052:CZ	A:LEU:564:C
0	vdw	A:ARG:1052:NH2	A:LEU:564:C
0	vdw	A:ARG:1052:CZ	A:LEU:564:O
0	vdw	A:ARG:1052:NH2	A:LEU:564:O
0	vdw	A:ARG:1052:NH2	A:ASN:565:N
0	vdw	A:ARG:1052:NH2	A:ASN:565:CA
0	vdw	A:ARG:684:NH1	A:GLU:649:O
0	vdw	A:ARG:684:NH1	A:LEU:651:O
0	vdw	A:GLU:649:CA	A:PHE:680:CE1
0	vdw	A:LEU:648:C	A:PHE:680:CE1
0	vdw	A:LEU:648:C	A:PHE:680:CZ
0	vdw	A:LEU:648:O	A:PHE:680:CE1
0	vdw	A:LEU:648:O	A:PHE:680:CZ
0	vdw	A:LEU:648:CB	A:PHE:680:CZ
0	vdw	A:LEU:622:CD1	A:LYS:647:C
0	vdw	A:LEU:622:CD1	A:LYS:647:O
0	vdw	A:LEU:648:CG	A:THR:627:CG2
0	vdw	A:LEU:648:CD2	A:THR:627:CG2
0	vdw	A:MET:1033:CE	A:MET:628:O
0	vdw	A:ILE:1029:CG2	A:MET:628:CB
0	vdw	A:GLN:629:CA	A:ILE:1029:CG1
0	vdw	A:ASP:632:OD2	A:ILE:1029:CD1
0	vdw	A:ARG:687:NE	A:GLU:187:OE1
0	vdw	A:ARG:687:NH2	A:GLU:187:OE1
0	vdw	A:LEU:631:O	A:PHE:669:CB
0	vdw	A:LEU:631:O	A:PHE:669:CD2
0	vdw	A:ASP:632:N	A:MET:1033:CE
0	vdw	A:ASP:632:CA	A:MET:1033:CE
0	vdw	A:ASP:632:CB	A:MET:1033:CE
0	vdw	A:ASP:632:CA	A:PHE:669:CD2
0	vdw	A:ASP:632:C	A:PHE:669:CB
0	vdw	A:ASP:632:C	A:PHE:669:CG
0	vdw	A:ASP:632:C	A:PHE:669:CD2
0	vdw	A:CYS:633:N	A:PHE:669:CG
0	vdw	A:CYS:633:N	A:PHE:669:CD2
0	vdw	A:MET:1033:CE	A:MET:628:CE
0	vdw	A:CYS:633:SG	A:GLN:391:NE2
0	vdw	A:CYS:633:SG	A:GLN:391:OE1
0	vdw	A:CYS:633:SG	A:MET:1036:SD
0	vdw	A:CYS:633:SG	A:MET:1036:CE
0	vdw	A:PHE:497:N	A:SER:1044:OG
0	vdw	A:GLU:187:CG	A:LYS:683:O
0	vdw	A:GLU:187:OE1	A:LYS:683:CG
0	vdw	A:GLU:187:CG	A:LEU:686:CB
0	vdw	A:LEU:681:CD1	A:VAL:667:CG2
0	vdw	A:CYS:633:CA	A:PHE:669:CG
0	vdw	A:CYS:633:CA	A:PHE:669:CD1
0	vdw	A:CYS:633:CB	A:PHE:669:CD1
0	vdw	A:CYS:633:CB	A:PHE:669:CE1
0	vdw	A:PHE:669:CZ	A:THR:1037:CG2
0	vdw	A:ALA:499:CB	A:PHE:669:CE1
0	vdw	A:CYS:633:CB	A:GLN:391:OE1
0	vdw	A:PHE:497:N	A:SER:1044:CB
0	vdw	A:VAL:188:CG1	A:VAL:318:CG2
0	vdw	A:GLY:723:CA	A:VAL:188:CG2
0	vdw	A:LEU:682:CD2	A:TYR:720:N
0	vdw	A:LEU:682:CD2	A:TYR:720:CA
0	vdw	A:ARG:712:CD	A:VAL:667:CG1
0	vdw	A:LYS:668:CA	A:TYR:709:CE1
0	vdw	A:LYS:668:CA	A:TYR:709:CZ
0	vdw	A:PHE:713:CE1	A:VAL:667:CB
0	vdw	A:PHE:713:CE1	A:VAL:667:CG1
0	vdw	A:LYS:668:O	A:TYR:709:CE1
0	vdw	A:LYS:668:O	A:TYR:709:CZ
0	vdw	A:LYS:668:O	A:TYR:709:OH
0	vdw	A:LYS:668:CB	A:TYR:709:CZ
0	vdw	A:ALA:499:C	A:TYR:709:CE2
0	vdw	A:ALA:499:O	A:TYR:709:CE2
0	vdw	A:ALA:499:O	A:TYR:709:CZ
0	vdw	A:ALA:499:C	A:TYR:709:OH
0	vdw	A:ALA:499:O	A:TYR:709:OH
0	vdw	A:LEU:502:CB	A:TYR:709:OH
0	vdw	A:THR:503:CB	A:TYR:709:CE1
0	vdw	A:THR:503:CB	A:TYR:709:CZ
0	vdw	A:THR:503:CA	A:TYR:709:OH
0	vdw	A:THR:503:N	A:TYR:709:OH
0	vdw	A:ASP:500:CA	A:TYR:709:CE2
0	vdw	A:LYS:501:CA	A:TYR:463:CE2
0	vdw	A:ASP:500:C	A:TYR:463:OH
0	vdw	A:LEU:460:CD2	A:LYS:501:NZ
0	vdw	A:ARG:722:O	A:VAL:318:CG1
0	vdw	A:ARG:184:CD	A:ARG:722:C
0	vdw	A:ARG:184:CD	A:ARG:722:CB
0	vdw	A:ARG:184:NE	A:ARG:722:CB
0	vdw	A:ARG:184:CZ	A:ARG:722:CB
0	vdw	A:ALA:719:O	A:ARG:184:CD
0	vdw	A:ARG:184:CD	A:GLY:723:N
0	vdw	A:HIS:708:O	A:THR:503:CB
0	vdw	A:HIS:708:O	A:THR:503:OG1
0	vdw	A:ALA:505:CB	A:HIS:708:O
0	vdw	A:ASP:500:O	A:TYR:463:CE2
0	vdw	A:ASP:500:O	A:TYR:463:CZ
0	vdw	A:TRP:485:CB	A:TYR:463:CE2
0	vdw	A:TRP:485:CD1	A:TYR:463:CE2
0	vdw	A:THR:503:CG2	A:TRP:485:NE1
0	vdw	A:ASP:500:O	A:TYR:463:OH
0	vdw	A:ASP:500:O	A:HIS:708:CD2
0	vdw	A:HIS:708:CD2	A:THR:503:CG2
0	vdw	A:TRP:485:O	A:TYR:463:CD1
0	vdw	A:ILE:487:CD1	A:TYR:463:CD1
0	vdw	A:ILE:487:CD1	A:TYR:463:CE1
0	vdw	A:LEU:460:CB	A:TYR:434:CE1
0	vdw	A:LEU:460:CD1	A:TYR:434:CE1
0	vdw	A:ILE:433:O	A:LEU:460:C
0	vdw	A:ILE:433:O	A:LEU:460:CD1
0	vdw	A:ILE:487:CD1	A:LEU:460:CD2
0	vdw	A:ARG:459:C	A:TYR:434:CD1
0	vdw	A:ARG:459:CB	A:TYR:434:CD1
0	vdw	A:LEU:460:N	A:TYR:434:CD1
0	vdw	A:LEU:460:CA	A:TYR:434:CD1
0	vdw	A:LEU:460:CA	A:TYR:434:CE1
0	vdw	A:ARG:459:C	A:TYR:434:CA
0	vdw	A:ARG:459:C	A:CYS:435:N
0	vdw	A:ARG:459:O	A:TYR:434:CA
0	vdw	A:ARG:459:O	A:TYR:434:C
0	vdw	A:ARG:459:O	A:CYS:435:N
0	vdw	A:ARG:459:CG	A:CYS:435:C
0	vdw	A:ARG:459:CD	A:CYS:435:C
0	vdw	A:ARG:722:NH1	A:PHE:150:CE2
0	vdw	A:ARG:722:NH1	A:PHE:150:CD2
0	vdw	A:GLU:718:CD	A:VAL:162:CG2
0	vdw	A:GLU:718:OE2	A:VAL:162:CG2
0	vdw	A:GLN:151:OE1	A:GLU:718:OE2
0	vdw	A:ARG:722:NE	A:LEU:154:CD1
0	vdw	A:ARG:722:CZ	A:LEU:154:CD1
0	vdw	A:ALA:714:O	A:VAL:162:CG1
0	vdw	A:ALA:714:C	A:VAL:162:CG1
0	vdw	A:ALA:714:CB	A:VAL:162:CG1
0	vdw	A:ALA:505:CB	A:GLN:711:OE1
0	vdw	A:GLN:711:CG	A:TYR:160:OH
0	vdw	A:GLN:711:CG	A:TYR:160:CZ
0	vdw	A:ALA:505:O	A:TRP:485:CZ2
0	vdw	A:THR:506:C	A:TRP:485:CZ2
0	vdw	A:ALA:505:O	A:TRP:485:CE2
0	vdw	A:ALA:505:O	A:TRP:485:NE1
0	vdw	A:THR:506:C	A:TRP:485:CE2
0	vdw	A:THR:506:O	A:TRP:485:CZ2
0	vdw	A:PRO:508:CD	A:TRP:485:CH2
0	vdw	A:ARG:707:C	A:TRP:485:CH2
0	vdw	A:ARG:707:CB	A:TRP:485:CH2
0	vdw	A:ASN:507:N	A:TRP:485:CZ2
0	vdw	A:ASN:507:CA	A:TRP:485:CZ2
0	vdw	A:ASN:507:CA	A:TRP:485:CH2
0	vdw	A:TRP:485:CB	A:TYR:463:O
0	vdw	A:TRP:485:CD1	A:TYR:463:O
0	vdw	A:TRP:485:CB	A:TYR:463:CE1
0	vdw	A:TRP:485:CB	A:TYR:463:CZ
0	vdw	A:HIS:708:CD2	A:TRP:485:CD2
0	vdw	A:HIS:708:NE2	A:TRP:485:CD2
0	vdw	A:TRP:485:O	A:TYR:463:N
0	vdw	A:TRP:485:N	A:TYR:463:O
0	vdw	A:TRP:485:O	A:TYR:463:O
0	vdw	A:MET:484:CB	A:TYR:462:CB
0	vdw	A:TRP:485:O	A:TYR:462:CA
0	vdw	A:TRP:485:O	A:TYR:462:C
0	vdw	A:TRP:485:O	A:TYR:462:CB
0	vdw	A:MET:484:CA	A:MET:514:O
0	vdw	A:MET:484:CB	A:MET:514:O
0	vdw	A:ILE:433:O	A:LEU:461:N
0	vdw	A:ILE:433:O	A:LEU:461:CA
0	vdw	A:ILE:433:O	A:LEU:461:CB
0	vdw	A:MET:514:CB	A:TYR:462:CG
0	vdw	A:MET:514:CG	A:TYR:462:CG
0	vdw	A:MET:514:CG	A:TYR:462:CD1
0	vdw	A:MET:514:CB	A:TYR:462:CD2
0	vdw	A:ARG:459:O	A:ILE:433:O
0	vdw	A:ILE:433:O	A:LEU:460:CA
0	vdw	A:GLN:486:CA	A:TYR:462:CD2
0	vdw	A:GLN:486:CB	A:TYR:462:CD2
0	vdw	A:CYS:435:SG	A:LEU:461:CD1
0	vdw	A:CYS:435:O	A:LEU:379:CD1
0	vdw	A:CYS:435:CA	A:THR:380:O
0	vdw	A:CYS:435:CB	A:THR:380:O
0	vdw	A:ARG:319:CD	A:PHE:150:CG
0	vdw	A:ARG:319:CD	A:PHE:150:CD2
0	vdw	A:ARG:319:CD	A:PHE:150:CE2
0	vdw	A:ARG:722:NH2	A:GLN:151:OE1
0	vdw	A:GLN:151:CG	A:THR:163:CG2
0	vdw	A:GLN:151:CD	A:THR:163:CG2
0	vdw	A:ARG:722:NH2	A:LEU:154:CD1
0	vdw	A:ASN:167:CB	A:GLN:711:NE2
0	vdw	A:ASN:167:CG	A:GLN:711:NE2
0	vdw	A:ASN:167:ND2	A:GLN:711:NE2
0	vdw	A:ASN:167:CG	A:THR:506:O
0	vdw	A:ASN:167:CG	A:PRO:508:CA
0	vdw	A:ASN:167:ND2	A:THR:506:O
0	vdw	A:ASN:167:ND2	A:PRO:508:N
0	vdw	A:ASN:167:ND2	A:PRO:508:CA
0	vdw	A:ASN:167:ND2	A:PRO:508:CD
0	vdw	A:ASN:167:OD1	A:THR:506:O
0	vdw	A:ASN:167:ND2	A:PRO:508:CB
0	vdw	A:ASN:507:CB	A:HIS:483:C
0	vdw	A:ASN:507:N	A:HIS:483:O
0	vdw	A:ASN:507:CB	A:HIS:483:O
0	vdw	A:ASN:507:O	A:HIS:483:CB
0	vdw	A:HIS:483:CB	A:SER:513:OG
0	vdw	A:HIS:483:C	A:MET:514:O
0	vdw	A:ASN:507:CB	A:MET:484:O
0	vdw	A:HIS:483:ND1	A:SER:513:OG
0	vdw	A:MET:484:N	A:MET:514:O
0	vdw	A:ASN:507:ND2	A:MET:484:O
0	vdw	A:ASN:507:ND2	A:SER:513:CB
0	vdw	A:MET:514:CE	A:TYR:462:CE1
0	vdw	A:MET:514:CB	A:TYR:462:CE2
0	vdw	A:MET:514:CE	A:PHE:404:CE1
0	vdw	A:GLN:486:CD	A:TYR:462:CE2
0	vdw	A:GLN:486:CB	A:TYR:462:CE2
0	vdw	A:PHE:404:CG	A:VAL:381:CG2
0	vdw	A:PHE:404:CD2	A:VAL:381:CG2
0	vdw	A:PHE:404:CB	A:VAL:381:CG2
0	vdw	A:LEU:373:CD1	A:PHE:404:CE1
0	vdw	A:LEU:373:CD1	A:PHE:404:CZ
0	vdw	A:CYS:435:CB	A:VAL:381:CG2
0	vdw	A:HIS:483:ND1	A:LYS:510:CA
0	vdw	A:PRO:371:CD	A:SER:513:O
0	vdw	A:GLU:406:CA	A:ILE:370:O
0	vdw	A:GLU:406:CB	A:ILE:370:O
0	vdw	A:ILE:370:CD1	A:TYR:462:OH
0	vdw	A:LEU:373:CD2	A:PHE:404:O
0	vdw	A:GLU:511:O	A:PRO:371:CG
0	vdw	A:ASN:1025:CG	A:PRO:563:CD
0	vdw	A:GLU:652:OE2	A:SER:204:CB
0	vdw	A:GLU:652:OE2	A:SER:204:OG
0	vdw	A:ASP:655:OD2	A:LYS:205:NZ
0	vdw	A:ILE:1028:CD1	A:PRO:563:CD
0	vdw	A:ILE:1028:CG2	A:LEU:564:CG
0	vdw	A:ILE:1028:CG2	A:LEU:564:CD1
0	vdw	A:ARG:1052:NH2	A:LEU:564:CB
0	vdw	A:ARG:684:NH2	A:LEU:651:C
0	vdw	A:ARG:684:NH2	A:LEU:651:O
0	vdw	A:ARG:684:NH2	A:GLU:652:CA
0	vdw	A:ARG:684:NH2	A:GLU:652:C
0	vdw	A:ARG:684:NH2	A:ASP:653:N
0	vdw	A:ARG:684:CZ	A:LEU:651:O
0	vdw	A:ARG:684:NH2	A:ASP:653:CG
0	vdw	A:ARG:684:NH2	A:ASP:653:OD1
0	vdw	A:ARG:684:NH2	A:ASP:653:CA
0	vdw	A:ARG:684:NH2	A:VAL:656:CG2
0	vdw	A:ILE:1048:CG2	A:LEU:564:CD1
0	vdw	A:ILE:1048:CG2	A:LEU:564:CD2
0	vdw	A:ILE:1048:CG2	A:SER:1032:CB
0	vdw	A:ARG:684:NE	A:ASP:653:OD1
0	vdw	A:ARG:684:CZ	A:ASP:653:OD1
0	vdw	A:ARG:684:NE	A:VAL:656:CG2
0	vdw	A:ARG:684:CZ	A:VAL:656:CG2
0	vdw	A:ASP:653:CG	A:ILE:691:CD1
0	vdw	A:ASP:653:OD1	A:ILE:691:CD1
0	vdw	A:LEU:663:CD2	A:MET:628:SD
0	vdw	A:MET:1033:SD	A:MET:628:CE
0	vdw	A:ILE:1048:CG1	A:THR:1043:O
0	vdw	A:ILE:1048:CD1	A:LEU:1042:CD2
0	vdw	A:PRO:193:CB	A:PRO:313:CB
0	vdw	A:ARG:191:CD	A:TYR:196:CG
0	vdw	A:ARG:191:CD	A:TYR:196:CD1
0	vdw	A:ARG:191:CD	A:TYR:196:CE1
0	vdw	A:ARG:191:CD	A:LEU:686:O
0	vdw	A:ARG:687:O	A:TYR:196:CD1
0	vdw	A:LEU:686:O	A:TYR:196:CE1
0	vdw	A:ARG:191:NH1	A:LEU:686:O
0	vdw	A:LYS:689:CG	A:TYR:196:CE1
0	vdw	A:ARG:684:C	A:ILE:691:CG2
0	vdw	A:GLY:685:CA	A:ILE:691:CG2
0	vdw	A:GLY:685:C	A:TYR:720:CE1
0	vdw	A:GLY:685:O	A:TYR:720:CE1
0	vdw	A:GLY:685:CA	A:GLY:692:N
0	vdw	A:GLY:685:O	A:GLY:692:N
0	vdw	A:LEU:681:O	A:LEU:695:CD2
0	vdw	A:GLY:685:CA	A:GLY:692:CA
0	vdw	A:GLY:685:C	A:GLY:692:CA
0	vdw	A:GLY:685:O	A:GLY:692:CA
0	vdw	A:GLN:665:CB	A:THR:1037:CB
0	vdw	A:PHE:713:CZ	A:VAL:664:O
0	vdw	A:GLN:665:CB	A:THR:1037:OG1
0	vdw	A:GLN:665:OE1	A:THR:1037:CB
0	vdw	A:ALA:499:N	A:MET:1036:O
0	vdw	A:LEU:1042:O	A:PHE:497:CA
0	vdw	A:LEU:1042:O	A:PHE:497:O
0	vdw	A:LEU:1042:CD2	A:PHE:497:O
0	vdw	A:LEU:1042:CG	A:PHE:497:O
0	vdw	A:LEU:1042:CD1	A:PHE:497:O
0	vdw	A:ARG:191:CZ	A:TYR:196:CZ
0	vdw	A:ARG:191:CZ	A:GLY:723:O
0	vdw	A:ARG:191:NH2	A:GLY:723:O
0	vdw	A:ARG:191:NH2	A:VAL:318:CG2
0	vdw	A:ARG:191:NE	A:TYR:196:CD2
0	vdw	A:ARG:191:NE	A:TYR:196:CE2
0	vdw	A:ARG:191:CZ	A:TYR:196:CE2
0	vdw	A:ARG:191:NH1	A:TYR:196:CZ
0	vdw	A:ARG:191:NH1	A:TYR:196:OH
0	vdw	A:ARG:191:NH1	A:GLY:723:O
0	vdw	A:CYS:724:CA	A:TYR:196:OH
0	vdw	A:CYS:724:CA	A:LEU:686:CD2
0	vdw	A:LEU:686:CG	A:TYR:720:CD1
0	vdw	A:LEU:686:CD2	A:TYR:720:CD1
0	vdw	A:ARG:191:NH1	A:GLY:723:C
0	vdw	A:CYS:724:C	A:TYR:196:OH
0	vdw	A:GLY:723:CA	A:LEU:686:CD2
0	vdw	A:GLY:723:C	A:LEU:686:CD2
0	vdw	A:CYS:724:N	A:LEU:686:CD2
0	vdw	A:CYS:724:O	A:TYR:196:CZ
0	vdw	A:CYS:724:O	A:TYR:196:OH
0	vdw	A:MET:728:CE	A:TYR:196:OH
0	vdw	A:LEU:686:CD2	A:TYR:720:O
0	vdw	A:LYS:689:CE	A:TYR:196:CZ
0	vdw	A:LYS:689:CG	A:TYR:196:CZ
0	vdw	A:GLY:692:CA	A:TYR:720:CE1
0	vdw	A:LEU:695:CD1	A:VAL:664:CG2
0	vdw	A:LEU:699:CD2	A:VAL:664:CG1
0	vdw	A:LEU:699:CD2	A:PHE:713:CD1
0	vdw	A:LEU:699:CD2	A:PHE:713:CE1
0	vdw	A:PHE:713:CE1	A:VAL:664:O
0	vdw	A:GLU:702:CB	A:PHE:713:CE2
0	vdw	A:LYS:668:CG	A:TYR:709:CD2
0	vdw	A:LYS:668:CE	A:TYR:709:CD2
0	vdw	A:LYS:668:NZ	A:THR:1037:O
0	vdw	A:GLU:702:CD	A:LYS:668:NZ
0	vdw	A:GLU:702:OE2	A:LYS:668:NZ
0	vdw	A:ASN:498:ND2	A:GLN:1041:NE2
0	vdw	A:ASN:498:ND2	A:PRO:1040:O
0	vdw	A:GLN:1041:OE1	A:PHE:497:CD1
0	vdw	A:ASP:316:O	A:GLY:725:CA
0	vdw	A:GLU:317:O	A:GLY:725:CA
0	vdw	A:GLU:317:O	A:GLY:725:C
0	vdw	A:GLU:317:O	A:THR:726:N
0	vdw	A:GLU:317:O	A:THR:726:OG1
0	vdw	A:GLU:317:O	A:THR:726:CB
0	vdw	A:GLU:317:O	A:THR:726:CG2
0	vdw	A:LEU:721:O	A:LEU:729:CD1
0	vdw	A:CYS:724:SG	A:LEU:729:CD1
0	vdw	A:LEU:721:O	A:LEU:729:CG
0	vdw	A:LEU:721:O	A:LEU:729:CD2
0	vdw	A:CYS:724:SG	A:LEU:729:CG
0	vdw	A:LEU:154:CD2	A:LEU:721:CB
0	vdw	A:LEU:717:CD2	A:PHE:696:CD1
0	vdw	A:ILE:703:CG1	A:PHE:713:CB
0	vdw	A:ALA:714:N	A:ILE:703:CD1
0	vdw	A:ALA:714:CA	A:ILE:703:CD1
0	vdw	A:GLU:702:CB	A:PHE:713:CD2
0	vdw	A:HIS:708:CD2	A:TYR:463:OH
0	vdw	A:HIS:708:NE2	A:TYR:463:OH
0	vdw	A:ASP:500:CB	A:HIS:708:CG
0	vdw	A:ASP:500:CB	A:HIS:708:CD2
0	vdw	A:ASP:500:CG	A:HIS:708:CG
0	vdw	A:HIS:708:CE1	A:TRP:485:CE3
0	vdw	A:HIS:708:NE2	A:TRP:485:CE3
0	vdw	A:ILE:487:CG2	A:LEU:460:O
0	vdw	A:ILE:487:CB	A:LEU:461:O
0	vdw	A:ILE:158:CG2	A:ILE:703:CD1
0	vdw	A:ILE:158:CG1	A:LEU:717:CD1
0	vdw	A:ALA:714:CB	A:TYR:160:CD1
0	vdw	A:ILE:703:CG2	A:TYR:160:CB
0	vdw	A:GLN:710:CG	A:TYR:160:CD2
0	vdw	A:GLN:710:CG	A:TYR:160:CE2
0	vdw	A:GLN:710:CD	A:TYR:160:CD2
0	vdw	A:GLN:710:CD	A:TYR:160:CE2
0	vdw	A:GLN:710:OE1	A:TYR:160:CE2
0	vdw	A:GLN:710:CB	A:ILE:703:O
0	vdw	A:GLN:710:NE2	A:ILE:703:O
0	vdw	A:GLN:710:CB	A:ILE:703:CA
0	vdw	A:ARG:707:CB	A:TRP:485:CZ3
0	vdw	A:GLN:486:CA	A:LEU:461:O
0	vdw	A:GLN:486:C	A:LEU:461:O
0	vdw	A:ILE:487:N	A:LEU:461:O
0	vdw	A:ARG:319:NH2	A:GLU:146:CB
0	vdw	A:THR:155:CG2	A:TYR:160:C
0	vdw	A:THR:155:CG2	A:TYR:160:O
0	vdw	A:ASP:161:CA	A:THR:155:CG2
0	vdw	A:ASP:161:CB	A:THR:155:CG2
0	vdw	A:ARG:707:CZ	A:PRO:508:CG
0	vdw	A:PRO:374:CG	A:TYR:462:OH
0	vdw	A:GLU:1061:OE1	A:HIS:1022:NE2
0	vdw	A:GLU:1061:OE1	A:HIS:1022:CE1
0	vdw	A:ARG:1021:NH2	A:LYS:1059:O
0	vdw	A:ARG:1021:CZ	A:THR:1056:O
0	vdw	A:ARG:1021:NH2	A:THR:1056:O
0	vdw	A:ARG:1021:NH2	A:LYS:1059:C
0	vdw	A:ARG:1021:CZ	A:LEU:1055:O
0	vdw	A:ALA:1064:CB	A:ARG:1021:CZ
0	vdw	A:ALA:1064:CB	A:ARG:1021:NH1
0	vdw	A:ALA:1064:CB	A:ARG:1021:NH2
0	vdw	A:ARG:1021:NH2	A:THR:1056:C
0	vdw	A:ARG:1021:CZ	A:THR:1056:CG2
0	vdw	A:ARG:1021:NH2	A:THR:1056:CG2
0	vdw	A:ASN:289:ND2	A:THR:203:O
0	vdw	A:HIS:1023:CB	A:ILE:854:CD1
0	vdw	A:HIS:1023:CD2	A:ILE:854:CG2
0	vdw	A:LEU:1020:O	A:LEU:1027:CD1
0	vdw	A:ARG:1052:O	A:VAL:1057:CG2
0	vdw	A:LEU:1055:C	A:TYR:1017:OH
0	vdw	A:ARG:1052:CA	A:VAL:1057:CG2
0	vdw	A:ARG:1052:C	A:VAL:1057:CG2
0	vdw	A:ARG:1052:CB	A:VAL:1057:CG2
0	vdw	A:ARG:1021:CD	A:LEU:1055:O
0	vdw	A:ARG:1021:NE	A:LEU:1055:O
0	vdw	A:ARG:1052:O	A:VAL:1057:N
0	vdw	A:ARG:1052:O	A:VAL:1057:CB
0	vdw	A:GLU:284:OE1	A:THR:240:CG2
0	vdw	A:THR:285:CG2	A:VAL:202:CG1
0	vdw	A:GLU:652:OE1	A:THR:203:CA
0	vdw	A:GLU:652:OE1	A:THR:203:C
0	vdw	A:GLU:652:CD	A:SER:204:N
0	vdw	A:GLU:652:OE1	A:SER:204:N
0	vdw	A:GLU:652:CD	A:SER:204:CB
0	vdw	A:GLU:652:CD	A:SER:204:OG
0	vdw	A:GLU:652:OE1	A:SER:204:OG
0	vdw	A:ASN:289:CB	A:THR:203:O
0	vdw	A:ASN:289:CG	A:THR:203:O
0	vdw	A:ASP:654:OD2	A:LYS:205:CD
0	vdw	A:ASP:654:OD2	A:LYS:205:NZ
0	vdw	A:ASP:655:CG	A:LYS:205:NZ
0	vdw	A:ASP:655:OD1	A:LYS:205:NZ
0	vdw	A:ASP:654:OD2	A:LYS:205:CE
0	vdw	A:ASP:654:OD2	A:THR:203:CB
0	vdw	A:ASP:654:OD2	A:THR:203:OG1
0	vdw	A:ASP:655:OD1	A:LYS:205:CE
0	vdw	A:LEU:1020:CB	A:LEU:1027:CD1
0	vdw	A:ILE:1051:CG1	A:VAL:941:O
0	vdw	A:GLY:283:O	A:PRO:241:CG
0	vdw	A:GLY:283:O	A:PRO:241:CD
0	vdw	A:ASP:654:CB	A:VAL:202:O
0	vdw	A:ASN:289:O	A:VAL:202:CG1
0	vdw	A:ASP:653:CA	A:ILE:691:CD1
0	vdw	A:ILE:850:CG1	A:TYR:659:CE1
0	vdw	A:ILE:850:CD1	A:LEU:1030:CD1
0	vdw	A:ILE:1051:CD1	A:PHE:1031:CB
0	vdw	A:ILE:1051:CD1	A:PHE:1031:CG
0	vdw	A:ILE:1051:CG2	A:PHE:1031:CD1
0	vdw	A:ILE:1048:O	A:PHE:1031:CE1
0	vdw	A:ILE:1051:CD1	A:VAL:941:O
0	vdw	A:ILE:1051:CD1	A:PHE:1031:CD2
0	vdw	A:ILE:1051:CD1	A:VAL:941:CG1
0	vdw	A:LEU:195:CD2	A:PRO:200:CG
0	vdw	A:LEU:195:O	A:PRO:200:CD
0	vdw	A:PRO:200:CG	A:VAL:282:O
0	vdw	A:ASP:653:O	A:ILE:691:CD1
0	vdw	A:ASP:653:CB	A:ILE:691:CD1
0	vdw	A:ILE:691:CG1	A:LEU:657:CG
0	vdw	A:ILE:691:CG1	A:LEU:657:CD2
0	vdw	A:ARG:690:CD	A:LEU:657:CD1
0	vdw	A:ARG:690:NE	A:LEU:657:CD1
0	vdw	A:LEU:657:CD2	A:PHE:694:CD2
0	vdw	A:GLN:846:CG	A:HIS:658:O
0	vdw	A:GLN:846:CD	A:HIS:658:O
0	vdw	A:GLN:846:NE2	A:HIS:658:O
0	vdw	A:GLN:662:NE2	A:LEU:1030:O
0	vdw	A:LEU:843:CG	A:MET:1034:CG
0	vdw	A:LEU:843:CD2	A:MET:1034:CG
0	vdw	A:MET:1034:CG	A:MET:1039:CE
0	vdw	A:ASP:1047:C	A:LEU:1035:CD1
0	vdw	A:LEU:1035:CB	A:LEU:1042:CG
0	vdw	A:ILE:1048:CA	A:LEU:1035:CD1
0	vdw	A:ASP:316:OD2	A:PRO:193:O
0	vdw	A:ALA:197:CB	A:ASP:316:OD2
0	vdw	A:LYS:689:CG	A:TYR:196:O
0	vdw	A:LYS:689:CE	A:TYR:196:O
0	vdw	A:LYS:689:CD	A:TYR:196:O
0	vdw	A:LYS:689:CA	A:MET:728:CE
0	vdw	A:LYS:689:CB	A:MET:728:SD
0	vdw	A:LYS:689:CB	A:MET:728:CE
0	vdw	A:LYS:689:CG	A:MET:728:SD
0	vdw	A:LYS:689:CG	A:MET:728:CE
0	vdw	A:ILE:691:CA	A:LEU:657:CD2
0	vdw	A:LEU:660:CG	A:PHE:698:CD2
0	vdw	A:LEU:660:CG	A:PHE:698:CE2
0	vdw	A:LEU:660:CD2	A:PHE:698:CE2
0	vdw	A:LEU:660:CD2	A:LEU:695:N
0	vdw	A:LEU:660:CD2	A:PHE:694:CB
0	vdw	A:LEU:661:N	A:PHE:698:CE2
0	vdw	A:LEU:661:CA	A:PHE:698:CD2
0	vdw	A:LEU:661:CA	A:PHE:698:CE2
0	vdw	A:LEU:661:CB	A:PHE:698:CE2
0	vdw	A:LEU:661:CG	A:LEU:843:CD1
0	vdw	A:GLN:665:CG	A:THR:1037:OG1
0	vdw	A:GLN:665:CD	A:GLU:702:OE2
0	vdw	A:LEU:661:CD2	A:LEU:843:CD1
0	vdw	A:GLY:1038:CA	A:LEU:843:CD2
0	vdw	A:MET:1034:O	A:MET:1039:CE
0	vdw	A:LEU:1035:C	A:LEU:1042:CD1
0	vdw	A:LEU:1035:O	A:LEU:1042:CD1
0	vdw	A:ASP:1047:OD2	A:LEU:1042:CA
0	vdw	A:ASP:1047:OD2	A:LEU:1042:C
0	vdw	A:ASP:1047:OD2	A:LEU:1042:CB
0	vdw	A:ASP:316:CG	A:TYR:196:CD2
0	vdw	A:LYS:689:CE	A:TYR:196:CD2
0	vdw	A:LYS:689:CE	A:TYR:196:CE2
0	vdw	A:ASP:316:OD1	A:LYS:689:CE
0	vdw	A:ASP:316:OD1	A:LYS:689:NZ
0	vdw	A:CYS:724:O	A:TYR:196:CE2
0	vdw	A:LYS:689:CE	A:MET:728:CG
0	vdw	A:LYS:689:CD	A:MET:728:SD
0	vdw	A:MET:728:CE	A:TYR:720:OH
0	vdw	A:GLY:692:CA	A:TYR:720:CZ
0	vdw	A:GLY:692:CA	A:TYR:720:OH
0	vdw	A:GLY:692:C	A:TYR:720:CZ
0	vdw	A:GLY:692:C	A:TYR:720:OH
0	vdw	A:GLY:692:O	A:TYR:720:CE2
0	vdw	A:GLY:692:O	A:TYR:720:CZ
0	vdw	A:PHE:696:CB	A:PHE:732:CZ
0	vdw	A:PHE:732:CE2	A:TYR:720:CE2
0	vdw	A:PHE:696:CB	A:PHE:732:CE1
0	vdw	A:GLN:665:NE2	A:GLU:702:OE2
0	vdw	A:GLN:665:OE1	A:GLU:702:OE2
0	vdw	A:ARG:839:NH1	A:GLU:702:CD
0	vdw	A:ARG:839:NH1	A:GLU:702:OE1
0	vdw	A:ARG:839:CZ	A:GLU:702:OE1
0	vdw	A:ARG:839:CD	A:GLU:702:CD
0	vdw	A:ARG:839:CD	A:GLU:702:OE1
0	vdw	A:ARG:839:CD	A:GLU:702:OE2
0	vdw	A:GLN:665:OE1	A:THR:1037:OG1
0	vdw	A:LEU:315:C	A:THR:726:OG1
0	vdw	A:ALA:727:CB	A:LEU:315:C
0	vdw	A:LEU:315:O	A:THR:726:OG1
0	vdw	A:ALA:727:N	A:LEU:315:O
0	vdw	A:ALA:727:CA	A:LEU:315:O
0	vdw	A:ALA:727:CB	A:LEU:315:O
0	vdw	A:LEU:721:CD2	A:PHE:696:CD1
0	vdw	A:LEU:157:O	A:PHE:696:CE1
0	vdw	A:PHE:696:CG	A:PHE:732:CD1
0	vdw	A:PHE:696:CG	A:PHE:732:CE1
0	vdw	A:PHE:696:CD1	A:PHE:732:CD1
0	vdw	A:PHE:696:CD1	A:PHE:732:CE1
0	vdw	A:ARG:700:CG	A:ILE:158:O
0	vdw	A:ARG:839:CZ	A:GLN:705:CB
0	vdw	A:ARG:839:NH2	A:GLN:705:CB
0	vdw	A:ARG:839:NE	A:GLN:705:CB
0	vdw	A:LEU:157:CD2	A:PHE:732:C
0	vdw	A:LEU:157:CD2	A:THR:733:N
0	vdw	A:LEU:157:CD2	A:THR:733:CA
0	vdw	A:LEU:157:CD2	A:THR:733:OG1
0	vdw	A:LEU:157:CD2	A:PHE:732:CB
0	vdw	A:ARG:700:NE	A:LEU:157:C
0	vdw	A:ARG:700:NH2	A:LEU:157:C
0	vdw	A:ARG:700:NE	A:LEU:157:O
0	vdw	A:ARG:700:CZ	A:LEU:157:O
0	vdw	A:ARG:700:NH2	A:LEU:157:O
0	vdw	A:LEU:157:O	A:PHE:696:CZ
0	vdw	A:ARG:700:CD	A:LEU:157:O
0	vdw	A:ILE:158:O	A:ILE:703:CG2
0	vdw	A:THR:155:O	A:TYR:160:N
0	vdw	A:ALA:156:O	A:ARG:700:NH2
0	vdw	A:ALA:1019:CB	A:GLU:858:CG
0	vdw	A:ALA:1019:CB	A:TRP:855:CD1
0	vdw	A:ALA:1064:CB	A:ARG:1021:NE
0	vdw	A:ARG:1021:NE	A:THR:1056:CG2
0	vdw	A:ALA:1064:CB	A:THR:1056:CG2
0	vdw	A:PHE:1068:CB	A:TYR:1017:CE2
0	vdw	A:ALA:1064:O	A:TYR:1017:CE2
0	vdw	A:ALA:1064:CA	A:THR:1056:CG2
0	vdw	A:THR:1056:OG1	A:TYR:1067:CG
0	vdw	A:THR:1056:OG1	A:TYR:1067:CD2
0	vdw	A:ASP:238:CA	A:PRO:286:CB
0	vdw	A:ASP:238:C	A:PRO:286:CB
0	vdw	A:ASP:238:O	A:PRO:286:CB
0	vdw	A:ASP:239:O	A:PRO:286:CA
0	vdw	A:ASP:239:O	A:PRO:286:C
0	vdw	A:ASP:239:O	A:ILE:287:N
0	vdw	A:ASP:239:N	A:ILE:287:CD1
0	vdw	A:ASP:239:O	A:ILE:287:CD1
0	vdw	A:ASP:239:O	A:ILE:287:CG1
0	vdw	A:LYS:288:CG	A:PRO:237:O
0	vdw	A:ARG:294:NH2	A:ASN:289:OD1
0	vdw	A:ARG:294:NH2	A:LYS:205:C
0	vdw	A:ARG:294:NH2	A:LYS:205:O
0	vdw	A:ARG:294:NH2	A:PRO:206:C
0	vdw	A:ARG:294:NH2	A:LEU:207:N
0	vdw	A:ARG:294:NE	A:LEU:207:CG
0	vdw	A:ARG:294:NE	A:LYS:288:O
0	vdw	A:ARG:294:NE	A:LEU:207:CD2
0	vdw	A:ARG:294:CZ	A:LYS:205:O
0	vdw	A:ARG:294:NH1	A:LYS:205:O
0	vdw	A:ARG:294:NH1	A:PRO:206:C
0	vdw	A:ARG:294:CZ	A:PRO:206:O
0	vdw	A:ARG:294:NH1	A:PRO:206:O
0	vdw	A:ARG:294:CZ	A:THR:203:CG2
0	vdw	A:ARG:294:CZ	A:LEU:207:CG
0	vdw	A:GLU:856:CG	A:PRO:208:CG
0	vdw	A:GLU:856:CG	A:TYR:210:OH
0	vdw	A:LEU:860:O	A:TRP:855:C
0	vdw	A:LEU:1020:CD2	A:MET:851:CG
0	vdw	A:LEU:1020:CD2	A:TRP:855:CE2
0	vdw	A:LEU:1020:CD2	A:TRP:855:NE1
0	vdw	A:LEU:1020:CD2	A:TRP:855:CZ2
0	vdw	A:LEU:1020:CG	A:TRP:855:NE1
0	vdw	A:LEU:1020:CG	A:TRP:855:CZ2
0	vdw	A:ALA:1054:O	A:TYR:1017:CE1
0	vdw	A:ALA:1054:O	A:TYR:1017:CZ
0	vdw	A:ALA:1054:O	A:TYR:1017:OH
0	vdw	A:LEU:1055:CA	A:TYR:1017:OH
0	vdw	A:ALA:1054:C	A:TYR:1017:OH
0	vdw	A:THR:1056:CB	A:TYR:1017:OH
0	vdw	A:ALA:1054:O	A:PHE:940:CE2
0	vdw	A:THR:1056:CG2	A:TYR:1017:OH
0	vdw	A:ASP:1053:O	A:TYR:1067:CE2
0	vdw	A:ASP:1053:O	A:TYR:1067:CZ
0	vdw	A:ASP:1053:O	A:TYR:1067:OH
0	vdw	A:THR:1056:CB	A:TYR:1067:CD2
0	vdw	A:PHE:940:CE2	A:TYR:1067:CE2
0	vdw	A:PHE:940:CZ	A:TYR:1067:CE2
0	vdw	A:THR:240:CA	A:THR:285:O
0	vdw	A:THR:240:OG1	A:THR:285:O
0	vdw	A:PRO:241:CD	A:THR:285:O
0	vdw	A:ASN:289:O	A:THR:203:N
0	vdw	A:ASN:289:O	A:THR:203:CG2
0	vdw	A:ASN:289:O	A:VAL:202:CA
0	vdw	A:ASN:289:O	A:VAL:202:C
0	vdw	A:ASN:289:O	A:VAL:202:CB
0	vdw	A:ASN:289:O	A:VAL:202:CG2
0	vdw	A:PHE:290:CA	A:TRP:201:O
0	vdw	A:ALA:938:CA	A:MET:851:SD
0	vdw	A:ALA:938:CB	A:MET:851:SD
0	vdw	A:LEU:1020:CD1	A:VAL:937:CG1
0	vdw	A:LEU:1020:CD1	A:TRP:855:CZ2
0	vdw	A:LEU:281:O	A:PRO:241:CB
0	vdw	A:LEU:281:C	A:PRO:241:CG
0	vdw	A:LEU:281:O	A:PRO:241:CG
0	vdw	A:PHE:290:CZ	A:PRO:241:CG
0	vdw	A:PHE:290:CE1	A:PRO:241:CG
0	vdw	A:PHE:290:CE2	A:VAL:282:O
0	vdw	A:PHE:290:CZ	A:VAL:282:O
0	vdw	A:PHE:290:CD2	A:TRP:201:O
0	vdw	A:PHE:290:CD2	A:VAL:202:CG2
0	vdw	A:PHE:290:CE2	A:VAL:202:CG2
0	vdw	A:PRO:200:CB	A:VAL:282:O
0	vdw	A:GLN:291:N	A:TRP:201:O
0	vdw	A:PHE:290:C	A:TRP:201:O
0	vdw	A:ASP:654:OD1	A:GLN:291:OE1
0	vdw	A:HIS:658:NE2	A:SER:853:CB
0	vdw	A:ILE:847:CD1	A:MET:1034:SD
0	vdw	A:LEU:942:O	A:PHE:1031:CE2
0	vdw	A:TYR:1050:CE2	A:VAL:941:O
0	vdw	A:GLY:943:CA	A:TYR:1050:CE2
0	vdw	A:GLY:943:CA	A:TYR:1050:CZ
0	vdw	A:PHE:940:O	A:TYR:1050:CE2
0	vdw	A:PHE:940:O	A:TYR:1050:CZ
0	vdw	A:LEU:245:CD1	A:PHE:270:O
0	vdw	A:MET:198:CB	A:VAL:282:CG2
0	vdw	A:MET:198:SD	A:VAL:282:CG1
0	vdw	A:MET:198:SD	A:VAL:282:CG2
0	vdw	A:MET:198:SD	A:PRO:311:CD
0	vdw	A:MET:198:SD	A:VAL:271:CG2
0	vdw	A:VAL:271:CG2	A:VAL:282:CG1
0	vdw	A:MET:198:O	A:TYR:280:CD1
0	vdw	A:ARG:690:NE	A:TRP:201:CE2
0	vdw	A:ARG:690:NE	A:TRP:201:CZ2
0	vdw	A:ARG:690:CZ	A:TRP:201:CZ2
0	vdw	A:ARG:690:NH2	A:TRP:201:CZ2
0	vdw	A:ARG:690:CZ	A:TRP:201:CH2
0	vdw	A:GLN:291:CB	A:TRP:201:CD2
0	vdw	A:ILE:844:CD1	A:MET:1034:SD
0	vdw	A:ILE:844:CD1	A:MET:1034:CE
0	vdw	A:LEU:843:CB	A:MET:1034:SD
0	vdw	A:MET:198:CE	A:PRO:310:CB
0	vdw	A:PRO:310:N	A:VAL:271:CG1
0	vdw	A:PRO:310:CA	A:VAL:271:CG1
0	vdw	A:PRO:310:CB	A:VAL:271:CG1
0	vdw	A:PRO:310:CG	A:VAL:271:CG1
0	vdw	A:PRO:310:CD	A:VAL:271:CG1
0	vdw	A:MET:198:CG	A:PRO:311:CD
0	vdw	A:PRO:311:CG	A:TYR:280:CZ
0	vdw	A:PRO:311:CG	A:TYR:280:OH
0	vdw	A:MET:198:CG	A:TYR:280:CD1
0	vdw	A:MET:198:CG	A:TYR:280:CG
0	vdw	A:ASP:278:O	A:HIS:199:NE2
0	vdw	A:PHE:694:CZ	A:TYR:787:O
0	vdw	A:PHE:694:CE1	A:PRO:786:O
0	vdw	A:PHE:694:CE2	A:PRO:789:CG
0	vdw	A:PHE:694:CE2	A:PRO:789:CD
0	vdw	A:PHE:694:CZ	A:PRO:789:CD
0	vdw	A:LEU:661:CD2	A:MET:842:C
0	vdw	A:LEU:661:CD2	A:MET:842:O
0	vdw	A:LEU:661:CD2	A:MET:842:CB
0	vdw	A:CYS:869:O	A:MET:842:CG
0	vdw	A:GLN:840:CG	A:MET:1039:SD
0	vdw	A:GLN:840:CG	A:GLY:1038:O
0	vdw	A:HIS:693:CD2	A:PRO:786:O
0	vdw	A:HIS:693:CE1	A:PRO:786:CA
0	vdw	A:HIS:693:CE1	A:PRO:786:O
0	vdw	A:HIS:693:NE2	A:PRO:786:CA
0	vdw	A:HIS:693:NE2	A:PRO:786:C
0	vdw	A:HIS:693:NE2	A:PRO:786:O
0	vdw	A:GLN:735:OE1	A:HIS:693:CE1
0	vdw	A:HIS:693:CG	A:PRO:789:CB
0	vdw	A:HIS:693:CD2	A:PRO:789:CB
0	vdw	A:HIS:693:CD2	A:PRO:789:CG
0	vdw	A:HIS:693:CE1	A:PRO:789:CB
0	vdw	A:HIS:693:NE2	A:PRO:789:CB
0	vdw	A:GLN:735:OE1	A:TRP:697:NE1
0	vdw	A:SER:701:CB	A:SER:871:O
0	vdw	A:MET:842:SD	A:SER:871:N
0	vdw	A:MET:842:CE	A:SER:701:OG
0	vdw	A:MET:842:CE	A:SER:871:CB
0	vdw	A:GLN:840:CD	A:GLY:1038:O
0	vdw	A:ASP:837:OD1	A:GLN:705:OE1
0	vdw	A:ARG:784:NE	A:ASP:731:CG
0	vdw	A:ARG:784:CD	A:ASP:731:OD2
0	vdw	A:ARG:784:NE	A:ASP:731:OD2
0	vdw	A:PHE:696:CD2	A:PHE:732:CD1
0	vdw	A:PHE:696:CE2	A:PHE:732:CD1
0	vdw	A:PHE:696:CD2	A:PHE:732:CE1
0	vdw	A:ARG:784:CB	A:GLN:735:NE2
0	vdw	A:PHE:696:CZ	A:VAL:736:CG2
0	vdw	A:ILE:739:CD1	A:TRP:697:CH2
0	vdw	A:GLN:735:OE1	A:TRP:697:CE2
0	vdw	A:GLN:735:CB	A:TRP:697:CZ2
0	vdw	A:GLN:735:OE1	A:TRP:697:CZ2
0	vdw	A:SER:701:CA	A:SER:871:O
0	vdw	A:ALA:704:CB	A:THR:872:O
0	vdw	A:GLN:705:CD	A:GLY:873:O
0	vdw	A:GLN:705:NE2	A:SER:871:OG
0	vdw	A:GLN:705:NE2	A:GLY:873:O
0	vdw	A:ARG:839:NE	A:GLN:705:CD
0	vdw	A:GLN:705:CG	A:GLY:873:O
0	vdw	A:GLN:705:OE1	A:GLY:873:O
0	vdw	A:GLN:705:CD	A:GLY:873:C
0	vdw	A:GLN:705:NE2	A:GLY:873:C
0	vdw	A:ILE:876:O	A:SER:871:OG
0	vdw	A:ARG:839:NE	A:GLN:705:OE1
0	vdw	A:ASP:874:CA	A:GLN:705:CG
0	vdw	A:ARG:700:NE	A:VAL:736:CG2
0	vdw	A:ARG:700:CZ	A:VAL:736:CG1
0	vdw	A:ARG:700:CZ	A:VAL:736:CG2
0	vdw	A:ARG:700:NH2	A:VAL:736:CG1
0	vdw	A:ARG:700:NH2	A:GLU:740:OE2
0	vdw	A:GLN:705:CG	A:GLY:873:C
0	vdw	A:GLU:209:CB	A:SER:859:CB
0	vdw	A:GLU:209:CB	A:SER:859:OG
0	vdw	A:GLU:209:CG	A:SER:859:CB
0	vdw	A:GLU:209:CG	A:SER:859:OG
0	vdw	A:LYS:1065:CB	A:VAL:1014:CG1
0	vdw	A:LYS:1065:CG	A:VAL:1014:CG1
0	vdw	A:ASN:218:ND2	A:PRO:237:CG
0	vdw	A:ASN:218:ND2	A:PRO:237:CD
0	vdw	A:ASN:218:C	A:PRO:237:CG
0	vdw	A:ASN:218:C	A:PRO:237:CD
0	vdw	A:CYS:219:N	A:PRO:237:CD
0	vdw	A:ASN:218:O	A:PRO:237:CD
0	vdw	A:CYS:219:CA	A:PRO:237:CD
0	vdw	A:LEU:207:CB	A:TRP:212:NE1
0	vdw	A:LEU:207:O	A:TRP:212:CD1
0	vdw	A:GLU:209:N	A:SER:859:CB
0	vdw	A:GLU:209:N	A:SER:859:OG
0	vdw	A:SER:859:C	A:TYR:210:CD2
0	vdw	A:SER:859:O	A:TYR:210:CD2
0	vdw	A:LEU:860:C	A:TYR:210:CD2
0	vdw	A:LEU:860:N	A:TRP:855:O
0	vdw	A:LEU:860:CA	A:TRP:855:O
0	vdw	A:LEU:860:CB	A:TRP:855:O
0	vdw	A:LEU:860:CB	A:TRP:855:CB
0	vdw	A:CYS:1013:O	A:VAL:937:CG2
0	vdw	A:PHE:1068:CB	A:TYR:1017:CD2
0	vdw	A:ILE:287:CD1	A:SER:236:O
0	vdw	A:ILE:287:CG1	A:VAL:235:CG1
0	vdw	A:ILE:287:CD1	A:PRO:237:CA
0	vdw	A:ILE:287:CD1	A:PRO:237:C
0	vdw	A:ILE:287:CD1	A:PRO:237:O
0	vdw	A:LYS:288:N	A:PRO:237:O
0	vdw	A:LYS:288:CA	A:PRO:237:O
0	vdw	A:LYS:288:CB	A:PRO:237:O
0	vdw	A:ARG:294:CG	A:LYS:288:O
0	vdw	A:ARG:294:CD	A:LEU:207:CD2
0	vdw	A:LEU:860:C	A:TYR:210:CE2
0	vdw	A:LEU:860:O	A:TYR:210:CE2
0	vdw	A:LEU:860:O	A:TYR:210:OH
0	vdw	A:ASP:861:N	A:TYR:210:CE2
0	vdw	A:ASP:861:CB	A:TYR:210:CZ
0	vdw	A:SER:859:C	A:TYR:210:CE2
0	vdw	A:SER:859:O	A:TYR:210:CE2
0	vdw	A:LEU:860:N	A:TYR:210:CE2
0	vdw	A:LEU:860:CA	A:TYR:210:CE2
0	vdw	A:LEU:860:C	A:TRP:855:O
0	vdw	A:LEU:860:O	A:TRP:855:O
0	vdw	A:LEU:860:O	A:TRP:855:CB
0	vdw	A:ALA:1016:O	A:TRP:855:NE1
0	vdw	A:ALA:1016:CB	A:VAL:937:CG2
0	vdw	A:PHE:1068:CZ	A:VAL:937:CG2
0	vdw	A:GLN:1071:CD	A:PHE:940:CZ
0	vdw	A:GLN:1071:NE2	A:PHE:940:CZ
0	vdw	A:ARG:294:CG	A:LEU:207:CD2
0	vdw	A:GLU:852:CG	A:LEU:864:CD1
0	vdw	A:GLU:852:CG	A:LEU:864:CG
0	vdw	A:GLU:852:CD	A:LEU:864:CG
0	vdw	A:GLU:852:CG	A:LEU:864:CB
0	vdw	A:GLU:852:CD	A:LEU:864:CB
0	vdw	A:LEU:862:CG	A:TRP:855:CE3
0	vdw	A:PHE:940:O	A:TYR:1050:OH
0	vdw	A:PHE:940:CD1	A:TYR:1050:OH
0	vdw	A:PHE:940:CE1	A:TYR:1050:OH
0	vdw	A:GLY:943:CA	A:TYR:1050:OH
0	vdw	A:GLN:268:OE1	A:PHE:249:CE2
0	vdw	A:LEU:272:CG	A:VAL:305:CG1
0	vdw	A:LEU:272:O	A:LEU:281:CA
0	vdw	A:LEU:272:CB	A:VAL:305:CG1
0	vdw	A:LEU:281:CD2	A:VAL:305:CG2
0	vdw	A:GLN:291:CB	A:TRP:201:CE3
0	vdw	A:LEU:848:CD2	A:TYR:935:CE1
0	vdw	A:ALA:938:CB	A:MET:851:CE
0	vdw	A:ILE:944:N	A:THR:939:O
0	vdw	A:ILE:944:CG1	A:THR:939:OG1
0	vdw	A:GLN:268:OE1	A:PHE:249:CZ
0	vdw	A:LEU:307:CD1	A:PHE:270:CB
0	vdw	A:LEU:307:CD2	A:PHE:270:CB
0	vdw	A:LEU:307:CD2	A:PHE:270:CG
0	vdw	A:LEU:307:CD2	A:PHE:270:CD2
0	vdw	A:ASP:308:O	A:PHE:270:CB
0	vdw	A:LEU:307:CG	A:PHE:270:CB
0	vdw	A:ASP:308:O	A:PHE:270:C
0	vdw	A:ASP:308:O	A:VAL:271:N
0	vdw	A:ASP:308:O	A:VAL:271:CA
0	vdw	A:ASP:308:O	A:VAL:271:C
0	vdw	A:ASP:308:O	A:VAL:271:O
0	vdw	A:ASP:308:C	A:VAL:271:CG1
0	vdw	A:ASP:308:O	A:VAL:271:CG1
0	vdw	A:THR:309:CA	A:VAL:271:CG1
0	vdw	A:THR:309:C	A:VAL:271:CG1
0	vdw	A:LEU:307:CA	A:VAL:271:O
0	vdw	A:ASP:308:N	A:VAL:271:O
0	vdw	A:VAL:271:O	A:VAL:306:O
0	vdw	A:TYR:280:CD2	A:VAL:271:CG2
0	vdw	A:LEU:272:O	A:TYR:280:CA
0	vdw	A:LEU:272:O	A:TYR:280:C
0	vdw	A:LEU:272:O	A:LEU:281:N
0	vdw	A:ARG:273:CA	A:GLU:279:O
0	vdw	A:ARG:273:N	A:VAL:306:O
0	vdw	A:ARG:273:CB	A:ASP:308:OD1
0	vdw	A:LEU:272:CA	A:VAL:305:CG1
0	vdw	A:LEU:272:C	A:VAL:305:CG1
0	vdw	A:ARG:273:N	A:VAL:305:CG1
0	vdw	A:GLU:279:O	A:VAL:274:N
0	vdw	A:GLU:279:O	A:VAL:274:CA
0	vdw	A:GLU:279:O	A:VAL:274:CB
0	vdw	A:ARG:273:C	A:GLU:279:O
0	vdw	A:ARG:690:NH2	A:TRP:201:CH2
0	vdw	A:ARG:690:NH1	A:PRO:789:CG
0	vdw	A:ARG:849:NH2	A:PRO:866:O
0	vdw	A:LEU:845:CD1	A:PHE:965:CE2
0	vdw	A:ARG:226:NH2	A:PHE:270:CE2
0	vdw	A:ARG:273:CG	A:TYR:280:CE2
0	vdw	A:ARG:273:CD	A:TYR:280:CE2
0	vdw	A:ARG:273:CD	A:TYR:280:CZ
0	vdw	A:ARG:273:CG	A:GLU:279:C
0	vdw	A:ARG:273:CG	A:GLU:279:O
0	vdw	A:ARG:784:NH1	A:ASP:278:CB
0	vdw	A:ARG:784:NH2	A:ASP:278:CB
0	vdw	A:ASP:278:N	A:GLY:790:O
0	vdw	A:ARG:784:CD	A:PRO:789:O
0	vdw	A:ARG:784:CZ	A:PRO:789:O
0	vdw	A:ARG:784:NH1	A:PRO:789:O
0	vdw	A:ARG:277:NH1	A:GLY:790:CA
0	vdw	A:ARG:277:NH1	A:GLY:790:C
0	vdw	A:ARG:277:NH1	A:ASP:788:OD1
0	vdw	A:ARG:277:NH2	A:ASP:788:OD1
0	vdw	A:ILE:870:CG1	A:TYR:787:CB
0	vdw	A:GLY:868:CA	A:TYR:787:CB
0	vdw	A:CYS:869:CA	A:MET:878:O
0	vdw	A:CYS:869:C	A:MET:878:O
0	vdw	A:CYS:869:SG	A:LEU:838:CG
0	vdw	A:ASP:841:CG	A:PHE:965:C
0	vdw	A:ASP:841:CG	A:GLY:966:N
0	vdw	A:ASP:841:OD1	A:PHE:965:C
0	vdw	A:ASP:841:OD1	A:GLY:966:N
0	vdw	A:ASP:841:OD2	A:PHE:965:C
0	vdw	A:ASP:841:OD2	A:GLY:966:N
0	vdw	A:ASP:841:CG	A:GLY:966:CA
0	vdw	A:ASP:841:OD1	A:GLY:966:CA
0	vdw	A:ASP:841:OD2	A:GLY:966:CA
0	vdw	A:ASP:841:OD2	A:ASP:964:C
0	vdw	A:ASP:841:OD2	A:PHE:965:N
0	vdw	A:ASP:841:OD2	A:PHE:965:CA
0	vdw	A:ARG:784:NH2	A:ASP:278:CG
0	vdw	A:ARG:784:CZ	A:ASP:278:OD2
0	vdw	A:ARG:784:NH2	A:ASP:278:OD2
0	vdw	A:ARG:784:NH1	A:LYS:792:CG
0	vdw	A:ARG:784:CA	A:LEU:791:O
0	vdw	A:ARG:784:C	A:LEU:791:O
0	vdw	A:LEU:791:O	A:VAL:785:N
0	vdw	A:MET:878:SD	A:PRO:786:CG
0	vdw	A:ILE:870:O	A:MET:878:CG
0	vdw	A:ILE:870:N	A:MET:878:O
0	vdw	A:GLY:877:CA	A:ILE:870:O
0	vdw	A:ILE:870:O	A:MET:878:N
0	vdw	A:GLY:877:C	A:ILE:870:O
0	vdw	A:GLY:877:N	A:LEU:838:CD2
0	vdw	A:GLY:877:CA	A:LEU:838:CD2
0	vdw	A:GLY:877:C	A:LEU:838:CD2
0	vdw	A:ARG:784:O	A:GLN:735:CG
0	vdw	A:GLY:877:N	A:THR:872:OG1
0	vdw	A:GLY:877:CA	A:THR:872:OG1
0	vdw	A:GLN:743:NE2	A:THR:872:CB
0	vdw	A:GLN:743:CD	A:THR:872:OG1
0	vdw	A:GLN:743:NE2	A:THR:872:OG1
0	vdw	A:ILE:876:CA	A:LYS:833:O
0	vdw	A:ILE:876:C	A:LYS:833:O
0	vdw	A:GLY:877:N	A:LYS:833:O
0	vdw	A:ASP:836:O	A:LYS:875:CA
0	vdw	A:ASP:836:O	A:LYS:875:C
0	vdw	A:ASP:836:O	A:LYS:875:O
0	vdw	A:HIS:834:ND1	A:LYS:875:O
0	vdw	A:HIS:834:CA	A:LYS:875:O
0	vdw	A:HIS:834:C	A:LYS:875:O
0	vdw	A:GLY:835:N	A:LYS:875:O
0	vdw	A:GLY:835:C	A:LYS:875:CE
0	vdw	A:GLY:835:O	A:LYS:875:CE
0	vdw	A:GLN:734:CD	A:PRO:780:CB
0	vdw	A:GLN:734:CD	A:SER:782:O
0	vdw	A:GLN:734:NE2	A:PRO:780:CB
0	vdw	A:GLN:734:OE1	A:SER:782:O
0	vdw	A:GLN:734:NE2	A:PRO:780:CG
0	vdw	A:GLN:734:O	A:PRO:780:CG
0	vdw	A:GLN:743:NE2	A:ILE:876:CG1
0	vdw	A:GLN:743:NE2	A:ILE:876:CG2
0	vdw	A:ILE:876:CB	A:LYS:833:O
0	vdw	A:ILE:876:CG1	A:LYS:833:C
0	vdw	A:ILE:876:CG1	A:LYS:833:O
0	vdw	A:ASP:874:O	A:HIS:834:ND1
0	vdw	A:ASP:874:O	A:HIS:834:CE1
0	vdw	A:CYS:219:CA	A:VAL:235:O
0	vdw	A:CYS:219:SG	A:LYS:234:CB
0	vdw	A:ILE:1012:CG2	A:LEU:862:CD1
0	vdw	A:CYS:1013:CB	A:PHE:1068:CE2
0	vdw	A:LEU:1069:CD2	A:VAL:1014:CG2
0	vdw	A:ILE:220:O	A:VAL:235:N
0	vdw	A:ILE:220:O	A:VAL:235:CA
0	vdw	A:ILE:220:O	A:VAL:235:O
0	vdw	A:ILE:220:O	A:VAL:235:CB
0	vdw	A:ILE:220:N	A:VAL:235:O
0	vdw	A:ILE:220:CA	A:VAL:235:O
0	vdw	A:ILE:220:O	A:ILE:233:O
0	vdw	A:CYS:219:C	A:VAL:235:O
0	vdw	A:ASP:861:OD2	A:LYS:298:CE
0	vdw	A:ASP:861:OD2	A:LYS:298:NZ
0	vdw	A:ASP:861:O	A:TYR:930:CD1
0	vdw	A:GLY:934:CA	A:LEU:862:CD1
0	vdw	A:CYS:1013:SG	A:PHE:1068:CE2
0	vdw	A:ALA:933:CA	A:PHE:1009:CE1
0	vdw	A:ALA:933:CB	A:PHE:1009:CD1
0	vdw	A:ALA:933:CB	A:PHE:1009:CE1
0	vdw	A:CYS:1075:SG	A:PHE:985:CE1
0	vdw	A:GLN:1071:O	A:PRO:984:CG
0	vdw	A:ILE:303:CD1	A:PHE:221:O
0	vdw	A:CYS:296:CB	A:GLU:301:O
0	vdw	A:LEU:297:CA	A:LYS:214:NZ
0	vdw	A:ASP:861:OD1	A:LYS:298:NZ
0	vdw	A:ASP:861:CG	A:LYS:298:CE
0	vdw	A:ASP:861:CG	A:LYS:298:NZ
0	vdw	A:ASP:861:OD1	A:GLU:852:OE2
0	vdw	A:GLU:852:OE2	A:LEU:864:N
0	vdw	A:GLU:852:OE2	A:LEU:864:CB
0	vdw	A:LEU:864:CD2	A:TYR:935:CD2
0	vdw	A:LEU:864:CD2	A:TYR:935:CE2
0	vdw	A:LEU:862:O	A:SER:931:CA
0	vdw	A:LEU:862:O	A:TYR:930:C
0	vdw	A:LEU:862:O	A:TYR:930:O
0	vdw	A:PHE:985:CB	A:THR:939:CG2
0	vdw	A:CYS:936:SG	A:PHE:985:CD1
0	vdw	A:CYS:1075:SG	A:PHE:985:CD1
0	vdw	A:GLY:945:C	A:PHE:985:CA
0	vdw	A:PRO:984:CD	A:VAL:1074:CG1
0	vdw	A:ARG:982:O	A:LYS:1078:NZ
0	vdw	A:LEU:272:CD2	A:VAL:305:CG1
0	vdw	A:ILE:224:CG1	A:ILE:233:CD1
0	vdw	A:ILE:224:CD1	A:ILE:233:CD1
0	vdw	A:ILE:224:CG2	A:VAL:305:O
0	vdw	A:ARG:273:O	A:VAL:305:CA
0	vdw	A:ARG:273:O	A:VAL:305:CB
0	vdw	A:ARG:273:O	A:VAL:305:CG1
0	vdw	A:ARG:273:O	A:VAL:305:CG2
0	vdw	A:HIS:304:O	A:VAL:274:CA
0	vdw	A:CYS:275:N	A:HIS:304:O
0	vdw	A:CYS:275:CB	A:HIS:304:O
0	vdw	A:LEU:864:CA	A:TYR:935:CE2
0	vdw	A:LEU:865:N	A:TYR:935:CE2
0	vdw	A:LEU:865:N	A:TYR:935:CZ
0	vdw	A:LEU:865:N	A:TYR:935:OH
0	vdw	A:LEU:865:CA	A:TYR:935:OH
0	vdw	A:LEU:865:C	A:TYR:935:OH
0	vdw	A:LEU:960:O	A:TYR:935:CD2
0	vdw	A:PHE:961:CA	A:TYR:935:CD2
0	vdw	A:LEU:960:O	A:TYR:935:CE2
0	vdw	A:PHE:961:CA	A:TYR:935:CE2
0	vdw	A:PHE:961:CB	A:TYR:935:CE2
0	vdw	A:PHE:961:CA	A:TYR:935:CZ
0	vdw	A:PHE:961:CB	A:TYR:935:CZ
0	vdw	A:PHE:961:CB	A:TYR:935:OH
0	vdw	A:ARG:947:CG	A:HIS:962:ND1
0	vdw	A:GLY:945:CA	A:THR:939:CG2
0	vdw	A:ILE:944:C	A:THR:939:OG1
0	vdw	A:ILE:944:O	A:THR:939:OG1
0	vdw	A:GLY:945:CA	A:THR:939:OG1
0	vdw	A:HIS:962:CE1	A:THR:939:OG1
0	vdw	A:ARG:947:CG	A:HIS:962:CE1
0	vdw	A:GLY:945:O	A:VAL:986:CG2
0	vdw	A:GLY:945:CA	A:PRO:984:O
0	vdw	A:GLY:945:O	A:PHE:985:CA
0	vdw	A:GLY:945:O	A:VAL:986:N
0	vdw	A:GLY:945:O	A:PHE:985:C
0	vdw	A:ASP:946:CA	A:VAL:983:O
0	vdw	A:ASP:946:CB	A:VAL:983:O
0	vdw	A:ASP:946:CG	A:VAL:983:CG1
0	vdw	A:ASP:946:CG	A:VAL:1082:CG1
0	vdw	A:ARG:982:CA	A:ASP:946:OD2
0	vdw	A:ASP:946:OD2	A:VAL:983:N
0	vdw	A:ASP:946:OD2	A:VAL:1082:CG1
0	vdw	A:ASP:946:OD2	A:VAL:983:CG1
0	vdw	A:HIS:225:O	A:LEU:307:N
0	vdw	A:ARG:273:O	A:VAL:305:C
0	vdw	A:ARG:273:O	A:VAL:306:N
0	vdw	A:CYS:275:SG	A:VAL:305:C
0	vdw	A:HIS:225:O	A:VAL:306:CA
0	vdw	A:TRP:292:CZ2	A:VAL:274:CG1
0	vdw	A:TRP:292:CE2	A:VAL:274:CG1
0	vdw	A:TRP:292:NE1	A:VAL:274:CG1
0	vdw	A:TRP:292:CG	A:VAL:274:CG2
0	vdw	A:TRP:292:CD1	A:VAL:274:CG2
0	vdw	A:TRP:292:NE1	A:VAL:274:CG2
0	vdw	A:ARG:277:CD	A:TRP:292:CZ3
0	vdw	A:ARG:277:CD	A:TRP:292:CH2
0	vdw	A:ARG:277:NE	A:TRP:292:CZ3
0	vdw	A:ARG:277:NE	A:TRP:292:CH2
0	vdw	A:ARG:277:CZ	A:LEU:791:CD2
0	vdw	A:ARG:277:CZ	A:LEU:791:CG
0	vdw	A:ARG:277:NH2	A:ASP:788:CG
0	vdw	A:ARG:277:NH2	A:ASP:788:OD2
0	vdw	A:ARG:277:NH2	A:LEU:791:CG
0	vdw	A:TYR:867:CB	A:VAL:882:CG2
0	vdw	A:LEU:865:O	A:TYR:935:OH
0	vdw	A:ARG:947:CZ	A:ILE:963:O
0	vdw	A:ARG:947:NH2	A:ILE:963:O
0	vdw	A:ARG:273:CZ	A:ASP:819:OD2
0	vdw	A:ARG:273:NH2	A:ASP:819:OD2
0	vdw	A:ARG:273:NH2	A:THR:821:CB
0	vdw	A:ARG:273:NH2	A:THR:821:CG2
0	vdw	A:ARG:273:NH2	A:THR:821:OG1
0	vdw	A:ARG:273:NH1	A:ASP:819:OD2
0	vdw	A:ASP:819:OD2	A:GLY:276:C
0	vdw	A:ASP:819:OD2	A:GLY:276:O
0	vdw	A:ARG:277:CA	A:GLY:790:O
0	vdw	A:ARG:277:C	A:GLY:790:O
0	vdw	A:ASP:819:CG	A:GLY:276:C
0	vdw	A:ASP:819:CG	A:GLY:276:O
0	vdw	A:ASP:819:OD2	A:GLY:276:N
0	vdw	A:ASP:819:OD2	A:GLY:276:CA
0	vdw	A:ASP:819:CB	A:GLY:276:O
0	vdw	A:ARG:277:CB	A:GLY:790:O
0	vdw	A:ARG:277:NH2	A:LEU:791:CD2
0	vdw	A:GLU:880:CG	A:TYR:787:CE1
0	vdw	A:GLU:880:CG	A:TYR:787:CZ
0	vdw	A:GLU:880:CB	A:TYR:787:CE1
0	vdw	A:GLU:880:CA	A:TYR:787:CZ
0	vdw	A:GLU:880:CB	A:TYR:787:CZ
0	vdw	A:GLU:880:OE2	A:GLY:868:N
0	vdw	A:GLU:880:CG	A:TYR:787:OH
0	vdw	A:ILE:879:CG2	A:TYR:867:CD1
0	vdw	A:GLU:880:CB	A:GLY:868:N
0	vdw	A:GLY:868:O	A:ILE:879:CG2
0	vdw	A:GLU:880:N	A:GLY:868:O
0	vdw	A:GLU:880:CB	A:GLY:868:O
0	vdw	A:ILE:879:CG2	A:TYR:867:CE1
0	vdw	A:GLY:868:O	A:ILE:879:CA
0	vdw	A:GLY:868:O	A:ILE:879:C
0	vdw	A:456:1201:C12	A:ILE:879:CG2
0	vdw	A:456:1201:C15	A:TYR:867:OH
0	vdw	A:ASP:964:N	A:TYR:867:OH
0	vdw	A:456:1201:C15	A:ASP:964:N
0	vdw	A:456:1201:N16	A:ASP:964:N
0	vdw	A:456:1201:N16	A:ASP:964:CA
0	vdw	A:456:1201:N16	A:ILE:879:CD1
0	vdw	A:456:1201:N16	A:ASP:964:OD1
0	vdw	A:456:1201:C15	A:ILE:963:CB
0	vdw	A:ILE:963:CA	A:TYR:867:OH
0	vdw	A:456:1201:C17	A:ASP:964:CA
0	vdw	A:456:1201:C17	A:ASP:964:CB
0	vdw	A:456:1201:C17	A:ASP:964:CG
0	vdw	A:ASN:951:ND2	A:ASP:964:CB
0	vdw	A:ARG:947:NH2	A:ILE:963:C
0	vdw	A:ARG:947:NH2	A:ASP:964:C
0	vdw	A:ARG:947:CZ	A:ASP:964:O
0	vdw	A:ARG:947:NH2	A:ASP:964:O
0	vdw	A:ALA:818:N	A:LYS:792:O
0	vdw	A:LYS:792:CA	A:PHE:783:O
0	vdw	A:LYS:792:C	A:PHE:783:O
0	vdw	A:ALA:793:N	A:PHE:783:O
0	vdw	A:ALA:818:CB	A:LYS:792:C
0	vdw	A:ALA:818:CA	A:LYS:792:O
0	vdw	A:ALA:818:CB	A:LYS:792:O
0	vdw	A:LEU:791:O	A:VAL:785:CB
0	vdw	A:LEU:791:O	A:VAL:785:CG2
0	vdw	A:GLY:829:O	A:TYR:787:OH
0	vdw	A:ILE:830:CD1	A:PHE:815:CE1
0	vdw	A:GLU:880:N	A:TYR:787:CE2
0	vdw	A:GLU:880:CA	A:TYR:787:CE2
0	vdw	A:GLU:880:CA	A:TYR:787:OH
0	vdw	A:ILE:830:CG2	A:MET:878:CB
0	vdw	A:ILE:830:CG2	A:ILE:879:O
0	vdw	A:ILE:831:O	A:MET:878:CA
0	vdw	A:ILE:831:O	A:MET:878:C
0	vdw	A:ILE:831:O	A:ILE:879:N
0	vdw	A:ILE:830:CA	A:ILE:879:O
0	vdw	A:ILE:830:C	A:ILE:879:O
0	vdw	A:ILE:831:N	A:ILE:879:O
0	vdw	A:456:1201:C17	A:ILE:879:CD1
0	vdw	A:456:1201:C18	A:ILE:879:CD1
0	vdw	A:ASP:964:OD1	A:LYS:833:NZ
0	vdw	A:456:1201:C17	A:ASP:964:OD1
0	vdw	A:456:1201:O20	A:LYS:833:CD
0	vdw	A:LYS:808:CE	A:LYS:833:NZ
0	vdw	A:456:1201:C18	A:ASP:964:OD1
0	vdw	A:ASP:836:OD2	A:HIS:967:CD2
0	vdw	A:ASP:836:CG	A:LYS:808:CE
0	vdw	A:ASP:836:CG	A:LYS:808:NZ
0	vdw	A:ASP:836:OD1	A:LYS:808:CE
0	vdw	A:ASP:836:OD1	A:LYS:808:NZ
0	vdw	A:ASP:836:OD2	A:LYS:808:CE
0	vdw	A:HIS:967:CD2	A:LYS:807:NZ
0	vdw	A:ALA:793:O	A:SER:782:CA
0	vdw	A:ALA:793:O	A:SER:782:C
0	vdw	A:ALA:793:O	A:SER:782:CB
0	vdw	A:ALA:793:O	A:PHE:783:N
0	vdw	A:ALA:793:O	A:PHE:783:CD1
0	vdw	A:ALA:818:CB	A:SER:782:CB
0	vdw	A:ALA:793:CB	A:PHE:783:CE1
0	vdw	A:ALA:793:CB	A:PHE:783:CZ
0	vdw	A:PHE:783:CD1	A:VAL:738:CG2
0	vdw	A:PHE:783:CE1	A:PHE:815:CE2
0	vdw	A:PHE:783:CZ	A:PHE:815:CE2
0	vdw	A:ALA:793:CA	A:PHE:783:O
0	vdw	A:ALA:793:CB	A:ILE:828:CD1
0	vdw	A:MET:878:CE	A:PHE:832:CZ
0	vdw	A:GLY:877:O	A:PHE:832:CA
0	vdw	A:LEU:742:CB	A:PHE:832:CZ
0	vdw	A:PHE:832:CB	A:THR:746:OG1
0	vdw	A:GLY:877:O	A:LYS:833:N
0	vdw	A:GLY:877:O	A:LYS:833:O
0	vdw	A:HIS:834:C	A:LYS:750:NZ
0	vdw	A:HIS:834:O	A:LYS:750:NZ
0	vdw	A:HIS:834:O	A:LYS:808:CB
0	vdw	A:HIS:834:O	A:LYS:750:CE
0	vdw	A:PRO:780:CG	A:VAL:738:CG2
0	vdw	A:PRO:780:CD	A:VAL:738:CG2
0	vdw	A:LEU:779:CD1	A:MET:741:SD
0	vdw	A:LEU:742:CD1	A:PHE:832:CE1
0	vdw	A:LEU:742:CD1	A:PHE:832:CZ
0	vdw	A:ILE:876:CD1	A:LEU:747:CD2
0	vdw	A:HIS:834:CB	A:ILE:876:CD1
0	vdw	A:LEU:811:CD2	A:THR:746:OG1
0	vdw	A:HIS:834:CB	A:LEU:747:CD2
0	vdw	A:HIS:834:CG	A:LEU:747:CD2
0	vdw	A:HIS:834:CD2	A:LEU:747:CD2
0	vdw	A:HIS:834:CD2	A:LYS:750:NZ
0	vdw	A:GLN:778:C	A:MET:741:CE
0	vdw	A:GLN:778:O	A:MET:741:CE
0	vdw	A:LEU:779:N	A:MET:741:CE
0	vdw	A:LEU:779:CA	A:MET:741:CE
0	vdw	A:LEU:779:CA	A:MET:741:SD
0	vdw	A:GLN:778:CB	A:MET:741:CE
0	vdw	A:LEU:774:O	A:LEU:779:N
0	vdw	A:LEU:774:CD1	A:MET:741:CB
0	vdw	A:LYS:234:CG	A:PHE:221:CE1
0	vdw	A:LYS:234:CG	A:PHE:221:CZ
0	vdw	A:ILE:1012:CD1	A:TYR:930:CE1
0	vdw	A:PHE:1009:CA	A:VAL:929:CG1
0	vdw	A:PHE:1009:CB	A:VAL:929:CG1
0	vdw	A:HIS:1005:O	A:VAL:929:CG1
0	vdw	A:MET:995:SD	A:PHE:1009:CB
0	vdw	A:MET:995:SD	A:PHE:1009:CG
0	vdw	A:LEU:992:CD2	A:PHE:1006:CE1
0	vdw	A:ILE:222:N	A:ILE:233:O
0	vdw	A:LEU:297:O	A:LYS:214:CE
0	vdw	A:LEU:297:O	A:LYS:214:NZ
0	vdw	A:LEU:297:C	A:LYS:214:NZ
0	vdw	A:ILE:1012:CD1	A:TYR:930:CD1
0	vdw	A:ALA:933:N	A:PHE:1009:CE1
0	vdw	A:MET:995:SD	A:PHE:1009:CD1
0	vdw	A:MET:995:CE	A:PHE:1009:CD1
0	vdw	A:MET:995:CE	A:PHE:1009:CE1
0	vdw	A:CYS:936:SG	A:PHE:1009:CZ
0	vdw	A:LEU:987:CD1	A:LEU:992:CD2
0	vdw	A:LEU:987:CD1	A:MET:995:CE
0	vdw	A:CYS:1075:CB	A:LEU:987:O
0	vdw	A:ILE:222:O	A:THR:232:CA
0	vdw	A:ILE:222:O	A:THR:232:C
0	vdw	A:ILE:222:O	A:ILE:233:N
0	vdw	A:ILE:222:O	A:ILE:233:CD1
0	vdw	A:GLN:231:O	A:ILE:224:O
0	vdw	A:GLN:231:O	A:VAL:223:CA
0	vdw	A:GLN:231:O	A:VAL:223:C
0	vdw	A:GLN:231:O	A:ILE:224:N
0	vdw	A:GLN:231:O	A:VAL:223:CG1
0	vdw	A:THR:232:CG2	A:VAL:223:CG2
0	vdw	A:ILE:222:CA	A:ILE:303:O
0	vdw	A:ILE:222:C	A:ILE:303:O
0	vdw	A:ILE:303:O	A:VAL:223:N
0	vdw	A:HIS:304:CE1	A:VAL:223:CG2
0	vdw	A:CYS:296:O	A:GLU:301:N
0	vdw	A:ARG:927:CZ	A:CYS:863:SG
0	vdw	A:ARG:927:NH1	A:CYS:863:SG
0	vdw	A:ASN:959:ND2	A:CYS:863:O
0	vdw	A:ASN:959:OD1	A:CYS:863:O
0	vdw	A:ASN:959:ND2	A:CYS:863:CB
0	vdw	A:ASN:959:OD1	A:SER:931:CB
0	vdw	A:ASN:959:CG	A:CYS:863:O
0	vdw	A:LEU:960:N	A:SER:931:CB
0	vdw	A:LEU:960:O	A:SER:931:CB
0	vdw	A:LEU:960:N	A:SER:931:OG
0	vdw	A:LEU:960:CB	A:SER:931:OG
0	vdw	A:GLY:958:O	A:SER:931:OG
0	vdw	A:CYS:932:SG	A:PHE:991:CD2
0	vdw	A:PHE:991:CE2	A:VAL:986:O
0	vdw	A:CYS:1075:SG	A:VAL:983:CG2
0	vdw	A:CYS:1075:SG	A:PHE:985:O
0	vdw	A:GLU:981:OE1	A:LYS:1078:CE
0	vdw	A:ILE:224:O	A:SER:230:CA
0	vdw	A:ILE:224:O	A:SER:230:C
0	vdw	A:ILE:224:O	A:SER:230:CB
0	vdw	A:GLN:231:N	A:ILE:224:O
0	vdw	A:ILE:224:CA	A:VAL:305:O
0	vdw	A:ILE:224:C	A:VAL:305:O
0	vdw	A:HIS:225:N	A:VAL:305:O
0	vdw	A:VAL:223:O	A:VAL:305:N
0	vdw	A:ILE:303:O	A:VAL:223:CA
0	vdw	A:ILE:303:O	A:VAL:223:O
0	vdw	A:HIS:304:CA	A:VAL:223:O
0	vdw	A:HIS:225:CE1	A:HIS:304:CG
0	vdw	A:CYS:275:SG	A:VAL:305:N
0	vdw	A:HIS:304:CE1	A:VAL:223:CB
0	vdw	A:HIS:225:CE1	A:HIS:304:CD2
0	vdw	A:ASN:959:CG	A:LEU:865:CD1
0	vdw	A:LEU:960:CA	A:MET:953:O
0	vdw	A:ILE:954:CA	A:LEU:960:CA
0	vdw	A:LEU:960:C	A:MET:953:O
0	vdw	A:MET:953:C	A:PHE:961:N
0	vdw	A:MET:953:O	A:PHE:961:N
0	vdw	A:MET:953:O	A:PHE:961:CA
0	vdw	A:MET:953:O	A:PHE:961:C
0	vdw	A:MET:953:C	A:PHE:961:CD1
0	vdw	A:MET:953:O	A:PHE:961:CD1
0	vdw	A:MET:953:N	A:PHE:961:C
0	vdw	A:HIS:962:CD2	A:ILE:952:CG1
0	vdw	A:HIS:962:NE2	A:ILE:952:CG1
0	vdw	A:ILE:952:CG2	A:LEU:960:CG
0	vdw	A:HIS:962:NE2	A:ILE:952:CD1
0	vdw	A:ILE:888:CG1	A:ILE:952:CG2
0	vdw	A:ILE:952:CG2	A:LEU:960:CD1
0	vdw	A:LEU:960:CG	A:MET:953:O
0	vdw	A:ILE:952:CD1	A:VAL:986:CB
0	vdw	A:ILE:952:CD1	A:VAL:986:CG1
0	vdw	A:ILE:952:CD1	A:VAL:986:CG2
0	vdw	A:ARG:947:N	A:VAL:986:CG2
0	vdw	A:ARG:947:CB	A:VAL:986:CG2
0	vdw	A:ARG:947:O	A:VAL:986:CG2
0	vdw	A:ASP:946:OD1	A:VAL:983:CG1
0	vdw	A:ASP:946:OD1	A:VAL:1082:CG1
0	vdw	A:GLU:981:O	A:VAL:1082:CG2
0	vdw	A:ARG:226:CG	A:MET:252:CE
0	vdw	A:HIS:225:O	A:VAL:306:CG2
0	vdw	A:HIS:225:ND1	A:VAL:305:O
0	vdw	A:CYS:275:SG	A:HIS:304:C
0	vdw	A:HIS:225:CG	A:SER:230:CB
0	vdw	A:LEU:865:CD2	A:VAL:882:CG2
0	vdw	A:456:1201:N6	A:VAL:882:CB
0	vdw	A:ILE:952:CA	A:PHE:961:O
0	vdw	A:MET:953:CA	A:PHE:961:O
0	vdw	A:MET:953:CB	A:PHE:961:O
0	vdw	A:MET:953:CB	A:PHE:961:CE1
0	vdw	A:MET:953:CB	A:PHE:961:CE2
0	vdw	A:MET:953:CB	A:PHE:961:CZ
0	vdw	A:ILE:963:CG2	A:MET:953:CG
0	vdw	A:ILE:963:CG2	A:MET:953:SD
0	vdw	A:ILE:952:C	A:PHE:961:O
0	vdw	A:MET:953:N	A:PHE:961:O
0	vdw	A:ILE:952:CG2	A:PHE:961:O
0	vdw	A:MET:953:C	A:PHE:961:O
0	vdw	A:MET:953:O	A:PHE:961:O
0	vdw	A:MET:953:C	A:PHE:961:CE1
0	vdw	A:ASN:951:O	A:HIS:962:CA
0	vdw	A:ASN:951:O	A:HIS:962:C
0	vdw	A:ASN:951:O	A:ILE:963:N
0	vdw	A:ASN:951:CA	A:ILE:963:CG1
0	vdw	A:ASN:951:C	A:ILE:963:CG1
0	vdw	A:ASN:951:O	A:ILE:963:CG1
0	vdw	A:GLN:1083:OE1	A:HIS:948:C
0	vdw	A:ARG:947:O	A:GLN:1083:OE1
0	vdw	A:GLY:276:N	A:THR:821:OG1
0	vdw	A:ASP:819:CG	A:GLY:276:CA
0	vdw	A:ALA:822:CA	A:GLY:276:CA
0	vdw	A:ALA:822:CB	A:GLY:276:CA
0	vdw	A:ASP:819:CB	A:GLY:276:CA
0	vdw	A:456:1201:N6	A:VAL:882:N
0	vdw	A:456:1201:C13	A:GLU:880:O
0	vdw	A:456:1201:N4	A:VAL:882:N
0	vdw	A:456:1201:C5	A:VAL:882:N
0	vdw	A:456:1201:C8	A:ILE:831:CD1
0	vdw	A:456:1201:C10	A:ILE:831:CD1
0	vdw	A:456:1201:C8	A:MET:953:SD
0	vdw	A:ILE:963:CD1	A:MET:953:SD
0	vdw	A:ALA:793:CA	A:LYS:816:O
0	vdw	A:GLY:794:N	A:LYS:816:C
0	vdw	A:ALA:793:C	A:LYS:816:O
0	vdw	A:GLY:794:N	A:LYS:816:O
0	vdw	A:GLY:794:CA	A:LYS:816:O
0	vdw	A:ALA:818:N	A:GLY:794:N
0	vdw	A:ALA:793:CA	A:ILE:828:CD1
0	vdw	A:ILE:828:N	A:PHE:815:O
0	vdw	A:ILE:828:CA	A:PHE:815:O
0	vdw	A:GLY:829:CA	A:LEU:813:O
0	vdw	A:GLY:829:C	A:LEU:813:O
0	vdw	A:ILE:830:N	A:LEU:813:O
0	vdw	A:ILE:830:CA	A:LEU:813:O
0	vdw	A:GLY:829:C	A:ILE:881:CG1
0	vdw	A:ILE:828:O	A:PHE:815:CD1
0	vdw	A:ILE:830:O	A:LEU:813:O
0	vdw	A:GLY:829:CA	A:ILE:881:CD1
0	vdw	A:GLY:829:C	A:ILE:881:CD1
0	vdw	A:ILE:830:N	A:ILE:881:CD1
0	vdw	A:GLU:814:CA	A:ILE:828:O
0	vdw	A:GLU:814:C	A:ILE:828:O
0	vdw	A:GLY:829:CA	A:ILE:881:CB
0	vdw	A:GLY:829:C	A:ILE:881:CB
0	vdw	A:GLY:829:O	A:ILE:881:N
0	vdw	A:ILE:828:O	A:PHE:815:N
0	vdw	A:ILE:831:CG1	A:ILE:881:CG1
0	vdw	A:ILE:831:CD1	A:ILE:881:CG1
0	vdw	A:ILE:831:CA	A:LEU:811:O
0	vdw	A:ILE:831:CB	A:LEU:811:O
0	vdw	A:ILE:831:CG1	A:ILE:881:CD1
0	vdw	A:ILE:831:CG1	A:MET:804:CE
0	vdw	A:ILE:831:CG2	A:PRO:810:CB
0	vdw	A:ILE:831:CG2	A:MET:804:CE
0	vdw	A:456:1201:S9	A:ILE:831:CD1
0	vdw	A:HIS:967:NE2	A:LYS:807:CE
0	vdw	A:HIS:967:CE1	A:LYS:807:NZ
0	vdw	A:HIS:967:NE2	A:LYS:807:NZ
0	vdw	A:ALA:793:C	A:ALA:818:CB
0	vdw	A:ALA:818:CB	A:GLY:794:CA
0	vdw	A:GLY:794:O	A:PHE:815:CD2
0	vdw	A:LEU:796:CG	A:PHE:815:CD2
0	vdw	A:LEU:796:CG	A:PHE:815:CE2
0	vdw	A:ALA:795:O	A:PHE:815:CB
0	vdw	A:ALA:795:O	A:PHE:815:CD2
0	vdw	A:LEU:796:CD2	A:PHE:815:CD2
0	vdw	A:LEU:796:CD2	A:PHE:815:CE2
0	vdw	A:ILE:830:O	A:LEU:813:CB
0	vdw	A:LEU:796:CD2	A:PHE:815:CZ
0	vdw	A:ILE:831:C	A:LEU:811:O
0	vdw	A:LEU:811:O	A:PHE:832:N
0	vdw	A:ILE:830:O	A:LEU:813:N
0	vdw	A:ILE:831:CG2	A:LEU:811:O
0	vdw	A:ILE:830:O	A:LEU:813:CA
0	vdw	A:ILE:830:O	A:LEU:813:C
0	vdw	A:LEU:811:C	A:MET:804:CE
0	vdw	A:LEU:811:O	A:MET:804:CE
0	vdw	A:PHE:832:O	A:PRO:810:CA
0	vdw	A:PHE:832:O	A:PRO:810:C
0	vdw	A:PHE:832:O	A:PRO:810:CB
0	vdw	A:LEU:811:N	A:PHE:832:O
0	vdw	A:LEU:811:CA	A:LYS:802:O
0	vdw	A:LYS:750:CE	A:LYS:808:CB
0	vdw	A:LYS:750:CE	A:LYS:809:N
0	vdw	A:MET:804:CB	A:PRO:810:CG
0	vdw	A:MET:804:CB	A:PRO:810:CD
0	vdw	A:GLU:755:OE1	A:LYS:807:C
0	vdw	A:GLU:755:OE1	A:LYS:807:O
0	vdw	A:GLU:755:OE1	A:LYS:807:CB
0	vdw	A:ALA:795:CA	A:GLN:775:OE1
0	vdw	A:GLN:775:OE1	A:LEU:796:N
0	vdw	A:ALA:795:CB	A:GLN:775:OE1
0	vdw	A:ALA:795:C	A:GLN:775:OE1
0	vdw	A:LEU:811:CD2	A:THR:746:N
0	vdw	A:LEU:811:CD2	A:THR:746:CA
0	vdw	A:LYS:750:CG	A:LYS:809:CB
0	vdw	A:LYS:750:CE	A:LYS:808:CA
0	vdw	A:ILE:749:CG2	A:LYS:809:CB
0	vdw	A:LYS:809:CB	A:VAL:803:CG1
0	vdw	A:LEU:774:O	A:LEU:779:CB
0	vdw	A:LYS:770:CD	A:VAL:745:CG1
0	vdw	A:ASP:748:CB	A:LYS:770:NZ
0	vdw	A:ASP:748:CG	A:LYS:770:NZ
0	vdw	A:ASN:773:O	A:GLN:778:CD
0	vdw	A:ASN:773:O	A:GLN:778:OE1
0	vdw	A:ASP:748:OD2	A:LYS:770:NZ
0	vdw	A:THR:1002:CA	A:THR:997:OG1
0	vdw	A:THR:1002:C	A:THR:997:OG1
0	vdw	A:ARG:1076:CZ	A:LYS:1001:O
0	vdw	A:ARG:1076:NH1	A:LYS:1001:O
0	vdw	A:ARG:1076:NH2	A:LYS:1001:O
0	vdw	A:GLU:926:CD	A:LYS:1008:NZ
0	vdw	A:GLU:926:OE2	A:LYS:1008:NZ
0	vdw	A:MET:995:CB	A:PHE:1006:CB
0	vdw	A:MET:995:O	A:PHE:1006:CB
0	vdw	A:LEU:992:CD2	A:PHE:1006:CD1
0	vdw	A:ARG:1076:CZ	A:LYS:1000:N
0	vdw	A:ARG:1076:NH1	A:LYS:1000:N
0	vdw	A:ARG:1076:NH2	A:LYS:1000:N
0	vdw	A:ARG:1076:CZ	A:LYS:1000:CA
0	vdw	A:ARG:1076:NH2	A:LYS:1000:CA
0	vdw	A:ARG:1076:NH2	A:LYS:1001:N
0	vdw	A:ARG:1076:NH1	A:THR:997:CG2
0	vdw	A:ARG:1076:O	A:LYS:1000:CE
0	vdw	A:ARG:1076:C	A:LYS:1000:NZ
0	vdw	A:ALA:924:O	A:GLY:958:CA
0	vdw	A:ARG:927:C	A:GLY:958:O
0	vdw	A:GLY:958:O	A:PHE:928:N
0	vdw	A:MET:995:SD	A:PHE:1006:CD1
0	vdw	A:LEU:992:CB	A:THR:997:O
0	vdw	A:ARG:1076:CB	A:LYS:1000:NZ
0	vdw	A:GLY:958:O	A:PHE:928:CA
0	vdw	A:GLY:958:O	A:PHE:928:CB
0	vdw	A:PHE:928:CZ	A:PHE:991:CB
0	vdw	A:PHE:928:CZ	A:PHE:991:CG
0	vdw	A:LEU:960:CD1	A:PHE:928:CE2
0	vdw	A:LEU:960:CD1	A:PHE:991:CE2
0	vdw	A:LEU:907:CD1	A:PHE:991:CE1
0	vdw	A:LEU:907:CD1	A:PHE:991:CD1
0	vdw	A:THR:988:CB	A:TRP:1080:CZ3
0	vdw	A:THR:988:CB	A:TRP:1080:CH2
0	vdw	A:GLY:1079:C	A:PRO:989:CD
0	vdw	A:PRO:989:CD	A:TRP:1080:CD2
0	vdw	A:PRO:989:CD	A:TRP:1080:CE2
0	vdw	A:PRO:989:CD	A:TRP:1080:CZ2
0	vdw	A:PRO:989:CD	A:TRP:1080:CE3
0	vdw	A:PRO:989:CD	A:TRP:1080:CZ3
0	vdw	A:PRO:989:CD	A:TRP:1080:CH2
0	vdw	A:GLY:1079:CA	A:PRO:989:CG
0	vdw	A:HIS:225:CD2	A:SER:230:CB
0	vdw	A:HIS:225:NE2	A:HIS:304:CD2
0	vdw	A:HIS:304:CD2	A:LEU:823:CD2
0	vdw	A:THR:955:C	A:TRP:910:CZ3
0	vdw	A:THR:955:C	A:TRP:910:CH2
0	vdw	A:ASP:884:O	A:THR:955:CA
0	vdw	A:ASP:884:O	A:THR:955:C
0	vdw	A:ASN:959:O	A:ILE:954:CA
0	vdw	A:ASN:959:O	A:ILE:954:C
0	vdw	A:ASN:959:C	A:ILE:954:CG1
0	vdw	A:ASN:959:O	A:ILE:954:CG1
0	vdw	A:MET:953:C	A:THR:886:O
0	vdw	A:ILE:954:N	A:THR:886:O
0	vdw	A:ALA:885:C	A:ILE:954:O
0	vdw	A:ILE:954:O	A:THR:886:O
0	vdw	A:ILE:891:CD1	A:ILE:954:CG2
0	vdw	A:ILE:954:O	A:THR:886:N
0	vdw	A:LEU:960:CD1	A:PHE:991:CZ
0	vdw	A:ILE:888:CB	A:ILE:952:O
0	vdw	A:ILE:888:CG1	A:ILE:952:O
0	vdw	A:ASN:949:O	A:ILE:888:CB
0	vdw	A:ASN:949:CG	A:ILE:888:CG2
0	vdw	A:ASN:949:OD1	A:ILE:888:CG2
0	vdw	A:ASN:949:CG	A:GLN:1083:CD
0	vdw	A:ASN:949:OD1	A:GLN:1083:CD
0	vdw	A:ASP:990:OD2	A:ILE:888:CG2
0	vdw	A:ASN:949:CG	A:GLN:1083:NE2
0	vdw	A:ASN:949:ND2	A:PHE:902:CE1
0	vdw	A:GLN:1083:CG	A:THR:988:CG2
0	vdw	A:THR:988:CG2	A:TRP:1080:CE3
0	vdw	A:THR:988:CG2	A:TRP:1080:CZ3
0	vdw	A:PHE:1084:N	A:PHE:902:CE2
0	vdw	A:GLU:826:CD	A:LYS:883:CD
0	vdw	A:GLU:826:OE2	A:LYS:883:CG
0	vdw	A:GLU:826:OE2	A:LYS:883:CD
0	vdw	A:456:1201:N4	A:VAL:882:C
0	vdw	A:456:1201:C1	A:VAL:882:O
0	vdw	A:456:1201:C2	A:VAL:882:O
0	vdw	A:456:1201:N4	A:VAL:882:O
0	vdw	A:456:1201:C5	A:VAL:882:O
0	vdw	A:456:1201:C1	A:ALA:885:N
0	vdw	A:ALA:885:CA	A:ILE:954:O
0	vdw	A:ALA:885:CB	A:ILE:954:O
0	vdw	A:MET:953:CE	A:THR:886:C
0	vdw	A:MET:953:CA	A:THR:886:O
0	vdw	A:MET:953:CB	A:THR:886:O
0	vdw	A:MET:953:CE	A:THR:886:O
0	vdw	A:MET:953:CE	A:THR:886:CA
0	vdw	A:MET:953:CE	A:THR:887:N
0	vdw	A:ILE:952:O	A:THR:887:CA
0	vdw	A:ASP:950:C	A:THR:887:CG2
0	vdw	A:ILE:888:N	A:ILE:952:O
0	vdw	A:ASP:950:CA	A:THR:887:CG2
0	vdw	A:ASP:950:O	A:THR:887:CG2
0	vdw	A:ASN:949:N	A:GLN:1083:NE2
0	vdw	A:ASN:949:CB	A:GLN:1083:NE2
0	vdw	A:ALA:889:N	A:ASN:949:O
0	vdw	A:ALA:889:N	A:ASN:949:CB
0	vdw	A:ALA:889:CB	A:ASP:950:CA
0	vdw	A:ASN:949:N	A:GLN:1083:CD
0	vdw	A:ASN:949:N	A:GLN:1083:OE1
0	vdw	A:GLN:1083:NE2	A:HIS:948:ND1
0	vdw	A:GLU:826:CG	A:LYS:883:CD
0	vdw	A:GLU:826:CG	A:LYS:883:CE
0	vdw	A:LYS:883:CE	A:THR:827:O
0	vdw	A:LYS:883:NZ	A:THR:827:O
0	vdw	A:456:1201:C2	A:ILE:881:CG2
0	vdw	A:456:1201:N4	A:ILE:881:CG2
0	vdw	A:456:1201:C5	A:ILE:881:CG2
0	vdw	A:ILE:881:CG2	A:TRP:812:CH2
0	vdw	A:456:1201:C2	A:TRP:812:CH2
0	vdw	A:456:1201:O3	A:TRP:812:CZ3
0	vdw	A:456:1201:O3	A:TRP:812:CH2
0	vdw	A:456:1201:C1	A:ALA:885:O
0	vdw	A:456:1201:C2	A:ALA:885:O
0	vdw	A:ALA:889:CB	A:ASP:950:OD1
0	vdw	A:PHE:815:O	A:THR:827:CA
0	vdw	A:PHE:815:O	A:THR:827:C
0	vdw	A:PHE:815:O	A:THR:827:CB
0	vdw	A:GLU:814:CG	A:THR:827:OG1
0	vdw	A:GLU:814:CD	A:THR:827:OG1
0	vdw	A:LYS:800:NZ	A:THR:827:CG2
0	vdw	A:LYS:883:NZ	A:THR:827:OG1
0	vdw	A:ILE:881:CD1	A:TRP:812:CD2
0	vdw	A:ILE:881:CD1	A:TRP:812:CE2
0	vdw	A:ILE:881:CD1	A:TRP:812:CE3
0	vdw	A:ILE:881:CD1	A:TRP:812:CZ2
0	vdw	A:ILE:881:CD1	A:TRP:812:CZ3
0	vdw	A:ILE:881:CD1	A:TRP:812:CH2
0	vdw	A:MET:804:CE	A:TRP:812:CE3
0	vdw	A:LYS:802:CE	A:TRP:812:CG
0	vdw	A:LYS:802:CE	A:TRP:812:CD2
0	vdw	A:LYS:802:CG	A:TRP:812:CG
0	vdw	A:LYS:800:O	A:TRP:812:CD1
0	vdw	A:ALA:795:O	A:LYS:816:CA
0	vdw	A:ALA:795:O	A:LYS:816:CB
0	vdw	A:ALA:795:CB	A:LYS:816:CD
0	vdw	A:ALA:795:O	A:PHE:815:CA
0	vdw	A:ALA:795:O	A:PHE:815:C
0	vdw	A:ALA:795:O	A:LYS:816:N
0	vdw	A:GLU:814:O	A:LEU:796:CA
0	vdw	A:GLU:814:O	A:LEU:796:C
0	vdw	A:ALA:797:N	A:GLU:814:O
0	vdw	A:ALA:797:CA	A:GLU:814:O
0	vdw	A:ALA:797:CB	A:GLU:814:O
0	vdw	A:CYS:801:SG	A:LEU:796:CD2
0	vdw	A:GLU:814:O	A:LEU:796:CD2
0	vdw	A:CYS:801:SG	A:LEU:813:CA
0	vdw	A:CYS:801:SG	A:GLU:814:N
0	vdw	A:CYS:801:SG	A:GLU:814:O
0	vdw	A:CYS:801:CB	A:TRP:812:O
0	vdw	A:CYS:801:CB	A:LEU:771:CD1
0	vdw	A:CYS:801:CA	A:TRP:812:O
0	vdw	A:LYS:802:N	A:TRP:812:O
0	vdw	A:LYS:802:O	A:TRP:812:N
0	vdw	A:LYS:802:O	A:TRP:812:O
0	vdw	A:LEU:767:CD1	A:LYS:802:N
0	vdw	A:LEU:767:CD1	A:LYS:802:CA
0	vdw	A:LEU:767:CD1	A:LYS:802:C
0	vdw	A:LEU:767:CD1	A:LYS:802:O
0	vdw	A:CYS:801:C	A:TRP:812:O
0	vdw	A:LYS:802:CG	A:TRP:812:CB
0	vdw	A:ILE:764:CD1	A:LYS:802:CA
0	vdw	A:MET:804:CE	A:TRP:812:N
0	vdw	A:MET:804:CE	A:TRP:812:CA
0	vdw	A:MET:804:CE	A:TRP:812:CB
0	vdw	A:PRO:810:O	A:VAL:803:CA
0	vdw	A:PRO:810:O	A:VAL:803:C
0	vdw	A:MET:804:N	A:PRO:810:O
0	vdw	A:PRO:810:O	A:VAL:803:CG1
0	vdw	A:ALA:795:CB	A:GLN:775:CD
0	vdw	A:GLN:775:CD	A:LEU:796:N
0	vdw	A:GLN:775:NE2	A:LEU:796:N
0	vdw	A:LEU:767:CG	A:VAL:803:CG2
0	vdw	A:CYS:801:C	A:LEU:767:CD1
0	vdw	A:LYS:809:CE	A:SER:753:CB
0	vdw	A:LYS:809:CD	A:SER:753:OG
0	vdw	A:LYS:809:CE	A:SER:753:OG
0	vdw	A:LYS:809:NZ	A:SER:753:CB
0	vdw	A:LYS:809:NZ	A:SER:753:OG
0	vdw	A:GLU:755:O	A:LYS:809:CE
0	vdw	A:GLU:755:O	A:LYS:809:NZ
0	vdw	A:ASP:758:O	A:LYS:809:NZ
0	vdw	A:ILE:749:CD1	A:LYS:770:CE
0	vdw	A:GLN:766:NE2	A:LEU:752:CD1
0	vdw	A:GLN:766:NE2	A:LEU:752:CD2
0	vdw	A:MET:995:O	A:SER:1003:CB
0	vdw	A:MET:995:C	A:SER:1003:OG
0	vdw	A:MET:995:O	A:SER:1003:OG
0	vdw	A:GLY:996:O	A:SER:1003:CB
0	vdw	A:SER:1003:CB	A:THR:997:OG1
0	vdw	A:GLY:996:O	A:LYS:1001:CD
0	vdw	A:LEU:992:O	A:THR:997:N
0	vdw	A:LYS:920:C	A:SER:915:OG
0	vdw	A:LYS:920:O	A:SER:915:OG
0	vdw	A:VAL:925:CG1	A:VAL:994:CG1
0	vdw	A:ASN:908:ND2	A:VAL:994:CG1
0	vdw	A:ASN:908:ND2	A:VAL:994:CA
0	vdw	A:LEU:992:C	A:THR:997:O
0	vdw	A:LEU:992:O	A:THR:997:O
0	vdw	A:ALA:924:CB	A:LEU:911:CD2
0	vdw	A:LEU:911:CB	A:PHE:921:CE1
0	vdw	A:LEU:911:CB	A:PHE:921:CD1
0	vdw	A:ASP:990:C	A:LEU:907:CD1
0	vdw	A:ASP:904:O	A:ASP:990:CA
0	vdw	A:ASP:990:N	A:TRP:1080:CH2
0	vdw	A:ASP:990:CB	A:TRP:1080:CH2
0	vdw	A:ASP:990:CG	A:TRP:1080:CH2
0	vdw	A:ASP:904:OD1	A:PRO:989:CB
0	vdw	A:ASP:904:OD1	A:TRP:1080:CE2
0	vdw	A:ASP:904:OD1	A:TRP:1080:NE1
0	vdw	A:ASP:904:OD1	A:TRP:1080:CZ2
0	vdw	A:PRO:989:CB	A:TRP:1080:CE2
0	vdw	A:PRO:989:CB	A:TRP:1080:CZ2
0	vdw	A:PRO:989:CG	A:TRP:1080:CD2
0	vdw	A:PRO:989:CG	A:TRP:1080:CE2
0	vdw	A:PRO:989:CG	A:TRP:1080:NE1
0	vdw	A:PHE:902:CB	A:TRP:1080:CD2
0	vdw	A:PHE:902:CB	A:TRP:1080:CE2
0	vdw	A:PHE:902:CB	A:TRP:1080:CZ2
0	vdw	A:ASP:904:CG	A:PRO:989:CB
0	vdw	A:THR:955:O	A:TRP:910:CZ3
0	vdw	A:THR:955:O	A:TRP:910:CH2
0	vdw	A:GLU:956:N	A:TRP:910:CH2
0	vdw	A:GLU:956:CA	A:TRP:910:CZ3
0	vdw	A:GLU:956:CA	A:TRP:910:CH2
0	vdw	A:GLU:956:CG	A:TRP:910:CH2
0	vdw	A:ASP:884:O	A:GLU:956:N
0	vdw	A:ASP:884:O	A:GLU:956:CA
0	vdw	A:ASP:884:O	A:GLU:956:CB
0	vdw	A:ASP:884:C	A:GLU:956:CG
0	vdw	A:ASP:884:O	A:GLU:956:CG
0	vdw	A:ILE:891:CD1	A:TRP:910:CD2
0	vdw	A:ILE:891:CD1	A:TRP:910:CE2
0	vdw	A:THR:886:CG2	A:TRP:910:CZ2
0	vdw	A:ILE:891:CG1	A:TRP:910:CD1
0	vdw	A:ILE:891:CG1	A:TRP:910:NE1
0	vdw	A:ILE:891:CD1	A:TRP:910:CG
0	vdw	A:ASP:990:OD2	A:GLN:892:NE2
0	vdw	A:GLN:892:CG	A:PHE:902:CD1
0	vdw	A:GLN:892:OE1	A:PHE:902:CD1
0	vdw	A:GLN:892:OE1	A:LYS:903:N
0	vdw	A:GLN:892:OE1	A:LYS:903:O
0	vdw	A:PHE:902:CB	A:TRP:1080:CH2
0	vdw	A:PHE:902:CG	A:TRP:1080:CE3
0	vdw	A:PHE:902:CG	A:TRP:1080:CZ3
0	vdw	A:PHE:902:CD2	A:TRP:1080:CE3
0	vdw	A:ASP:884:CB	A:GLU:956:CG
0	vdw	A:GLU:956:CD	A:LYS:914:CD
0	vdw	A:GLU:956:CD	A:LYS:914:CE
0	vdw	A:ILE:891:CG1	A:THR:886:OG1
0	vdw	A:ILE:891:CD1	A:THR:886:OG1
0	vdw	A:GLU:814:OE1	A:LYS:800:CD
0	vdw	A:GLU:814:OE1	A:LYS:800:CB
0	vdw	A:GLU:814:OE1	A:LYS:800:CG
0	vdw	A:CYS:801:O	A:LYS:768:CE
0	vdw	A:ILE:764:CD1	A:LYS:802:CB
0	vdw	A:ILE:798:O	A:LYS:768:CD
0	vdw	A:PHE:921:N	A:SER:915:CB
0	vdw	A:PHE:921:N	A:SER:915:OG
0	vdw	A:PHE:921:CA	A:SER:915:CB
0	vdw	A:PHE:921:CA	A:SER:915:OG
0	vdw	A:PHE:921:CB	A:SER:915:CB
0	vdw	A:LEU:911:C	A:PHE:921:CD1
0	vdw	A:LYS:912:CA	A:PHE:921:CD1
0	vdw	A:LYS:912:N	A:PHE:921:CD1
0	vdw	A:ASN:908:ND2	A:PHE:921:CZ
0	vdw	A:ASN:908:CG	A:PHE:921:CZ
0	vdw	A:ASN:908:OD1	A:PHE:921:CZ
0	vdw	A:ASN:908:O	A:PHE:921:CE1
0	vdw	A:LYS:912:N	A:PHE:921:CE1
0	vdw	A:GLU:905:CA	A:PHE:993:CD2
0	vdw	A:GLU:905:CG	A:PHE:993:CD2
0	vdw	A:GLU:905:CG	A:PHE:993:CE2
0	vdw	A:GLU:905:CD	A:PHE:993:CE2
0	vdw	A:GLU:905:OE1	A:PHE:993:CE2
0	vdw	A:GLU:905:CD	A:PHE:993:CZ
0	vdw	A:GLU:905:OE1	A:PHE:993:CZ
0	vdw	A:GLU:956:OE2	A:LYS:914:CE
0	vdw	A:GLU:956:OE2	A:LYS:914:NZ
0	vdw	A:GLN:892:C	A:GLY:897:N
0	vdw	A:GLN:892:O	A:GLY:897:N
0	vdw	A:GLN:892:O	A:GLY:897:CA
0	hbss	A:GLN:148:NE2	A:GLN:148:OE1
0	hbss	A:GLN:151:NE2	A:GLN:151:OE1
0	hbss	A:ARG:152:NE	A:ARG:152:NH1
0	hbss	A:ARG:152:NE	A:ARG:152:NH2
0	hbss	A:ARG:152:NH1	A:ARG:152:NH2
0	hbss	A:GLN:153:NE2	A:GLN:153:OE1
0	hbss	A:ASP:161:OD1	A:THR:163:OG1
0	hbss	A:ASP:164:OD2	A:SER:166:OG
0	hbss	A:ASN:167:ND2	A:ASN:167:OD1
0	hbss	A:ASN:167:ND2	A:GLN:711:NE2
0	hbss	A:HIS:169:ND1	A:HIS:169:NE2
0	hbss	A:ARG:177:NE	A:ARG:177:NH1
0	hbss	A:ARG:177:NE	A:ARG:177:NH2
0	hbss	A:ARG:177:NE	A:GLU:718:OE1
0	hbss	A:ARG:177:NE	A:GLU:718:OE2
0	hbss	A:ARG:177:NH1	A:GLU:174:OE1
0	hbss	A:ARG:177:NH1	A:GLU:174:OE2
0	hbss	A:ARG:177:NH1	A:ARG:177:NH2
0	hbss	A:ARG:177:NH2	A:GLU:718:OE2
0	hbss	A:ARG:178:NE	A:ARG:178:NH1
0	hbss	A:ARG:178:NE	A:ARG:178:NH2
0	hbss	A:ARG:178:NH1	A:GLU:174:OE1
0	hbss	A:ARG:178:NH1	A:ARG:178:NH2
0	hbss	A:ARG:178:NH2	A:GLU:174:OE1
0	hbss	A:ARG:184:NE	A:ARG:184:NH1
0	hbss	A:ARG:184:NE	A:ARG:184:NH2
0	hbss	A:ARG:184:NH1	A:ARG:184:NH2
0	hbss	A:ARG:184:NH2	A:GLU:321:OE1
0	hbss	A:ARG:184:NH2	A:TRP:323:NE1
0	hbss	A:GLU:187:OE2	A:SER:190:OG
0	hbss	A:ARG:191:NE	A:ARG:191:NH1
0	hbss	A:ARG:191:NE	A:ARG:191:NH2
0	hbss	A:ARG:191:NH1	A:ARG:191:NH2
0	hbss	A:HIS:199:ND1	A:HIS:199:NE2
0	hbss	A:ASP:654:OD2	A:THR:203:OG1
0	hbss	A:GLU:652:OE1	A:SER:204:OG
0	hbss	A:GLU:652:OE2	A:SER:204:OG
0	hbss	A:ASP:654:OD2	A:LYS:205:NZ
0	hbss	A:ASP:655:OD2	A:LYS:205:NZ
0	hbss	A:ASN:217:ND2	A:ASN:217:OD1
0	hbss	A:ASN:218:ND2	A:ASN:218:OD1
0	hbss	A:HIS:225:ND1	A:HIS:225:NE2
0	hbss	A:ARG:226:NE	A:ARG:226:NH1
0	hbss	A:ARG:226:NE	A:ARG:226:NH2
0	hbss	A:ARG:226:NH1	A:ARG:226:NH2
0	hbss	A:GLN:231:NE2	A:GLN:231:OE1
0	hbss	A:GLN:246:NE2	A:GLN:246:OE1
0	hbss	A:GLN:268:NE2	A:GLN:268:OE1
0	hbss	A:ARG:273:NE	A:ARG:273:NH1
0	hbss	A:ARG:273:NE	A:ARG:273:NH2
0	hbss	A:ARG:273:NH1	A:ARG:273:NH2
0	hbss	A:ARG:273:NH1	A:ASP:819:OD2
0	hbss	A:ARG:273:NH2	A:ASP:819:OD2
0	hbss	A:ARG:273:NH2	A:THR:821:OG1
0	hbss	A:ARG:277:NE	A:ARG:277:NH1
0	hbss	A:ARG:277:NE	A:ARG:277:NH2
0	hbss	A:ARG:277:NH1	A:ARG:277:NH2
0	hbss	A:ARG:277:NH1	A:ASP:788:OD1
0	hbss	A:ARG:277:NH2	A:ASP:788:OD1
0	hbss	A:ARG:277:NH2	A:ASP:788:OD2
0	hbss	A:ASN:289:ND2	A:ASN:289:OD1
0	hbss	A:GLN:291:NE2	A:GLN:291:OE1
0	hbss	A:ARG:294:NE	A:ARG:294:NH1
0	hbss	A:ARG:294:NE	A:ARG:294:NH2
0	hbss	A:ARG:294:NH1	A:ARG:294:NH2
0	hbss	A:ARG:294:NH2	A:ASN:289:OD1
0	hbss	A:HIS:295:ND1	A:HIS:295:NE2
0	hbss	A:ASP:861:OD1	A:LYS:298:NZ
0	hbss	A:ASP:861:OD2	A:LYS:298:NZ
0	hbss	A:ASN:299:ND2	A:ASN:299:OD1
0	hbss	A:ASN:299:ND2	A:GLU:301:OE2
0	hbss	A:HIS:304:ND1	A:HIS:304:NE2
0	hbss	A:ARG:319:NE	A:ARG:319:NH1
0	hbss	A:ARG:319:NE	A:ARG:319:NH2
0	hbss	A:ARG:319:NH1	A:ARG:319:NH2
0	hbss	A:GLU:321:OE1	A:TRP:323:NE1
0	hbss	A:ARG:359:NE	A:ARG:359:NH1
0	hbss	A:ARG:359:NE	A:ARG:359:NH2
0	hbss	A:ARG:359:NH1	A:ARG:359:NH2
0	hbss	A:ARG:362:NE	A:ARG:362:NH1
0	hbss	A:ARG:362:NE	A:ARG:362:NH2
0	hbss	A:ARG:362:NH1	A:ARG:362:NH2
0	hbss	A:ASN:411:OD1	A:LYS:364:NZ
0	hbss	A:ARG:366:NE	A:ARG:366:NH1
0	hbss	A:ARG:366:NE	A:ARG:366:NH2
0	hbss	A:ARG:366:NH1	A:ARG:366:NH2
0	hbss	A:ARG:366:NH1	A:GLU:479:OE1
0	hbss	A:ARG:366:NH1	A:GLU:479:OE2
0	hbss	A:ARG:375:NE	A:ARG:375:NH1
0	hbss	A:ARG:375:NE	A:ARG:375:NH2
0	hbss	A:ARG:375:NH1	A:ARG:375:NH2
0	hbss	A:ARG:375:NH1	A:THR:377:OG1
0	hbss	A:ASN:376:ND2	A:ASN:376:OD1
0	hbss	A:ASN:386:ND2	A:GLU:384:OE1
0	hbss	A:ASN:386:ND2	A:ASN:386:OD1
0	hbss	A:ASN:386:ND2	A:ASN:430:OD1
0	hbss	A:ASN:386:ND2	A:GLN:432:NE2
0	hbss	A:GLN:388:NE2	A:GLN:388:OE1
0	hbss	A:HIS:389:ND1	A:HIS:389:NE2
0	hbss	A:GLN:391:NE2	A:GLN:391:OE1
0	hbss	A:GLN:392:NE2	A:GLN:392:OE1
0	hbss	A:GLN:396:NE2	A:GLU:384:OE2
0	hbss	A:ASN:386:OD1	A:GLN:396:NE2
0	hbss	A:GLN:396:NE2	A:GLN:396:OE1
0	hbss	A:ARG:397:NE	A:ARG:397:NH1
0	hbss	A:ARG:397:NE	A:ARG:397:NH2
0	hbss	A:ARG:397:NH1	A:ARG:397:NH2
0	hbss	A:ARG:398:NE	A:ARG:398:NH1
0	hbss	A:ARG:398:NE	A:ARG:398:NH2
0	hbss	A:ARG:398:NH1	A:GLU:384:OE2
0	hbss	A:ARG:398:NH1	A:ARG:398:NH2
0	hbss	A:ASN:411:ND2	A:ASN:411:OD1
0	hbss	A:GLU:638:OE2	A:LYS:425:NZ
0	hbss	A:ASN:430:ND2	A:ASN:430:OD1
0	hbss	A:ASN:430:ND2	A:ASN:465:OD1
0	hbss	A:GLN:432:NE2	A:GLU:384:OE1
0	hbss	A:ASN:430:OD1	A:GLN:432:NE2
0	hbss	A:GLN:432:NE2	A:GLN:432:OE1
0	hbss	A:GLN:432:NE2	A:TYR:434:OH
0	hbss	A:GLU:384:OE1	A:TYR:434:OH
0	hbss	A:ARG:459:NE	A:ARG:459:NH1
0	hbss	A:ARG:459:NE	A:ARG:459:NH2
0	hbss	A:ARG:459:NH1	A:ARG:459:NH2
0	hbss	A:HIS:708:NE2	A:TYR:463:OH
0	hbss	A:ASN:465:ND2	A:ASN:465:OD1
0	hbss	A:ASP:171:OD1	A:HIS:471:NE2
0	hbss	A:HIS:471:ND1	A:HIS:471:NE2
0	hbss	A:ARG:472:NH1	A:HIS:471:NE2
0	hbss	A:ARG:472:NE	A:ARG:472:NH1
0	hbss	A:ARG:472:NE	A:ARG:472:NH2
0	hbss	A:ARG:472:NH1	A:ASP:171:OD1
0	hbss	A:ARG:472:NH1	A:ASP:171:OD2
0	hbss	A:ARG:472:NH1	A:ARG:472:NH2
0	hbss	A:ARG:472:NH2	A:ASP:171:OD2
0	hbss	A:ARG:476:NE	A:ARG:476:NH1
0	hbss	A:ARG:476:NE	A:ARG:476:NH2
0	hbss	A:ARG:476:NH1	A:ARG:476:NH2
0	hbss	A:ARG:476:NH2	A:ASP:170:OD2
0	hbss	A:ARG:477:NE	A:ARG:477:NH1
0	hbss	A:ARG:477:NE	A:ARG:477:NH2
0	hbss	A:ARG:477:NE	A:ASP:521:OD1
0	hbss	A:ARG:477:NH1	A:ARG:477:NH2
0	hbss	A:ARG:477:NH2	A:ASP:521:OD1
0	hbss	A:HIS:483:ND1	A:HIS:483:NE2
0	hbss	A:GLN:486:NE2	A:GLN:486:OE1
0	hbss	A:ASN:498:ND2	A:ASN:498:OD1
0	hbss	A:ASN:167:OD1	A:THR:506:OG1
0	hbss	A:ASN:507:ND2	A:ASN:507:OD1
0	hbss	A:ASN:512:ND2	A:ASP:509:OD2
0	hbss	A:ASN:512:ND2	A:ASN:512:OD1
0	hbss	A:HIS:483:ND1	A:SER:513:OG
0	hbss	A:ASN:522:ND2	A:ASN:522:OD1
0	hbss	A:HIS:525:ND1	A:HIS:525:NE2
0	hbss	A:ARG:544:NE	A:ARG:544:NH1
0	hbss	A:ARG:544:NE	A:ARG:544:NH2
0	hbss	A:ARG:544:NH1	A:ARG:544:NH2
0	hbss	A:ASN:549:ND2	A:ASN:549:OD1
0	hbss	A:GLN:550:NE2	A:GLN:550:OE1
0	hbss	A:ARG:552:NE	A:ARG:552:NH1
0	hbss	A:ARG:552:NE	A:ARG:552:NH2
0	hbss	A:ARG:552:NH1	A:GLU:546:OE1
0	hbss	A:ARG:552:NH1	A:ARG:552:NH2
0	hbss	A:ARG:552:NH2	A:GLU:546:OE1
0	hbss	A:ARG:552:NH2	A:GLU:581:OE2
0	hbss	A:GLN:554:NE2	A:GLN:554:OE1
0	hbss	A:ASN:565:ND2	A:ASN:565:OD1
0	hbss	A:ARG:579:NH1	A:TRP:576:NE1
0	hbss	A:HIS:577:ND1	A:HIS:577:NE2
0	hbss	A:ARG:579:NE	A:ARG:579:NH1
0	hbss	A:ARG:579:NE	A:ARG:579:NH2
0	hbss	A:ARG:579:NH1	A:ARG:579:NH2
0	hbss	A:GLU:581:OE1	A:LYS:584:NZ
0	hbss	A:HIS:585:ND1	A:HIS:585:NE2
0	hbss	A:GLN:600:NE2	A:GLN:600:OE1
0	hbss	A:GLN:601:NE2	A:GLN:601:OE1
0	hbss	A:ASP:637:OD1	A:TYR:608:OH
0	hbss	A:ASP:637:OD2	A:TYR:608:OH
0	hbss	A:ASN:639:ND2	A:TYR:608:OH
0	hbss	A:GLN:609:NE2	A:GLN:609:OE1
0	hbss	A:ARG:613:NE	A:ARG:613:NH1
0	hbss	A:ARG:613:NE	A:ARG:613:NH2
0	hbss	A:ARG:613:NH1	A:ARG:613:NH2
0	hbss	A:ARG:614:NE	A:ARG:614:NH1
0	hbss	A:ARG:614:NE	A:ARG:614:NH2
0	hbss	A:ARG:614:NH1	A:ARG:614:NH2
0	hbss	A:ARG:614:NH1	A:GLN:646:NE2
0	hbss	A:GLN:619:NE2	A:GLN:619:OE1
0	hbss	A:GLN:629:NE2	A:GLN:629:OE1
0	hbss	A:ASN:634:ND2	A:ASN:634:OD1
0	hbss	A:ASN:639:ND2	A:ASN:639:OD1
0	hbss	A:ARG:641:NE	A:ARG:641:NH1
0	hbss	A:ARG:641:NE	A:ARG:641:NH2
0	hbss	A:ARG:641:NE	A:GLU:670:OE1
0	hbss	A:ARG:641:NE	A:GLU:670:OE2
0	hbss	A:ARG:641:NH1	A:ARG:641:NH2
0	hbss	A:ARG:641:NH1	A:GLU:670:OE1
0	hbss	A:ASP:618:OD1	A:GLN:646:NE2
0	hbss	A:GLN:646:NE2	A:GLN:646:OE1
0	hbss	A:HIS:658:ND1	A:HIS:658:NE2
0	hbss	A:GLN:662:NE2	A:GLN:662:OE1
0	hbss	A:GLN:665:NE2	A:GLN:665:OE1
0	hbss	A:GLN:665:NE2	A:GLU:702:OE2
0	hbss	A:GLN:665:OE1	A:LYS:668:NZ
0	hbss	A:GLU:702:OE2	A:LYS:668:NZ
0	hbss	A:HIS:673:ND1	A:HIS:673:NE2
0	hbss	A:ARG:679:NE	A:ASP:674:OD1
0	hbss	A:ARG:679:NE	A:ARG:679:NH1
0	hbss	A:ARG:679:NE	A:ARG:679:NH2
0	hbss	A:ARG:679:NH1	A:ARG:679:NH2
0	hbss	A:ARG:679:NH2	A:ASP:674:OD2
0	hbss	A:ARG:684:NE	A:ASP:653:OD1
0	hbss	A:ARG:684:NE	A:ARG:684:NH1
0	hbss	A:ARG:684:NE	A:ARG:684:NH2
0	hbss	A:ARG:684:NH1	A:ARG:684:NH2
0	hbss	A:ARG:684:NH2	A:ASP:653:OD1
0	hbss	A:ARG:687:NE	A:GLU:187:OE1
0	hbss	A:ARG:687:NE	A:ARG:687:NH1
0	hbss	A:ARG:687:NE	A:ARG:687:NH2
0	hbss	A:ARG:687:NH1	A:ARG:687:NH2
0	hbss	A:ARG:687:NH2	A:GLU:187:OE1
0	hbss	A:ASN:688:ND2	A:ASN:688:OD1
0	hbss	A:ASP:316:OD1	A:LYS:689:NZ
0	hbss	A:ARG:690:NE	A:ARG:690:NH1
0	hbss	A:ARG:690:NE	A:ARG:690:NH2
0	hbss	A:ARG:690:NH1	A:ARG:690:NH2
0	hbss	A:HIS:693:ND1	A:HIS:693:NE2
0	hbss	A:GLN:735:OE1	A:TRP:697:NE1
0	hbss	A:ARG:700:NE	A:ARG:700:NH1
0	hbss	A:ARG:700:NE	A:ARG:700:NH2
0	hbss	A:ARG:700:NH1	A:ARG:700:NH2
0	hbss	A:GLN:705:NE2	A:GLN:705:OE1
0	hbss	A:GLN:705:NE2	A:SER:871:OG
0	hbss	A:ARG:707:NE	A:ARG:707:NH1
0	hbss	A:ARG:707:NE	A:ARG:707:NH2
0	hbss	A:ARG:707:NH1	A:ARG:707:NH2
0	hbss	A:HIS:708:ND1	A:HIS:708:NE2
0	hbss	A:GLN:710:NE2	A:GLN:710:OE1
0	hbss	A:GLN:711:NE2	A:GLN:711:OE1
0	hbss	A:ARG:712:NE	A:HIS:673:ND1
0	hbss	A:ARG:712:NE	A:ARG:712:NH1
0	hbss	A:ARG:712:NE	A:ARG:712:NH2
0	hbss	A:ARG:712:NH1	A:ARG:712:NH2
0	hbss	A:ARG:722:NE	A:GLU:718:OE2
0	hbss	A:ARG:722:NE	A:ARG:722:NH1
0	hbss	A:ARG:722:NE	A:ARG:722:NH2
0	hbss	A:ARG:722:NH1	A:GLU:321:OE1
0	hbss	A:ARG:722:NH1	A:ARG:722:NH2
0	hbss	A:ARG:722:NH2	A:GLN:151:OE1
0	hbss	A:HIS:730:ND1	A:HIS:730:NE2
0	hbss	A:GLN:734:NE2	A:GLN:734:OE1
0	hbss	A:GLN:735:NE2	A:GLN:735:OE1
0	hbss	A:GLN:737:NE2	A:GLN:737:OE1
0	hbss	A:GLN:743:NE2	A:GLN:743:OE1
0	hbss	A:GLN:743:NE2	A:THR:872:OG1
0	hbss	A:LYS:809:NZ	A:SER:753:OG
0	hbss	A:GLN:762:NE2	A:GLN:762:OE1
0	hbss	A:GLN:766:NE2	A:GLN:766:OE1
0	hbss	A:GLN:769:NE2	A:GLN:769:OE1
0	hbss	A:ASP:748:OD2	A:LYS:770:NZ
0	hbss	A:ASN:773:ND2	A:ASN:773:OD1
0	hbss	A:GLN:775:NE2	A:GLN:775:OE1
0	hbss	A:ASN:776:ND2	A:ASN:776:OD1
0	hbss	A:GLN:778:NE2	A:GLN:778:OE1
0	hbss	A:ARG:784:NE	A:ASP:731:OD2
0	hbss	A:ARG:784:NE	A:ARG:784:NH1
0	hbss	A:ARG:784:NE	A:ARG:784:NH2
0	hbss	A:ARG:784:NH1	A:ARG:784:NH2
0	hbss	A:ARG:784:NH2	A:ASP:278:OD2
0	hbss	A:HIS:967:NE2	A:LYS:807:NZ
0	hbss	A:ASP:836:OD1	A:LYS:808:NZ
0	hbss	A:GLU:814:OE2	A:TRP:812:NE1
0	hbss	A:ASP:819:OD1	A:ASP:819:OD2
0	hbss	A:ASP:819:OD1	A:THR:821:OG1
0	hbss	A:ASP:819:OD2	A:THR:821:OG1
0	hbss	A:ASN:825:ND2	A:ASN:825:OD1
0	hbss	A:LYS:883:NZ	A:THR:827:OG1
0	hbss	A:ASP:836:OD2	A:LYS:833:NZ
0	hbss	A:ASP:964:OD1	A:LYS:833:NZ
0	hbss	A:HIS:834:ND1	A:HIS:834:NE2
0	hbss	A:ARG:839:NE	A:GLN:705:OE1
0	hbss	A:ARG:839:NE	A:ARG:839:NH1
0	hbss	A:ARG:839:NE	A:ARG:839:NH2
0	hbss	A:ARG:839:NH1	A:GLU:702:OE1
0	hbss	A:ARG:839:NH1	A:ARG:839:NH2
0	hbss	A:ASP:837:OD2	A:GLN:840:NE2
0	hbss	A:GLN:840:NE2	A:GLN:840:OE1
0	hbss	A:GLN:846:NE2	A:GLN:846:OE1
0	hbss	A:ARG:849:NH1	A:GLN:846:NE2
0	hbss	A:ARG:849:NE	A:ARG:849:NH1
0	hbss	A:ARG:849:NE	A:ARG:849:NH2
0	hbss	A:ARG:849:NH1	A:GLN:846:OE1
0	hbss	A:ARG:849:NH1	A:ARG:849:NH2
0	hbss	A:GLU:858:OE1	A:THR:857:OG1
0	hbss	A:LYS:890:NZ	A:THR:887:OG1
0	hbss	A:GLN:892:NE2	A:GLN:892:OE1
0	hbss	A:ASP:990:OD2	A:GLN:892:NE2
0	hbss	A:GLN:893:NE2	A:GLN:893:OE1
0	hbss	A:ASN:898:ND2	A:ASN:898:OD1
0	hbss	A:ASN:908:ND2	A:ASN:908:OD1
0	hbss	A:HIS:909:ND1	A:HIS:909:NE2
0	hbss	A:GLU:913:OE1	A:LYS:914:NZ
0	hbss	A:GLU:956:OE2	A:LYS:914:NZ
0	hbss	A:GLN:922:NE2	A:GLN:922:OE1
0	hbss	A:ARG:927:NE	A:ARG:927:NH1
0	hbss	A:ARG:927:NE	A:ARG:927:NH2
0	hbss	A:ARG:927:NH1	A:ARG:927:NH2
0	hbss	A:ARG:947:NE	A:ARG:947:NH1
0	hbss	A:ARG:947:NE	A:ARG:947:NH2
0	hbss	A:ARG:947:NH1	A:ARG:947:NH2
0	hbss	A:ARG:947:NH1	A:ASN:951:OD1
0	hbss	A:HIS:948:ND1	A:HIS:948:NE2
0	hbss	A:ASN:949:ND2	A:ASN:949:OD1
0	hbss	A:ASN:951:ND2	A:ASN:951:OD1
0	hbss	A:ASN:959:ND2	A:ASN:959:OD1
0	hbss	A:HIS:962:ND1	A:HIS:962:NE2
0	hbss	A:HIS:967:ND1	A:HIS:967:NE2
0	hbss	A:ARG:982:NE	A:ARG:982:NH1
0	hbss	A:ARG:982:NE	A:ARG:982:NH2
0	hbss	A:ARG:982:NH1	A:ARG:982:NH2
0	hbss	A:ASP:990:OD1	A:THR:988:OG1
0	hbss	A:HIS:1005:ND1	A:HIS:1005:NE2
0	hbss	A:GLN:1007:NE2	A:GLN:1007:OE1
0	hbss	A:GLU:926:OE2	A:LYS:1008:NZ
0	hbss	A:GLN:1010:NE2	A:GLN:1010:OE1
0	hbss	A:ASP:1011:OD1	A:ASP:1011:OD2
0	hbss	A:ASP:1011:OD1	A:LYS:1015:NZ
0	hbss	A:ARG:1021:NE	A:ARG:1021:NH1
0	hbss	A:ARG:1021:NE	A:ARG:1021:NH2
0	hbss	A:ARG:1021:NH1	A:ARG:1021:NH2
0	hbss	A:HIS:1022:ND1	A:HIS:1022:NE2
0	hbss	A:GLU:1061:OE1	A:HIS:1022:NE2
0	hbss	A:HIS:1023:ND1	A:HIS:1023:NE2
0	hbss	A:ASN:1025:ND2	A:ASN:1025:OD1
0	hbss	A:GLN:665:OE1	A:THR:1037:OG1
0	hbss	A:GLN:1041:NE2	A:GLN:1041:OE1
0	hbss	A:GLU:1046:OE1	A:THR:1043:OG1
0	hbss	A:ASP:1047:OD2	A:THR:1043:OG1
0	hbss	A:ARG:1052:NE	A:ARG:1052:NH1
0	hbss	A:ARG:1052:NE	A:ARG:1052:NH2
0	hbss	A:ARG:1052:NH1	A:ARG:1052:NH2
0	hbss	A:ASN:1060:ND2	A:ASN:1060:OD1
0	hbss	A:ASN:1060:ND2	A:ASP:1063:OD2
0	hbss	A:GLN:1071:NE2	A:GLN:1071:OE1
0	hbss	A:ARG:1076:NE	A:GLU:1073:OE2
0	hbss	A:ARG:1076:NE	A:ARG:1076:NH1
0	hbss	A:ARG:1076:NE	A:ARG:1076:NH2
0	hbss	A:ARG:1076:NH1	A:ARG:1076:NH2
0	hbss	A:ASP:904:OD1	A:TRP:1080:NE1
0	hbss	A:GLN:1083:NE2	A:HIS:948:ND1
0	hbss	A:GLN:1083:NE2	A:GLN:1083:OE1
0	hbss	A:ASN:1085:ND2	A:ASN:1085:OD1
0	hbss	A:HIS:1089:ND1	A:HIS:1089:NE2
0	hbsb	A:SER:147:O	A:SER:147:OG
0	hbsb	A:GLN:148:NE2	A:GLU:145:O
0	hbsb	A:ALA:149:N	A:ARG:152:NH2
0	hbsb	A:GLN:151:NE2	A:GLN:151:O
0	hbsb	A:THR:155:N	A:THR:155:OG1
0	hbsb	A:GLN:151:O	A:THR:155:OG1
0	hbsb	A:ASP:161:OD1	A:VAL:162:N
0	hbsb	A:ASP:161:OD1	A:THR:163:N
0	hbsb	A:THR:163:N	A:THR:163:OG1
0	hbsb	A:THR:163:O	A:THR:163:OG1
0	hbsb	A:ASP:164:N	A:THR:163:OG1
0	hbsb	A:ASP:161:OD1	A:ASP:164:N
0	hbsb	A:ASP:164:OD2	A:VAL:165:N
0	hbsb	A:ASP:164:OD2	A:SER:166:N
0	hbsb	A:SER:166:N	A:SER:166:OG
0	hbsb	A:ASN:167:N	A:SER:166:OG
0	hbsb	A:ASN:167:ND2	A:THR:506:O
0	hbsb	A:HIS:169:N	A:HIS:169:ND1
0	hbsb	A:ASP:170:N	A:ASP:170:OD1
0	hbsb	A:ASP:170:OD1	A:ASP:171:N
0	hbsb	A:ASP:171:N	A:ASP:171:OD1
0	hbsb	A:ASP:170:OD1	A:GLU:172:N
0	hbsb	A:ASP:171:OD1	A:GLU:172:N
0	hbsb	A:THR:176:N	A:THR:176:OG1
0	hbsb	A:GLU:172:O	A:THR:176:OG1
0	hbsb	A:ARG:178:NH1	A:GLU:174:O
0	hbsb	A:THR:182:N	A:THR:182:OG1
0	hbsb	A:SER:190:N	A:SER:190:OG
0	hbsb	A:ALA:186:O	A:SER:190:OG
0	hbsb	A:GLU:187:O	A:SER:190:OG
0	hbsb	A:SER:190:O	A:SER:190:OG
0	hbsb	A:ARG:191:NH1	A:LEU:686:O
0	hbsb	A:ARG:191:NH1	A:GLY:723:O
0	hbsb	A:ARG:191:NH2	A:GLY:723:O
0	hbsb	A:ASP:192:OD1	A:LYS:194:N
0	hbsb	A:ASP:192:OD1	A:LEU:195:N
0	hbsb	A:CYS:724:O	A:TYR:196:OH
0	hbsb	A:HIS:199:N	A:HIS:199:ND1
0	hbsb	A:HIS:199:NE2	A:MET:198:O
0	hbsb	A:ASP:278:O	A:HIS:199:NE2
0	hbsb	A:SER:204:N	A:THR:203:OG1
0	hbsb	A:LYS:205:N	A:THR:203:OG1
0	hbsb	A:SER:204:N	A:SER:204:OG
0	hbsb	A:GLU:652:OE1	A:SER:204:N
0	hbsb	A:GLU:209:N	A:SER:859:OG
0	hbsb	A:LEU:297:O	A:LYS:214:NZ
0	hbsb	A:ASN:217:N	A:ASN:217:OD1
0	hbsb	A:ASN:217:ND2	A:CYS:219:O
0	hbsb	A:ASN:217:OD1	A:ASN:218:N
0	hbsb	A:ASN:218:ND2	A:ASN:218:O
0	hbsb	A:ASN:217:OD1	A:CYS:219:N
0	hbsb	A:HIS:225:N	A:HIS:225:ND1
0	hbsb	A:SER:227:N	A:SER:227:OG
0	hbsb	A:SER:227:O	A:SER:227:OG
0	hbsb	A:THR:228:N	A:THR:228:OG1
0	hbsb	A:SER:227:O	A:THR:228:OG1
0	hbsb	A:THR:228:O	A:THR:228:OG1
0	hbsb	A:THR:229:N	A:THR:229:OG1
0	hbsb	A:SER:230:N	A:SER:230:OG
0	hbsb	A:SER:230:O	A:SER:230:OG
0	hbsb	A:GLN:231:NE2	A:SER:230:O
0	hbsb	A:THR:232:N	A:THR:232:OG1
0	hbsb	A:ASP:239:OD2	A:SER:236:N
0	hbsb	A:SER:236:O	A:SER:236:OG
0	hbsb	A:PRO:237:N	A:SER:236:OG
0	hbsb	A:ASP:239:N	A:ASP:239:OD1
0	hbsb	A:THR:240:N	A:THR:240:OG1
0	hbsb	A:GLN:246:NE2	A:GLY:242:O
0	hbsb	A:SER:247:N	A:SER:247:OG
0	hbsb	A:ILE:244:O	A:SER:247:OG
0	hbsb	A:SER:247:O	A:SER:247:OG
0	hbsb	A:PHE:248:N	A:SER:247:OG
0	hbsb	A:THR:250:N	A:THR:250:OG1
0	hbsb	A:GLN:246:O	A:THR:250:OG1
0	hbsb	A:SER:247:O	A:THR:250:OG1
0	hbsb	A:LYS:254:NZ	A:THR:250:O
0	hbsb	A:GLN:268:N	A:GLN:268:NE2
0	hbsb	A:GLN:268:NE2	A:GLN:268:O
0	hbsb	A:ARG:273:NH1	A:ARG:277:O
0	hbsb	A:GLY:276:N	A:THR:821:OG1
0	hbsb	A:ASP:278:N	A:ASP:278:OD1
0	hbsb	A:THR:285:N	A:THR:285:OG1
0	hbsb	A:ASN:289:N	A:ASN:289:OD1
0	hbsb	A:ASN:289:ND2	A:THR:203:O
0	hbsb	A:ARG:294:NE	A:LYS:288:O
0	hbsb	A:ARG:294:NH1	A:LYS:205:O
0	hbsb	A:ARG:294:NH1	A:PRO:206:O
0	hbsb	A:ARG:294:NH2	A:LYS:205:O
0	hbsb	A:ASN:299:N	A:ASN:299:OD1
0	hbsb	A:ASN:299:ND2	A:HIS:295:O
0	hbsb	A:HIS:304:N	A:HIS:304:ND1
0	hbsb	A:ASP:308:N	A:ASP:308:OD1
0	hbsb	A:THR:309:N	A:THR:309:OG1
0	hbsb	A:ASP:316:N	A:ASP:316:OD1
0	hbsb	A:ARG:375:O	A:ASN:376:ND2
0	hbsb	A:ASN:376:OD1	A:THR:377:N
0	hbsb	A:THR:377:N	A:THR:377:OG1
0	hbsb	A:ASP:378:N	A:ASP:378:OD1
0	hbsb	A:THR:399:OG1	A:VAL:383:N
0	hbsb	A:ASN:386:N	A:ASN:386:OD1
0	hbsb	A:GLY:390:N	A:SER:636:OG
0	hbsb	A:GLN:392:NE2	A:VAL:596:O
0	hbsb	A:ARG:397:NE	A:GLN:396:O
0	hbsb	A:ARG:397:NH1	A:GLU:415:O
0	hbsb	A:THR:399:N	A:THR:399:OG1
0	hbsb	A:THR:399:O	A:THR:399:OG1
0	hbsb	A:SER:400:O	A:THR:399:OG1
0	hbsb	A:SER:400:N	A:SER:400:OG
0	hbsb	A:SER:400:O	A:SER:400:OG
0	hbsb	A:THR:405:N	A:THR:405:OG1
0	hbsb	A:THR:405:O	A:THR:405:OG1
0	hbsb	A:GLU:407:O	A:THR:405:OG1
0	hbsb	A:SER:400:O	A:TRP:410:NE1
0	hbsb	A:ASN:411:ND2	A:ASN:411:O
0	hbsb	A:SER:417:N	A:SER:417:OG
0	hbsb	A:ILE:418:N	A:SER:417:OG
0	hbsb	A:GLY:426:N	A:TYR:672:OH
0	hbsb	A:ASP:500:O	A:TYR:463:OH
0	hbsb	A:ASN:465:N	A:ASN:465:OD1
0	hbsb	A:ASN:465:ND2	A:LYS:501:O
0	hbsb	A:ASN:465:ND2	A:LEU:502:O
0	hbsb	A:ASN:465:ND2	A:THR:503:O
0	hbsb	A:ARG:476:NH1	A:LEU:467:N
0	hbsb	A:ASP:470:N	A:ASP:470:OD1
0	hbsb	A:ASP:470:OD1	A:HIS:471:N
0	hbsb	A:HIS:471:N	A:HIS:471:ND1
0	hbsb	A:ARG:472:N	A:ASP:470:OD1
0	hbsb	A:ASP:470:OD1	A:PHE:473:N
0	hbsb	A:ASP:470:OD1	A:LEU:474:N
0	hbsb	A:ARG:476:NE	A:LEU:467:O
0	hbsb	A:ARG:476:NH1	A:LEU:467:O
0	hbsb	A:ARG:477:O	A:TYR:480:OH
0	hbsb	A:ALA:505:O	A:TRP:485:NE1
0	hbsb	A:GLY:489:N	A:SER:488:OG
0	hbsb	A:PHE:497:N	A:SER:1044:OG
0	hbsb	A:ASN:498:ND2	A:PRO:1040:O
0	hbsb	A:ALA:499:N	A:ASN:498:OD1
0	hbsb	A:ASN:498:OD1	A:ASP:500:N
0	hbsb	A:ASP:500:N	A:ASP:500:OD1
0	hbsb	A:THR:503:N	A:TYR:709:OH
0	hbsb	A:SER:504:N	A:THR:503:OG1
0	hbsb	A:ALA:505:N	A:THR:503:OG1
0	hbsb	A:HIS:708:O	A:THR:503:OG1
0	hbsb	A:SER:504:N	A:SER:504:OG
0	hbsb	A:THR:506:N	A:THR:506:OG1
0	hbsb	A:THR:506:O	A:THR:506:OG1
0	hbsb	A:ASN:507:ND2	A:MET:484:O
0	hbsb	A:ASN:507:OD1	A:ASP:509:N
0	hbsb	A:ASP:509:OD1	A:LYS:510:N
0	hbsb	A:ASP:509:OD1	A:GLU:511:N
0	hbsb	A:ASN:512:N	A:ASP:509:OD1
0	hbsb	A:ASN:512:N	A:ASN:512:OD1
0	hbsb	A:SER:513:N	A:SER:513:OG
0	hbsb	A:ASP:509:O	A:SER:513:OG
0	hbsb	A:SER:513:O	A:SER:513:OG
0	hbsb	A:MET:514:O	A:SER:513:OG
0	hbsb	A:SER:515:N	A:SER:515:OG
0	hbsb	A:SER:515:O	A:SER:515:OG
0	hbsb	A:ILE:516:N	A:SER:515:OG
0	hbsb	A:SER:517:N	A:SER:517:OG
0	hbsb	A:ASN:522:N	A:ASN:522:OD1
0	hbsb	A:GLU:546:OE1	A:MET:547:N
0	hbsb	A:ARG:552:NH1	A:MET:547:O
0	hbsb	A:THR:561:N	A:THR:561:OG1
0	hbsb	A:ALA:557:O	A:THR:561:OG1
0	hbsb	A:ILE:558:O	A:THR:561:OG1
0	hbsb	A:ASP:562:N	A:ASP:562:OD2
0	hbsb	A:ASP:562:OD1	A:LEU:564:N
0	hbsb	A:ASN:565:N	A:ASP:562:OD1
0	hbsb	A:ARG:1052:NH2	A:ASN:565:N
0	hbsb	A:ASN:565:ND2	A:ASN:565:O
0	hbsb	A:ASN:565:ND2	A:PRO:566:N
0	hbsb	A:ASN:565:ND2	A:PRO:566:O
0	hbsb	A:THR:568:N	A:THR:568:OG1
0	hbsb	A:ASP:571:OD2	A:THR:568:N
0	hbsb	A:ASP:571:N	A:ASP:571:OD1
0	hbsb	A:ARG:579:NH1	A:TRP:576:O
0	hbsb	A:SER:582:N	A:SER:582:OG
0	hbsb	A:LEU:575:O	A:SER:582:OG
0	hbsb	A:PHE:578:O	A:SER:582:OG
0	hbsb	A:LEU:583:O	A:TYR:589:OH
0	hbsb	A:ILE:558:O	A:LYS:591:NZ
0	hbsb	A:ASP:562:O	A:LYS:591:NZ
0	hbsb	A:ASN:565:O	A:LYS:591:NZ
0	hbsb	A:SER:594:N	A:SER:594:OG
0	hbsb	A:PRO:590:O	A:SER:594:OG
0	hbsb	A:LYS:591:O	A:SER:594:OG
0	hbsb	A:SER:594:O	A:SER:594:OG
0	hbsb	A:SER:595:N	A:SER:595:OG
0	hbsb	A:LYS:591:O	A:SER:595:OG
0	hbsb	A:PHE:593:O	A:TRP:598:NE1
0	hbsb	A:ASP:422:OD1	A:GLN:601:N
0	hbsb	A:THR:607:N	A:THR:607:OG1
0	hbsb	A:ILE:603:O	A:THR:607:OG1
0	hbsb	A:THR:607:OG1	A:VAL:604:O
0	hbsb	A:ALA:605:O	A:GLN:609:NE2
0	hbsb	A:ARG:614:NE	A:LEU:611:O
0	hbsb	A:ILE:643:O	A:TRP:617:NE1
0	hbsb	A:ASP:618:N	A:ASP:618:OD1
0	hbsb	A:GLN:619:NE2	A:GLU:615:O
0	hbsb	A:SER:620:N	A:SER:620:OG
0	hbsb	A:SER:620:OG	A:TRP:617:O
0	hbsb	A:SER:620:O	A:SER:620:OG
0	hbsb	A:ALA:621:O	A:SER:620:OG
0	hbsb	A:ASP:623:OD1	A:VAL:624:N
0	hbsb	A:ASP:623:OD1	A:GLY:625:N
0	hbsb	A:ASP:623:OD1	A:LEU:626:N
0	hbsb	A:THR:627:N	A:THR:627:OG1
0	hbsb	A:ASP:623:O	A:THR:627:OG1
0	hbsb	A:ASP:632:N	A:ASP:632:OD1
0	hbsb	A:ASP:632:OD1	A:CYS:633:N
0	hbsb	A:ASN:634:N	A:ASP:632:OD1
0	hbsb	A:ASN:634:N	A:ASN:634:ND2
0	hbsb	A:SER:636:N	A:SER:636:OG
0	hbsb	A:ASN:639:N	A:ASP:637:OD2
0	hbsb	A:ASN:639:N	A:ASN:639:OD1
0	hbsb	A:ASP:637:OD2	A:VAL:640:N
0	hbsb	A:ARG:641:NH1	A:LEU:631:O
0	hbsb	A:ARG:641:NH2	A:LEU:631:O
0	hbsb	A:ARG:641:NH2	A:ASP:632:O
0	hbsb	A:ARG:641:NH2	A:PHE:635:O
0	hbsb	A:LYS:647:NZ	A:TRP:617:O
0	hbsb	A:ASP:618:O	A:LYS:647:NZ
0	hbsb	A:LYS:647:NZ	A:SER:620:O
0	hbsb	A:SER:650:N	A:SER:650:OG
0	hbsb	A:LYS:647:O	A:SER:650:OG
0	hbsb	A:SER:650:O	A:SER:650:OG
0	hbsb	A:ARG:684:NH2	A:ASP:653:N
0	hbsb	A:ASP:655:N	A:ASP:655:OD1
0	hbsb	A:GLN:662:NE2	A:LEU:1030:O
0	hbsb	A:LYS:668:NZ	A:THR:1037:O
0	hbsb	A:ILE:469:O	A:TYR:672:OH
0	hbsb	A:GLU:172:OE2	A:HIS:673:N
0	hbsb	A:HIS:673:N	A:HIS:673:ND1
0	hbsb	A:ASP:674:OD1	A:SER:675:N
0	hbsb	A:SER:675:N	A:SER:675:OG
0	hbsb	A:SER:675:O	A:SER:675:OG
0	hbsb	A:ALA:678:N	A:SER:675:OG
0	hbsb	A:ARG:679:NH2	A:GLY:179:O
0	hbsb	A:ARG:684:NH1	A:LEU:651:O
0	hbsb	A:ARG:684:NH2	A:LEU:651:O
0	hbsb	A:ASN:688:OD1	A:LYS:689:N
0	hbsb	A:ARG:690:N	A:ASN:688:OD1
0	hbsb	A:ASN:688:OD1	A:ILE:691:N
0	hbsb	A:HIS:693:NE2	A:PRO:786:O
0	hbsb	A:ARG:700:NE	A:LEU:157:O
0	hbsb	A:ALA:156:O	A:ARG:700:NH2
0	hbsb	A:ARG:700:NH2	A:LEU:157:O
0	hbsb	A:SER:701:O	A:SER:701:OG
0	hbsb	A:GLU:702:N	A:SER:701:OG
0	hbsb	A:GLN:705:NE2	A:SER:701:O
0	hbsb	A:GLN:705:NE2	A:GLY:873:O
0	hbsb	A:SER:706:N	A:SER:706:OG
0	hbsb	A:SER:706:O	A:SER:706:OG
0	hbsb	A:SER:706:OG	A:TYR:709:N
0	hbsb	A:HIS:708:N	A:HIS:708:ND1
0	hbsb	A:ALA:499:O	A:TYR:709:OH
0	hbsb	A:LYS:668:O	A:TYR:709:OH
0	hbsb	A:GLN:710:NE2	A:ILE:703:O
0	hbsb	A:ASN:167:O	A:GLN:711:NE2
0	hbsb	A:ARG:712:NH1	A:VAL:667:O
0	hbsb	A:ARG:712:NH1	A:GLU:670:O
0	hbsb	A:ARG:712:NH1	A:TYR:672:O
0	hbsb	A:ARG:712:NH2	A:GLU:670:O
0	hbsb	A:THR:726:N	A:THR:726:OG1
0	hbsb	A:LEU:315:O	A:THR:726:OG1
0	hbsb	A:GLU:317:O	A:THR:726:OG1
0	hbsb	A:ALA:727:N	A:THR:726:OG1
0	hbsb	A:ASP:731:N	A:ASP:731:OD1
0	hbsb	A:THR:733:N	A:THR:733:OG1
0	hbsb	A:LEU:729:O	A:THR:733:OG1
0	hbsb	A:ASP:731:O	A:GLN:735:NE2
0	hbsb	A:THR:746:N	A:THR:746:OG1
0	hbsb	A:LEU:742:O	A:THR:746:OG1
0	hbsb	A:ASP:748:N	A:ASP:748:OD1
0	hbsb	A:HIS:834:O	A:LYS:750:NZ
0	hbsb	A:SER:751:N	A:SER:751:OG
0	hbsb	A:LEU:747:O	A:SER:751:OG
0	hbsb	A:ASP:748:O	A:SER:751:OG
0	hbsb	A:SER:753:N	A:SER:753:OG
0	hbsb	A:SER:753:O	A:SER:753:OG
0	hbsb	A:LYS:756:N	A:LYS:756:NZ
0	hbsb	A:ASP:758:N	A:ASP:758:OD1
0	hbsb	A:SER:760:N	A:SER:760:OG
0	hbsb	A:SER:760:O	A:SER:760:OG
0	hbsb	A:SER:761:N	A:SER:761:OG
0	hbsb	A:GLN:762:N	A:SER:761:OG
0	hbsb	A:SER:765:O	A:SER:765:OG
0	hbsb	A:GLN:766:N	A:SER:765:OG
0	hbsb	A:GLN:762:O	A:GLN:766:NE2
0	hbsb	A:GLN:778:OE1	A:SER:777:N
0	hbsb	A:SER:777:O	A:SER:777:OG
0	hbsb	A:GLN:778:N	A:GLN:778:OE1
0	hbsb	A:SER:782:N	A:SER:782:OG
0	hbsb	A:SER:782:O	A:SER:782:OG
0	hbsb	A:PHE:783:N	A:SER:782:OG
0	hbsb	A:ARG:784:NH1	A:PRO:789:O
0	hbsb	A:GLY:829:O	A:TYR:787:OH
0	hbsb	A:GLN:775:OE1	A:LEU:796:N
0	hbsb	A:GLU:799:OE2	A:ILE:798:N
0	hbsb	A:GLU:799:N	A:GLU:799:OE2
0	hbsb	A:SER:806:N	A:SER:806:OG
0	hbsb	A:GLU:755:O	A:LYS:809:NZ
0	hbsb	A:ASP:819:OD1	A:PRO:820:N
0	hbsb	A:ASP:819:OD1	A:THR:821:N
0	hbsb	A:THR:821:N	A:THR:821:OG1
0	hbsb	A:THR:821:O	A:THR:821:OG1
0	hbsb	A:ALA:822:N	A:THR:821:OG1
0	hbsb	A:SER:824:N	A:SER:824:OG
0	hbsb	A:LEU:823:O	A:SER:824:OG
0	hbsb	A:THR:827:N	A:THR:827:OG1
0	hbsb	A:THR:827:O	A:THR:827:OG1
0	hbsb	A:ILE:828:N	A:THR:827:OG1
0	hbsb	A:ASP:836:N	A:ASP:836:OD1
0	hbsb	A:ASP:837:OD1	A:LEU:838:N
0	hbsb	A:ARG:839:N	A:ASP:837:OD1
0	hbsb	A:ASP:841:N	A:ASP:841:OD1
0	hbsb	A:GLN:846:NE2	A:HIS:658:O
0	hbsb	A:GLN:846:NE2	A:GLN:846:O
0	hbsb	A:ARG:849:NH2	A:PRO:866:O
0	hbsb	A:SER:853:N	A:SER:853:OG
0	hbsb	A:ILE:850:O	A:SER:853:OG
0	hbsb	A:SER:853:O	A:SER:853:OG
0	hbsb	A:ILE:854:N	A:SER:853:OG
0	hbsb	A:ALA:1016:O	A:TRP:855:NE1
0	hbsb	A:THR:857:N	A:THR:857:OG1
0	hbsb	A:ILE:854:O	A:THR:857:OG1
0	hbsb	A:THR:857:O	A:THR:857:OG1
0	hbsb	A:GLU:858:N	A:THR:857:OG1
0	hbsb	A:SER:859:N	A:SER:859:OG
0	hbsb	A:ASP:861:OD1	A:LEU:862:N
0	hbsb	A:ASP:861:OD1	A:CYS:863:N
0	hbsb	A:GLU:852:OE2	A:LEU:864:N
0	hbsb	A:LEU:865:N	A:TYR:935:OH
0	hbsb	A:ASP:964:N	A:TYR:867:OH
0	hbsb	A:GLU:880:OE2	A:GLY:868:N
0	hbsb	A:SER:871:OG	A:THR:872:N
0	hbsb	A:ILE:876:O	A:SER:871:OG
0	hbsb	A:THR:872:N	A:THR:872:OG1
0	hbsb	A:GLY:873:N	A:THR:872:OG1
0	hbsb	A:ASP:874:OD1	A:LYS:875:N
0	hbsb	A:LYS:883:NZ	A:THR:827:O
0	hbsb	A:ASP:884:N	A:ASP:884:OD2
0	hbsb	A:THR:886:N	A:THR:886:OG1
0	hbsb	A:THR:886:O	A:THR:886:OG1
0	hbsb	A:THR:886:OG1	A:THR:887:N
0	hbsb	A:THR:886:OG1	A:THR:887:O
0	hbsb	A:THR:887:N	A:THR:887:OG1
0	hbsb	A:SER:894:N	A:SER:894:OG
0	hbsb	A:ILE:891:O	A:SER:894:OG
0	hbsb	A:SER:894:OG	A:THR:895:N
0	hbsb	A:THR:895:N	A:THR:895:OG1
0	hbsb	A:THR:895:OG1	A:VAL:896:N
0	hbsb	A:ASN:898:N	A:ASN:898:ND2
0	hbsb	A:THR:899:O	A:THR:899:OG1
0	hbsb	A:ASP:904:N	A:ASP:904:OD1
0	hbsb	A:LYS:912:NZ	A:LYS:912:O
0	hbsb	A:LYS:912:NZ	A:SER:915:O
0	hbsb	A:SER:915:N	A:SER:915:OG
0	hbsb	A:LYS:914:O	A:SER:915:OG
0	hbsb	A:PHE:921:N	A:SER:915:OG
0	hbsb	A:THR:917:N	A:THR:917:OG1
0	hbsb	A:THR:917:O	A:THR:917:OG1
0	hbsb	A:GLU:918:N	A:THR:917:OG1
0	hbsb	A:GLU:919:N	A:THR:917:OG1
0	hbsb	A:LYS:920:N	A:THR:917:OG1
0	hbsb	A:SER:931:N	A:SER:931:OG
0	hbsb	A:ARG:927:O	A:SER:931:OG
0	hbsb	A:PHE:928:O	A:SER:931:OG
0	hbsb	A:CYS:932:N	A:SER:931:OG
0	hbsb	A:GLY:958:O	A:SER:931:OG
0	hbsb	A:LEU:960:N	A:SER:931:OG
0	hbsb	A:LEU:865:O	A:TYR:935:OH
0	hbsb	A:ILE:944:O	A:THR:939:OG1
0	hbsb	A:ARG:947:NH2	A:ILE:963:O
0	hbsb	A:ARG:947:NH2	A:ASP:964:O
0	hbsb	A:ASN:949:N	A:HIS:948:ND1
0	hbsb	A:ASN:949:N	A:GLN:1083:NE2
0	hbsb	A:ASN:949:N	A:GLN:1083:OE1
0	hbsb	A:ASN:951:N	A:ASN:951:ND2
0	hbsb	A:THR:955:N	A:THR:955:OG1
0	hbsb	A:THR:955:O	A:THR:955:OG1
0	hbsb	A:THR:955:OG1	A:THR:957:N
0	hbsb	A:GLY:958:N	A:THR:955:OG1
0	hbsb	A:ASN:959:N	A:THR:955:OG1
0	hbsb	A:THR:957:O	A:THR:957:OG1
0	hbsb	A:ASN:959:ND2	A:CYS:863:O
0	hbsb	A:ASN:959:OD1	A:LEU:960:N
0	hbsb	A:ASP:841:OD2	A:PHE:965:N
0	hbsb	A:ASP:841:OD1	A:GLY:966:N
0	hbsb	A:ASP:841:OD2	A:GLY:966:N
0	hbsb	A:ARG:982:NH1	A:GLU:981:N
0	hbsb	A:ARG:982:NH2	A:GLU:981:N
0	hbsb	A:ARG:982:N	A:ARG:982:NE
0	hbsb	A:ASP:946:OD2	A:VAL:983:N
0	hbsb	A:THR:988:N	A:THR:988:OG1
0	hbsb	A:ASP:990:N	A:ASP:990:OD1
0	hbsb	A:ASP:990:OD1	A:PHE:991:N
0	hbsb	A:MET:995:O	A:SER:1003:OG
0	hbsb	A:THR:997:N	A:THR:997:OG1
0	hbsb	A:GLY:996:O	A:THR:997:OG1
0	hbsb	A:LYS:1001:O	A:THR:997:OG1
0	hbsb	A:SER:998:N	A:SER:998:OG
0	hbsb	A:SER:998:O	A:SER:998:OG
0	hbsb	A:ARG:1076:NH1	A:LYS:1000:N
0	hbsb	A:ARG:1076:NH2	A:LYS:1001:N
0	hbsb	A:THR:1002:N	A:THR:1002:OG1
0	hbsb	A:SER:1003:N	A:SER:1003:OG
0	hbsb	A:SER:1003:O	A:SER:1003:OG
0	hbsb	A:PRO:1004:N	A:SER:1003:OG
0	hbsb	A:PHE:1006:N	A:SER:1003:OG
0	hbsb	A:GLN:1007:NE2	A:SER:1003:O
0	hbsb	A:ALA:1054:O	A:TYR:1017:OH
0	hbsb	A:ARG:1021:NE	A:LEU:1055:O
0	hbsb	A:ARG:1021:NH2	A:THR:1056:O
0	hbsb	A:ARG:1021:NH2	A:LYS:1059:O
0	hbsb	A:THR:1024:N	A:THR:1024:OG1
0	hbsb	A:ARG:1021:O	A:THR:1024:OG1
0	hbsb	A:ASN:1025:N	A:ASN:1025:OD1
0	hbsb	A:SER:1032:O	A:SER:1032:OG
0	hbsb	A:MET:1033:N	A:SER:1032:OG
0	hbsb	A:THR:1037:N	A:THR:1037:OG1
0	hbsb	A:MET:1033:O	A:THR:1037:OG1
0	hbsb	A:THR:1037:O	A:THR:1037:OG1
0	hbsb	A:GLY:1038:N	A:THR:1037:OG1
0	hbsb	A:THR:1043:N	A:THR:1043:OG1
0	hbsb	A:ASP:1047:OD2	A:THR:1043:N
0	hbsb	A:THR:1043:O	A:THR:1043:OG1
0	hbsb	A:GLU:1046:N	A:THR:1043:OG1
0	hbsb	A:ASP:1047:N	A:THR:1043:OG1
0	hbsb	A:SER:1044:O	A:SER:1044:OG
0	hbsb	A:PHE:940:O	A:TYR:1050:OH
0	hbsb	A:ARG:1052:NH2	A:LEU:564:O
0	hbsb	A:ASN:1060:N	A:ASN:1060:ND2
0	hbsb	A:ASN:1060:OD1	A:ASP:1063:N
0	hbsb	A:ASP:1063:N	A:ASP:1063:OD1
0	hbsb	A:ASP:1053:O	A:TYR:1067:OH
0	hbsb	A:ASP:1070:N	A:ASP:1070:OD1
0	hbsb	A:ARG:1076:NH1	A:LYS:1001:O
0	hbsb	A:ARG:1076:NH2	A:LYS:1001:O
0	hbsb	A:ARG:982:O	A:LYS:1078:NZ
0	hbsb	A:THR:1081:N	A:THR:1081:OG1
0	hbsb	A:LYS:1078:O	A:THR:1081:OG1
0	hbsb	A:ASN:1085:N	A:ASN:1085:OD1
0	hbsb	A:ASN:1085:ND2	A:THR:1081:O
0	hbsb	A:HIS:1089:N	A:HIS:1089:ND1
0	hbbb	A:GLU:145:N	A:GLU:145:O
0	hbbb	A:GLU:145:N	A:GLU:146:N
0	hbbb	A:GLU:145:O	A:GLU:146:N
0	hbbb	A:GLU:146:N	A:GLU:146:O
0	hbbb	A:GLU:146:N	A:SER:147:N
0	hbbb	A:GLU:146:O	A:SER:147:N
0	hbbb	A:GLN:148:N	A:SER:147:N
0	hbbb	A:GLN:148:N	A:GLU:146:O
0	hbbb	A:GLN:148:N	A:SER:147:O
0	hbbb	A:ALA:149:N	A:GLN:148:N
0	hbbb	A:ALA:149:N	A:GLU:146:O
0	hbbb	A:ALA:149:N	A:GLN:148:O
0	hbbb	A:ALA:149:N	A:ALA:149:O
0	hbbb	A:ALA:149:N	A:PHE:150:N
0	hbbb	A:GLU:146:O	A:PHE:150:N
0	hbbb	A:ALA:149:O	A:PHE:150:N
0	hbbb	A:PHE:150:N	A:PHE:150:O
0	hbbb	A:GLN:151:N	A:PHE:150:N
0	hbbb	A:GLN:148:O	A:GLN:151:N
0	hbbb	A:ALA:149:O	A:GLN:151:N
0	hbbb	A:GLN:151:N	A:PHE:150:O
0	hbbb	A:ARG:152:N	A:GLN:151:N
0	hbbb	A:ARG:152:N	A:GLN:148:O
0	hbbb	A:ALA:149:O	A:ARG:152:N
0	hbbb	A:ARG:152:N	A:PHE:150:O
0	hbbb	A:ARG:152:N	A:GLN:151:O
0	hbbb	A:ARG:152:N	A:GLN:153:N
0	hbbb	A:ALA:149:O	A:GLN:153:N
0	hbbb	A:GLN:153:N	A:PHE:150:O
0	hbbb	A:ARG:152:O	A:GLN:153:N
0	hbbb	A:GLN:153:N	A:GLN:153:O
0	hbbb	A:GLN:153:N	A:LEU:154:N
0	hbbb	A:LEU:154:N	A:PHE:150:O
0	hbbb	A:GLN:153:O	A:LEU:154:N
0	hbbb	A:LEU:154:N	A:LEU:154:O
0	hbbb	A:LEU:154:N	A:THR:155:N
0	hbbb	A:GLN:151:O	A:THR:155:N
0	hbbb	A:GLN:153:O	A:THR:155:N
0	hbbb	A:LEU:154:O	A:THR:155:N
0	hbbb	A:ALA:156:N	A:THR:155:N
0	hbbb	A:ALA:156:N	A:ARG:152:O
0	hbbb	A:ALA:156:N	A:GLN:153:O
0	hbbb	A:ALA:156:N	A:LEU:154:O
0	hbbb	A:ALA:156:N	A:THR:155:O
0	hbbb	A:ALA:156:N	A:LEU:157:N
0	hbbb	A:GLN:153:O	A:LEU:157:N
0	hbbb	A:LEU:154:O	A:LEU:157:N
0	hbbb	A:ALA:156:O	A:LEU:157:N
0	hbbb	A:ILE:158:N	A:LEU:157:N
0	hbbb	A:ILE:158:N	A:LEU:154:O
0	hbbb	A:ILE:158:N	A:LEU:157:O
0	hbbb	A:GLY:159:N	A:ILE:158:N
0	hbbb	A:GLY:159:N	A:THR:155:O
0	hbbb	A:GLY:159:N	A:ILE:158:O
0	hbbb	A:GLY:159:N	A:TYR:160:N
0	hbbb	A:THR:155:O	A:TYR:160:N
0	hbbb	A:GLY:159:O	A:TYR:160:N
0	hbbb	A:TYR:160:N	A:TYR:160:O
0	hbbb	A:ASP:161:N	A:TYR:160:O
0	hbbb	A:ASP:161:N	A:ASP:161:O
0	hbbb	A:ASP:161:N	A:VAL:162:N
0	hbbb	A:ASP:161:O	A:VAL:162:N
0	hbbb	A:THR:163:N	A:VAL:162:N
0	hbbb	A:ASP:161:O	A:THR:163:N
0	hbbb	A:THR:163:N	A:VAL:162:O
0	hbbb	A:ASP:164:N	A:THR:163:N
0	hbbb	A:ASP:161:O	A:ASP:164:N
0	hbbb	A:ASP:164:N	A:VAL:162:O
0	hbbb	A:ASP:164:N	A:THR:163:O
0	hbbb	A:ASP:164:N	A:ASP:164:O
0	hbbb	A:ASP:164:O	A:VAL:165:N
0	hbbb	A:SER:166:N	A:VAL:165:N
0	hbbb	A:SER:166:N	A:VAL:165:O
0	hbbb	A:ASN:167:N	A:SER:166:N
0	hbbb	A:ASN:167:N	A:VAL:165:O
0	hbbb	A:ASN:167:N	A:SER:166:O
0	hbbb	A:ASN:167:N	A:ASN:167:O
0	hbbb	A:ASN:167:N	A:VAL:168:N
0	hbbb	A:ASN:167:O	A:VAL:168:N
0	hbbb	A:VAL:168:N	A:VAL:168:O
0	hbbb	A:HIS:169:N	A:VAL:168:O
0	hbbb	A:ASP:170:N	A:HIS:169:N
0	hbbb	A:ASP:170:N	A:HIS:169:O
0	hbbb	A:ASP:170:N	A:ASP:170:O
0	hbbb	A:ASP:170:O	A:ASP:171:N
0	hbbb	A:ASP:171:N	A:GLU:172:N
0	hbbb	A:ASP:171:O	A:GLU:172:N
0	hbbb	A:GLU:172:N	A:GLU:172:O
0	hbbb	A:GLU:172:N	A:LEU:173:N
0	hbbb	A:ASP:171:O	A:LEU:173:N
0	hbbb	A:GLU:172:O	A:LEU:173:N
0	hbbb	A:LEU:173:N	A:LEU:173:O
0	hbbb	A:GLU:174:N	A:LEU:173:N
0	hbbb	A:ASP:171:O	A:GLU:174:N
0	hbbb	A:GLU:174:N	A:LEU:173:O
0	hbbb	A:GLU:174:N	A:GLU:174:O
0	hbbb	A:GLU:174:N	A:PHE:175:N
0	hbbb	A:ASP:171:O	A:PHE:175:N
0	hbbb	A:GLU:174:O	A:PHE:175:N
0	hbbb	A:PHE:175:N	A:THR:176:N
0	hbbb	A:GLU:172:O	A:THR:176:N
0	hbbb	A:LEU:173:O	A:THR:176:N
0	hbbb	A:GLU:174:O	A:THR:176:N
0	hbbb	A:PHE:175:O	A:THR:176:N
0	hbbb	A:ARG:177:N	A:THR:176:N
0	hbbb	A:ARG:177:N	A:LEU:173:O
0	hbbb	A:ARG:177:N	A:GLU:174:O
0	hbbb	A:ARG:177:N	A:THR:176:O
0	hbbb	A:ARG:177:N	A:ARG:177:O
0	hbbb	A:ARG:177:N	A:ARG:178:N
0	hbbb	A:ARG:178:N	A:GLU:174:O
0	hbbb	A:ARG:178:N	A:PHE:175:O
0	hbbb	A:ARG:178:N	A:THR:176:O
0	hbbb	A:ARG:177:O	A:ARG:178:N
0	hbbb	A:ARG:178:N	A:GLY:179:N
0	hbbb	A:GLY:179:N	A:PHE:175:O
0	hbbb	A:GLY:179:N	A:THR:176:O
0	hbbb	A:ARG:178:O	A:GLY:179:N
0	hbbb	A:GLY:179:N	A:LEU:180:N
0	hbbb	A:LEU:180:N	A:THR:176:O
0	hbbb	A:ARG:178:O	A:LEU:180:N
0	hbbb	A:GLY:179:O	A:LEU:180:N
0	hbbb	A:LEU:180:N	A:VAL:181:N
0	hbbb	A:LEU:180:O	A:VAL:181:N
0	hbbb	A:THR:182:N	A:VAL:181:N
0	hbbb	A:LEU:180:O	A:THR:182:N
0	hbbb	A:THR:182:N	A:VAL:181:O
0	hbbb	A:THR:182:N	A:THR:182:O
0	hbbb	A:PRO:183:N	A:THR:182:N
0	hbbb	A:ARG:184:N	A:LEU:180:O
0	hbbb	A:ARG:184:N	A:VAL:181:O
0	hbbb	A:ARG:184:N	A:THR:182:O
0	hbbb	A:ARG:184:N	A:PRO:183:N
0	hbbb	A:ARG:184:N	A:PRO:183:O
0	hbbb	A:ARG:184:N	A:ARG:184:O
0	hbbb	A:ARG:184:N	A:MET:185:N
0	hbbb	A:MET:185:N	A:VAL:181:O
0	hbbb	A:MET:185:N	A:THR:182:O
0	hbbb	A:ARG:184:O	A:MET:185:N
0	hbbb	A:MET:185:N	A:MET:185:O
0	hbbb	A:ALA:186:N	A:MET:185:N
0	hbbb	A:ALA:186:N	A:THR:182:O
0	hbbb	A:ALA:186:N	A:ARG:184:O
0	hbbb	A:ALA:186:N	A:MET:185:O
0	hbbb	A:ALA:186:N	A:ALA:186:O
0	hbbb	A:ALA:186:N	A:GLU:187:N
0	hbbb	A:GLU:187:N	A:PRO:183:O
0	hbbb	A:ARG:184:O	A:GLU:187:N
0	hbbb	A:GLU:187:N	A:MET:185:O
0	hbbb	A:ALA:186:O	A:GLU:187:N
0	hbbb	A:GLU:187:N	A:VAL:188:N
0	hbbb	A:ARG:184:O	A:VAL:188:N
0	hbbb	A:GLU:187:O	A:VAL:188:N
0	hbbb	A:ALA:189:N	A:VAL:188:N
0	hbbb	A:ALA:189:N	A:MET:185:O
0	hbbb	A:ALA:186:O	A:ALA:189:N
0	hbbb	A:ALA:189:N	A:GLU:187:O
0	hbbb	A:ALA:189:N	A:VAL:188:O
0	hbbb	A:ALA:189:N	A:SER:190:N
0	hbbb	A:ALA:186:O	A:SER:190:N
0	hbbb	A:GLU:187:O	A:SER:190:N
0	hbbb	A:SER:190:N	A:VAL:188:O
0	hbbb	A:ALA:189:O	A:SER:190:N
0	hbbb	A:ARG:191:N	A:SER:190:N
0	hbbb	A:ARG:191:N	A:GLU:187:O
0	hbbb	A:ARG:191:N	A:SER:190:O
0	hbbb	A:ARG:191:N	A:ARG:191:O
0	hbbb	A:ARG:191:O	A:ASP:192:N
0	hbbb	A:ASP:192:N	A:ASP:192:O
0	hbbb	A:ASP:192:N	A:PRO:193:N
0	hbbb	A:ASP:192:O	A:LYS:194:N
0	hbbb	A:LYS:194:N	A:PRO:193:N
0	hbbb	A:LYS:194:N	A:PRO:193:O
0	hbbb	A:LYS:194:N	A:LYS:194:O
0	hbbb	A:LEU:195:N	A:LYS:194:N
0	hbbb	A:ASP:192:O	A:LEU:195:N
0	hbbb	A:LEU:195:N	A:LYS:194:O
0	hbbb	A:LEU:195:N	A:LEU:195:O
0	hbbb	A:LEU:195:N	A:TYR:196:N
0	hbbb	A:ASP:192:O	A:TYR:196:N
0	hbbb	A:LYS:194:O	A:TYR:196:N
0	hbbb	A:LEU:195:O	A:TYR:196:N
0	hbbb	A:ALA:197:N	A:TYR:196:N
0	hbbb	A:ALA:197:N	A:PRO:193:O
0	hbbb	A:ALA:197:N	A:LYS:194:O
0	hbbb	A:ALA:197:N	A:TYR:196:O
0	hbbb	A:ALA:197:N	A:MET:198:N
0	hbbb	A:LYS:194:O	A:MET:198:N
0	hbbb	A:LEU:195:O	A:MET:198:N
0	hbbb	A:MET:198:N	A:TYR:196:O
0	hbbb	A:ALA:197:O	A:MET:198:N
0	hbbb	A:HIS:199:N	A:MET:198:N
0	hbbb	A:HIS:199:N	A:LEU:195:O
0	hbbb	A:HIS:199:N	A:TYR:196:O
0	hbbb	A:HIS:199:N	A:MET:198:O
0	hbbb	A:HIS:199:N	A:HIS:199:O
0	hbbb	A:HIS:199:N	A:PRO:200:N
0	hbbb	A:HIS:199:O	A:TRP:201:N
0	hbbb	A:PRO:200:O	A:TRP:201:N
0	hbbb	A:TRP:201:N	A:TRP:201:O
0	hbbb	A:TRP:201:N	A:VAL:202:N
0	hbbb	A:TRP:201:O	A:VAL:202:N
0	hbbb	A:VAL:202:N	A:VAL:202:O
0	hbbb	A:THR:203:N	A:VAL:202:O
0	hbbb	A:THR:203:N	A:THR:203:O
0	hbbb	A:ASN:289:O	A:THR:203:N
0	hbbb	A:SER:204:N	A:THR:203:O
0	hbbb	A:LYS:205:N	A:SER:204:N
0	hbbb	A:LYS:205:N	A:SER:204:O
0	hbbb	A:LYS:205:N	A:LYS:205:O
0	hbbb	A:LEU:207:N	A:PRO:206:O
0	hbbb	A:LEU:207:N	A:LEU:207:O
0	hbbb	A:GLU:209:N	A:PRO:208:O
0	hbbb	A:GLU:209:N	A:GLU:209:O
0	hbbb	A:GLU:209:N	A:TYR:210:N
0	hbbb	A:PRO:208:O	A:TYR:210:N
0	hbbb	A:GLU:209:O	A:TYR:210:N
0	hbbb	A:TYR:210:N	A:TYR:210:O
0	hbbb	A:LEU:211:N	A:TYR:210:N
0	hbbb	A:LEU:211:N	A:PRO:208:O
0	hbbb	A:GLU:209:O	A:LEU:211:N
0	hbbb	A:LEU:211:N	A:TYR:210:O
0	hbbb	A:LEU:211:N	A:TRP:212:N
0	hbbb	A:PRO:208:O	A:TRP:212:N
0	hbbb	A:GLU:209:O	A:TRP:212:N
0	hbbb	A:TRP:212:N	A:TYR:210:O
0	hbbb	A:LEU:211:O	A:TRP:212:N
0	hbbb	A:LYS:213:N	A:TRP:212:N
0	hbbb	A:GLU:209:O	A:LYS:213:N
0	hbbb	A:LYS:213:N	A:TYR:210:O
0	hbbb	A:LYS:213:N	A:TRP:212:O
0	hbbb	A:LYS:213:N	A:LYS:214:N
0	hbbb	A:LYS:214:N	A:TYR:210:O
0	hbbb	A:LEU:211:O	A:LYS:214:N
0	hbbb	A:LYS:214:N	A:TRP:212:O
0	hbbb	A:LYS:213:O	A:LYS:214:N
0	hbbb	A:ILE:215:N	A:LYS:214:N
0	hbbb	A:ILE:215:N	A:TRP:212:O
0	hbbb	A:ILE:215:N	A:LYS:213:O
0	hbbb	A:ILE:215:N	A:LYS:214:O
0	hbbb	A:ILE:215:N	A:ILE:215:O
0	hbbb	A:ALA:216:N	A:ILE:215:O
0	hbbb	A:ALA:216:N	A:ASN:217:N
0	hbbb	A:ALA:216:O	A:ASN:217:N
0	hbbb	A:ASN:217:N	A:ASN:218:N
0	hbbb	A:ASN:217:O	A:ASN:218:N
0	hbbb	A:ASN:218:N	A:ASN:218:O
0	hbbb	A:ASN:218:N	A:CYS:219:N
0	hbbb	A:ASN:217:O	A:CYS:219:N
0	hbbb	A:ASN:218:O	A:CYS:219:N
0	hbbb	A:CYS:219:N	A:CYS:219:O
0	hbbb	A:CYS:219:O	A:ILE:220:N
0	hbbb	A:ILE:220:N	A:ILE:220:O
0	hbbb	A:ILE:220:N	A:VAL:235:O
0	hbbb	A:ILE:220:O	A:PHE:221:N
0	hbbb	A:PHE:221:N	A:PHE:221:O
0	hbbb	A:ILE:222:N	A:PHE:221:O
0	hbbb	A:ILE:222:N	A:ILE:222:O
0	hbbb	A:ILE:222:N	A:VAL:223:N
0	hbbb	A:ILE:222:N	A:ILE:233:O
0	hbbb	A:ILE:222:O	A:VAL:223:N
0	hbbb	A:VAL:223:N	A:VAL:223:O
0	hbbb	A:ILE:224:N	A:VAL:223:N
0	hbbb	A:ILE:303:O	A:VAL:223:N
0	hbbb	A:ILE:224:N	A:VAL:223:O
0	hbbb	A:ILE:224:N	A:ILE:224:O
0	hbbb	A:GLN:231:O	A:ILE:224:N
0	hbbb	A:HIS:225:N	A:ILE:224:O
0	hbbb	A:HIS:225:N	A:HIS:225:O
0	hbbb	A:HIS:225:N	A:VAL:305:O
0	hbbb	A:ARG:226:N	A:HIS:225:O
0	hbbb	A:ARG:226:N	A:ARG:226:O
0	hbbb	A:ARG:226:N	A:SER:227:N
0	hbbb	A:ARG:226:N	A:THR:229:O
0	hbbb	A:ARG:226:O	A:SER:227:N
0	hbbb	A:SER:227:N	A:SER:227:O
0	hbbb	A:SER:227:N	A:THR:228:N
0	hbbb	A:SER:227:O	A:THR:228:N
0	hbbb	A:THR:228:N	A:THR:229:N
0	hbbb	A:SER:227:O	A:THR:229:N
0	hbbb	A:THR:228:O	A:THR:229:N
0	hbbb	A:THR:229:N	A:THR:229:O
0	hbbb	A:SER:230:N	A:THR:229:N
0	hbbb	A:SER:230:N	A:THR:229:O
0	hbbb	A:SER:230:N	A:SER:230:O
0	hbbb	A:GLN:231:N	A:ILE:224:O
0	hbbb	A:GLN:231:N	A:SER:230:O
0	hbbb	A:GLN:231:N	A:GLN:231:O
0	hbbb	A:GLN:231:O	A:THR:232:N
0	hbbb	A:THR:232:N	A:THR:232:O
0	hbbb	A:ILE:222:O	A:ILE:233:N
0	hbbb	A:ILE:233:N	A:THR:232:O
0	hbbb	A:ILE:233:N	A:ILE:233:O
0	hbbb	A:ILE:233:O	A:LYS:234:N
0	hbbb	A:LYS:234:N	A:LYS:234:O
0	hbbb	A:LYS:234:N	A:VAL:235:N
0	hbbb	A:ILE:220:O	A:VAL:235:N
0	hbbb	A:ILE:233:O	A:VAL:235:N
0	hbbb	A:LYS:234:O	A:VAL:235:N
0	hbbb	A:VAL:235:N	A:VAL:235:O
0	hbbb	A:SER:236:N	A:VAL:235:O
0	hbbb	A:SER:236:N	A:SER:236:O
0	hbbb	A:ASP:238:N	A:SER:236:O
0	hbbb	A:ASP:238:N	A:PRO:237:N
0	hbbb	A:ASP:238:N	A:PRO:237:O
0	hbbb	A:ASP:238:N	A:ASP:239:N
0	hbbb	A:ASP:239:N	A:SER:236:O
0	hbbb	A:ASP:238:O	A:ASP:239:N
0	hbbb	A:ASP:239:N	A:ASP:239:O
0	hbbb	A:ASP:239:O	A:THR:240:N
0	hbbb	A:THR:240:N	A:THR:240:O
0	hbbb	A:GLY:242:N	A:PRO:241:N
0	hbbb	A:GLY:242:N	A:PRO:241:O
0	hbbb	A:ALA:243:N	A:GLY:242:N
0	hbbb	A:ALA:243:N	A:THR:240:O
0	hbbb	A:ALA:243:N	A:PRO:241:O
0	hbbb	A:ALA:243:N	A:GLY:242:O
0	hbbb	A:ALA:243:N	A:ILE:244:N
0	hbbb	A:ILE:244:N	A:THR:240:O
0	hbbb	A:ILE:244:N	A:PRO:241:O
0	hbbb	A:GLY:242:O	A:ILE:244:N
0	hbbb	A:ALA:243:O	A:ILE:244:N
0	hbbb	A:ILE:244:N	A:LEU:245:N
0	hbbb	A:LEU:245:N	A:PRO:241:O
0	hbbb	A:GLY:242:O	A:LEU:245:N
0	hbbb	A:ILE:244:O	A:LEU:245:N
0	hbbb	A:GLN:246:N	A:LEU:245:N
0	hbbb	A:ALA:243:O	A:GLN:246:N
0	hbbb	A:GLN:246:N	A:ILE:244:O
0	hbbb	A:GLN:246:N	A:LEU:245:O
0	hbbb	A:GLN:246:N	A:SER:247:N
0	hbbb	A:ILE:244:O	A:SER:247:N
0	hbbb	A:GLN:246:O	A:SER:247:N
0	hbbb	A:PHE:248:N	A:SER:247:N
0	hbbb	A:ILE:244:O	A:PHE:248:N
0	hbbb	A:LEU:245:O	A:PHE:248:N
0	hbbb	A:GLN:246:O	A:PHE:248:N
0	hbbb	A:PHE:248:N	A:SER:247:O
0	hbbb	A:PHE:248:N	A:PHE:249:N
0	hbbb	A:LEU:245:O	A:PHE:249:N
0	hbbb	A:PHE:248:O	A:PHE:249:N
0	hbbb	A:PHE:249:N	A:THR:250:N
0	hbbb	A:PHE:248:O	A:THR:250:N
0	hbbb	A:PHE:249:O	A:THR:250:N
0	hbbb	A:LYS:251:N	A:THR:250:N
0	hbbb	A:LYS:251:N	A:PHE:248:O
0	hbbb	A:LYS:251:N	A:THR:250:O
0	hbbb	A:LYS:251:N	A:LYS:251:O
0	hbbb	A:LYS:251:N	A:MET:252:N
0	hbbb	A:LYS:251:O	A:MET:252:N
0	hbbb	A:ALA:253:N	A:MET:252:N
0	hbbb	A:ALA:253:N	A:LYS:251:O
0	hbbb	A:ALA:253:N	A:MET:252:O
0	hbbb	A:ALA:253:N	A:ALA:253:O
0	hbbb	A:ALA:253:O	A:LYS:254:N
0	hbbb	A:LYS:254:N	A:LYS:254:O
0	hbbb	A:GLN:268:N	A:GLN:268:O
0	hbbb	A:ASP:269:N	A:GLN:268:O
0	hbbb	A:ASP:269:N	A:ASP:269:O
0	hbbb	A:ASP:269:N	A:PHE:270:N
0	hbbb	A:ASP:269:O	A:PHE:270:N
0	hbbb	A:PHE:270:N	A:PHE:270:O
0	hbbb	A:PHE:270:O	A:VAL:271:N
0	hbbb	A:VAL:271:N	A:VAL:271:O
0	hbbb	A:ASP:308:O	A:VAL:271:N
0	hbbb	A:LEU:272:N	A:VAL:271:O
0	hbbb	A:LEU:272:N	A:LEU:272:O
0	hbbb	A:ARG:273:N	A:LEU:272:N
0	hbbb	A:ARG:273:N	A:LEU:272:O
0	hbbb	A:ARG:273:N	A:ARG:273:O
0	hbbb	A:ARG:273:N	A:VAL:306:O
0	hbbb	A:ARG:273:O	A:VAL:274:N
0	hbbb	A:VAL:274:N	A:VAL:274:O
0	hbbb	A:CYS:275:N	A:VAL:274:N
0	hbbb	A:GLU:279:O	A:VAL:274:N
0	hbbb	A:CYS:275:N	A:VAL:274:O
0	hbbb	A:CYS:275:N	A:CYS:275:O
0	hbbb	A:CYS:275:N	A:GLY:276:N
0	hbbb	A:CYS:275:N	A:HIS:304:O
0	hbbb	A:GLY:276:N	A:VAL:274:O
0	hbbb	A:CYS:275:O	A:GLY:276:N
0	hbbb	A:ARG:277:N	A:GLY:276:N
0	hbbb	A:ARG:277:N	A:VAL:274:O
0	hbbb	A:ARG:277:N	A:GLY:276:O
0	hbbb	A:ARG:277:N	A:ARG:277:O
0	hbbb	A:ARG:277:O	A:ASP:278:N
0	hbbb	A:ASP:278:N	A:ASP:278:O
0	hbbb	A:ASP:278:N	A:GLU:279:N
0	hbbb	A:ASP:278:N	A:GLY:790:O
0	hbbb	A:ARG:277:O	A:GLU:279:N
0	hbbb	A:ASP:278:O	A:GLU:279:N
0	hbbb	A:GLU:279:N	A:GLU:279:O
0	hbbb	A:GLU:279:N	A:TYR:280:N
0	hbbb	A:GLU:279:O	A:TYR:280:N
0	hbbb	A:TYR:280:N	A:TYR:280:O
0	hbbb	A:LEU:272:O	A:LEU:281:N
0	hbbb	A:LEU:281:N	A:TYR:280:O
0	hbbb	A:LEU:281:N	A:LEU:281:O
0	hbbb	A:LEU:281:N	A:VAL:282:N
0	hbbb	A:LEU:281:O	A:VAL:282:N
0	hbbb	A:VAL:282:N	A:VAL:282:O
0	hbbb	A:GLY:283:N	A:VAL:282:O
0	hbbb	A:GLY:283:N	A:GLY:283:O
0	hbbb	A:GLU:284:N	A:GLY:283:O
0	hbbb	A:GLU:284:N	A:GLU:284:O
0	hbbb	A:GLU:284:N	A:THR:285:N
0	hbbb	A:GLY:283:O	A:THR:285:N
0	hbbb	A:GLU:284:O	A:THR:285:N
0	hbbb	A:THR:285:N	A:THR:285:O
0	hbbb	A:ASP:239:O	A:ILE:287:N
0	hbbb	A:ILE:287:N	A:PRO:286:O
0	hbbb	A:ILE:287:N	A:LYS:288:N
0	hbbb	A:LYS:288:N	A:PRO:237:O
0	hbbb	A:LYS:288:N	A:PRO:286:O
0	hbbb	A:ILE:287:O	A:LYS:288:N
0	hbbb	A:ASN:289:N	A:LYS:288:N
0	hbbb	A:ASN:289:N	A:PRO:286:O
0	hbbb	A:ASN:289:N	A:ILE:287:O
0	hbbb	A:ASN:289:N	A:LYS:288:O
0	hbbb	A:ASN:289:N	A:PHE:290:N
0	hbbb	A:ILE:287:O	A:PHE:290:N
0	hbbb	A:ASN:289:O	A:PHE:290:N
0	hbbb	A:PHE:290:N	A:PHE:290:O
0	hbbb	A:GLN:291:N	A:TRP:201:O
0	hbbb	A:GLN:291:N	A:PHE:290:O
0	hbbb	A:GLN:291:N	A:TRP:292:N
0	hbbb	A:PHE:290:O	A:TRP:292:N
0	hbbb	A:GLN:291:O	A:TRP:292:N
0	hbbb	A:TRP:292:N	A:TRP:292:O
0	hbbb	A:TRP:292:N	A:VAL:293:N
0	hbbb	A:PHE:290:O	A:VAL:293:N
0	hbbb	A:GLN:291:O	A:VAL:293:N
0	hbbb	A:TRP:292:O	A:VAL:293:N
0	hbbb	A:VAL:293:N	A:VAL:293:O
0	hbbb	A:ARG:294:N	A:VAL:293:N
0	hbbb	A:ARG:294:N	A:PHE:290:O
0	hbbb	A:ARG:294:N	A:GLN:291:O
0	hbbb	A:ARG:294:N	A:VAL:293:O
0	hbbb	A:ARG:294:N	A:HIS:295:N
0	hbbb	A:GLN:291:O	A:HIS:295:N
0	hbbb	A:HIS:295:N	A:TRP:292:O
0	hbbb	A:HIS:295:N	A:VAL:293:O
0	hbbb	A:ARG:294:O	A:HIS:295:N
0	hbbb	A:HIS:295:N	A:HIS:295:O
0	hbbb	A:CYS:296:N	A:HIS:295:N
0	hbbb	A:CYS:296:N	A:TRP:292:O
0	hbbb	A:CYS:296:N	A:VAL:293:O
0	hbbb	A:CYS:296:N	A:HIS:295:O
0	hbbb	A:CYS:296:N	A:CYS:296:O
0	hbbb	A:CYS:296:N	A:LEU:297:N
0	hbbb	A:LEU:297:N	A:VAL:293:O
0	hbbb	A:HIS:295:O	A:LEU:297:N
0	hbbb	A:CYS:296:O	A:LEU:297:N
0	hbbb	A:LEU:297:N	A:LEU:297:O
0	hbbb	A:LEU:297:N	A:LYS:298:N
0	hbbb	A:ARG:294:O	A:LYS:298:N
0	hbbb	A:HIS:295:O	A:LYS:298:N
0	hbbb	A:CYS:296:O	A:LYS:298:N
0	hbbb	A:LEU:297:O	A:LYS:298:N
0	hbbb	A:ASN:299:N	A:LYS:298:N
0	hbbb	A:ASN:299:N	A:HIS:295:O
0	hbbb	A:ASN:299:N	A:CYS:296:O
0	hbbb	A:ASN:299:N	A:LEU:297:O
0	hbbb	A:ASN:299:N	A:LYS:298:O
0	hbbb	A:ASN:299:N	A:GLY:300:N
0	hbbb	A:CYS:296:O	A:GLY:300:N
0	hbbb	A:GLY:300:N	A:LEU:297:O
0	hbbb	A:ASN:299:O	A:GLY:300:N
0	hbbb	A:GLY:300:N	A:GLY:300:O
0	hbbb	A:GLU:301:N	A:GLY:300:N
0	hbbb	A:CYS:296:O	A:GLU:301:N
0	hbbb	A:GLU:301:N	A:GLY:300:O
0	hbbb	A:GLU:301:N	A:GLU:301:O
0	hbbb	A:GLU:301:O	A:GLU:302:N
0	hbbb	A:GLU:302:N	A:GLU:302:O
0	hbbb	A:GLU:302:O	A:ILE:303:N
0	hbbb	A:ILE:303:N	A:ILE:303:O
0	hbbb	A:HIS:304:N	A:ILE:303:N
0	hbbb	A:HIS:304:N	A:ILE:303:O
0	hbbb	A:HIS:304:N	A:HIS:304:O
0	hbbb	A:HIS:304:N	A:VAL:305:N
0	hbbb	A:VAL:223:O	A:VAL:305:N
0	hbbb	A:HIS:304:O	A:VAL:305:N
0	hbbb	A:VAL:305:N	A:VAL:305:O
0	hbbb	A:ARG:273:O	A:VAL:306:N
0	hbbb	A:VAL:305:O	A:VAL:306:N
0	hbbb	A:VAL:306:N	A:VAL:306:O
0	hbbb	A:HIS:225:O	A:LEU:307:N
0	hbbb	A:LEU:307:N	A:VAL:306:O
0	hbbb	A:LEU:307:N	A:LEU:307:O
0	hbbb	A:ASP:308:N	A:LEU:307:N
0	hbbb	A:ASP:308:N	A:VAL:271:O
0	hbbb	A:ASP:308:N	A:VAL:306:O
0	hbbb	A:ASP:308:N	A:LEU:307:O
0	hbbb	A:ASP:308:N	A:ASP:308:O
0	hbbb	A:ASP:308:O	A:THR:309:N
0	hbbb	A:THR:309:N	A:THR:309:O
0	hbbb	A:ASP:312:N	A:PRO:310:O
0	hbbb	A:ASP:312:N	A:PRO:311:N
0	hbbb	A:ASP:312:N	A:PRO:311:O
0	hbbb	A:ASP:312:N	A:ASP:312:O
0	hbbb	A:ASP:312:N	A:PRO:313:N
0	hbbb	A:ALA:314:N	A:ASP:312:O
0	hbbb	A:ALA:314:N	A:PRO:313:N
0	hbbb	A:ALA:314:N	A:PRO:313:O
0	hbbb	A:ALA:314:N	A:LEU:315:N
0	hbbb	A:ASP:312:O	A:LEU:315:N
0	hbbb	A:LEU:315:N	A:PRO:313:O
0	hbbb	A:ALA:314:O	A:LEU:315:N
0	hbbb	A:ASP:316:N	A:LEU:315:N
0	hbbb	A:ASP:316:N	A:PRO:313:O
0	hbbb	A:ASP:316:N	A:LEU:315:O
0	hbbb	A:ASP:316:N	A:GLU:317:N
0	hbbb	A:ASP:316:O	A:GLU:317:N
0	hbbb	A:GLU:317:N	A:GLU:317:O
0	hbbb	A:ASP:316:O	A:VAL:318:N
0	hbbb	A:GLU:317:O	A:VAL:318:N
0	hbbb	A:VAL:318:N	A:VAL:318:O
0	hbbb	A:ARG:319:N	A:VAL:318:O
0	hbbb	A:ARG:319:N	A:ARG:319:O
0	hbbb	A:LYS:320:N	A:VAL:318:O
0	hbbb	A:ARG:319:O	A:LYS:320:N
0	hbbb	A:LYS:320:N	A:LYS:320:O
0	hbbb	A:GLU:321:N	A:LYS:320:N
0	hbbb	A:GLU:321:N	A:LYS:320:O
0	hbbb	A:GLU:321:N	A:GLU:321:O
0	hbbb	A:GLU:321:O	A:GLU:322:N
0	hbbb	A:GLU:322:N	A:GLU:322:O
0	hbbb	A:GLU:322:N	A:TRP:323:N
0	hbbb	A:GLU:322:O	A:TRP:323:N
0	hbbb	A:TRP:323:N	A:TRP:323:O
0	hbbb	A:CYS:357:N	A:CYS:357:O
0	hbbb	A:ASP:358:N	A:CYS:357:O
0	hbbb	A:ARG:359:N	A:ASP:358:N
0	hbbb	A:ARG:359:N	A:ASP:358:O
0	hbbb	A:ARG:359:N	A:ARG:359:O
0	hbbb	A:ARG:359:O	A:LYS:360:N
0	hbbb	A:LYS:360:N	A:LYS:360:O
0	hbbb	A:LYS:360:O	A:PHE:361:N
0	hbbb	A:PHE:361:N	A:PHE:361:O
0	hbbb	A:ILE:418:O	A:PHE:361:N
0	hbbb	A:ARG:362:N	A:PHE:361:O
0	hbbb	A:ARG:362:N	A:ARG:362:O
0	hbbb	A:ARG:362:O	A:VAL:363:N
0	hbbb	A:VAL:363:N	A:VAL:363:O
0	hbbb	A:LYS:364:N	A:VAL:363:N
0	hbbb	A:LEU:414:O	A:VAL:363:N
0	hbbb	A:LYS:364:N	A:VAL:363:O
0	hbbb	A:LYS:364:N	A:LYS:364:O
0	hbbb	A:ILE:365:N	A:LYS:364:N
0	hbbb	A:LEU:519:O	A:LYS:364:N
0	hbbb	A:ILE:365:N	A:VAL:363:O
0	hbbb	A:ILE:365:N	A:LYS:364:O
0	hbbb	A:ILE:365:N	A:ILE:365:O
0	hbbb	A:ARG:366:N	A:ILE:365:N
0	hbbb	A:ILE:365:N	A:VAL:412:O
0	hbbb	A:ARG:366:N	A:ILE:365:O
0	hbbb	A:ARG:366:N	A:GLY:367:N
0	hbbb	A:ARG:366:N	A:SER:517:O
0	hbbb	A:ARG:366:O	A:GLY:367:N
0	hbbb	A:GLY:367:N	A:GLY:367:O
0	hbbb	A:GLY:367:O	A:ILE:368:N
0	hbbb	A:ILE:368:N	A:ILE:368:O
0	hbbb	A:ILE:368:N	A:VAL:408:O
0	hbbb	A:ASP:369:N	A:ILE:368:O
0	hbbb	A:ASP:369:N	A:ASP:369:O
0	hbbb	A:ASP:369:N	A:ILE:370:N
0	hbbb	A:ASP:369:N	A:SER:515:O
0	hbbb	A:ASP:369:O	A:ILE:370:N
0	hbbb	A:ILE:370:N	A:ILE:370:O
0	hbbb	A:ILE:370:N	A:PRO:371:N
0	hbbb	A:GLU:406:O	A:ILE:370:N
0	hbbb	A:PRO:371:N	A:VAL:372:N
0	hbbb	A:PRO:371:O	A:VAL:372:N
0	hbbb	A:VAL:372:N	A:VAL:372:O
0	hbbb	A:LEU:373:N	A:VAL:372:O
0	hbbb	A:LEU:373:N	A:LEU:373:O
0	hbbb	A:ARG:375:N	A:PRO:374:N
0	hbbb	A:ARG:375:N	A:PRO:374:O
0	hbbb	A:ARG:375:N	A:ASN:376:N
0	hbbb	A:ARG:375:O	A:ASN:376:N
0	hbbb	A:ASN:376:N	A:THR:377:N
0	hbbb	A:ARG:375:O	A:THR:377:N
0	hbbb	A:ASN:376:O	A:THR:377:N
0	hbbb	A:THR:377:N	A:THR:377:O
0	hbbb	A:ASN:376:O	A:ASP:378:N
0	hbbb	A:ASP:378:N	A:THR:377:O
0	hbbb	A:ASP:378:N	A:ASP:378:O
0	hbbb	A:ASP:378:N	A:LEU:379:N
0	hbbb	A:LEU:379:N	A:THR:377:O
0	hbbb	A:ASP:378:O	A:LEU:379:N
0	hbbb	A:LEU:379:N	A:LEU:379:O
0	hbbb	A:LEU:379:O	A:THR:380:N
0	hbbb	A:THR:380:N	A:THR:380:O
0	hbbb	A:THR:380:N	A:VAL:381:N
0	hbbb	A:THR:380:O	A:VAL:381:N
0	hbbb	A:VAL:381:N	A:VAL:381:O
0	hbbb	A:LYS:402:O	A:VAL:381:N
0	hbbb	A:PHE:382:N	A:VAL:381:O
0	hbbb	A:PHE:382:N	A:PHE:382:O
0	hbbb	A:PHE:382:N	A:TYR:434:O
0	hbbb	A:PHE:382:O	A:VAL:383:N
0	hbbb	A:VAL:383:N	A:VAL:383:O
0	hbbb	A:GLU:384:N	A:VAL:383:O
0	hbbb	A:GLU:384:N	A:GLU:384:O
0	hbbb	A:ALA:385:N	A:GLU:384:N
0	hbbb	A:GLN:432:O	A:GLU:384:N
0	hbbb	A:ALA:385:N	A:GLU:384:O
0	hbbb	A:ALA:385:N	A:ALA:385:O
0	hbbb	A:ALA:385:N	A:ASN:386:N
0	hbbb	A:ALA:385:N	A:ARG:397:O
0	hbbb	A:ALA:385:O	A:ASN:386:N
0	hbbb	A:ASN:386:N	A:ASN:386:O
0	hbbb	A:ASN:386:N	A:ASN:430:O
0	hbbb	A:ASN:386:O	A:ILE:387:N
0	hbbb	A:ILE:387:N	A:ILE:387:O
0	hbbb	A:GLN:388:N	A:ILE:387:N
0	hbbb	A:CYS:395:O	A:ILE:387:N
0	hbbb	A:GLN:388:N	A:ILE:387:O
0	hbbb	A:GLN:388:N	A:GLN:388:O
0	hbbb	A:GLN:388:N	A:LEU:428:O
0	hbbb	A:GLN:388:O	A:HIS:389:N
0	hbbb	A:HIS:389:N	A:HIS:389:O
0	hbbb	A:GLY:390:N	A:HIS:389:N
0	hbbb	A:GLN:392:O	A:HIS:389:N
0	hbbb	A:GLY:390:N	A:HIS:389:O
0	hbbb	A:GLN:391:N	A:GLY:390:N
0	hbbb	A:GLN:391:N	A:GLY:390:O
0	hbbb	A:GLN:391:N	A:GLN:392:N
0	hbbb	A:GLN:392:N	A:HIS:389:O
0	hbbb	A:GLN:392:N	A:GLY:390:O
0	hbbb	A:GLN:391:O	A:GLN:392:N
0	hbbb	A:GLN:392:N	A:GLN:392:O
0	hbbb	A:GLN:392:N	A:VAL:393:N
0	hbbb	A:GLN:391:O	A:VAL:393:N
0	hbbb	A:GLN:392:O	A:VAL:393:N
0	hbbb	A:VAL:393:N	A:VAL:393:O
0	hbbb	A:LEU:394:N	A:VAL:393:N
0	hbbb	A:ILE:387:O	A:LEU:394:N
0	hbbb	A:LEU:394:N	A:VAL:393:O
0	hbbb	A:LEU:394:N	A:LEU:394:O
0	hbbb	A:CYS:395:N	A:LEU:394:N
0	hbbb	A:CYS:395:N	A:LEU:394:O
0	hbbb	A:CYS:395:N	A:CYS:395:O
0	hbbb	A:CYS:395:O	A:GLN:396:N
0	hbbb	A:GLN:396:N	A:GLN:396:O
0	hbbb	A:ALA:385:O	A:ARG:397:N
0	hbbb	A:ARG:397:N	A:GLN:396:O
0	hbbb	A:ARG:397:N	A:ARG:397:O
0	hbbb	A:ARG:397:O	A:ARG:398:N
0	hbbb	A:ARG:398:N	A:ARG:398:O
0	hbbb	A:THR:399:N	A:VAL:383:O
0	hbbb	A:ARG:398:O	A:THR:399:N
0	hbbb	A:THR:399:N	A:THR:399:O
0	hbbb	A:SER:400:N	A:THR:399:O
0	hbbb	A:SER:400:N	A:SER:400:O
0	hbbb	A:LYS:402:N	A:VAL:381:O
0	hbbb	A:LYS:402:N	A:PRO:401:O
0	hbbb	A:LYS:402:N	A:LYS:402:O
0	hbbb	A:LYS:402:O	A:PHE:404:N
0	hbbb	A:PHE:404:N	A:PRO:403:O
0	hbbb	A:PHE:404:N	A:PHE:404:O
0	hbbb	A:PHE:404:N	A:THR:405:N
0	hbbb	A:PRO:403:O	A:THR:405:N
0	hbbb	A:PHE:404:O	A:THR:405:N
0	hbbb	A:THR:405:N	A:THR:405:O
0	hbbb	A:GLU:406:N	A:THR:405:O
0	hbbb	A:GLU:406:N	A:GLU:407:N
0	hbbb	A:GLU:407:N	A:THR:405:O
0	hbbb	A:GLU:406:O	A:GLU:407:N
0	hbbb	A:GLU:407:N	A:GLU:407:O
0	hbbb	A:ILE:368:O	A:VAL:408:N
0	hbbb	A:GLU:407:O	A:VAL:408:N
0	hbbb	A:VAL:408:N	A:VAL:408:O
0	hbbb	A:LEU:409:N	A:VAL:408:N
0	hbbb	A:LEU:409:N	A:VAL:408:O
0	hbbb	A:LEU:409:N	A:LEU:409:O
0	hbbb	A:ARG:366:O	A:TRP:410:N
0	hbbb	A:LEU:409:O	A:TRP:410:N
0	hbbb	A:ASN:411:N	A:TRP:410:N
0	hbbb	A:ASN:411:N	A:ILE:365:O
0	hbbb	A:ARG:366:O	A:ASN:411:N
0	hbbb	A:ASN:411:N	A:TRP:410:O
0	hbbb	A:ASN:411:N	A:ASN:411:O
0	hbbb	A:ASN:411:N	A:VAL:412:N
0	hbbb	A:ILE:365:O	A:VAL:412:N
0	hbbb	A:ASN:411:O	A:VAL:412:N
0	hbbb	A:VAL:412:N	A:VAL:412:O
0	hbbb	A:TRP:413:N	A:VAL:412:O
0	hbbb	A:TRP:413:N	A:TRP:413:O
0	hbbb	A:LEU:414:N	A:TRP:413:N
0	hbbb	A:LEU:414:N	A:VAL:363:O
0	hbbb	A:LEU:414:N	A:TRP:413:O
0	hbbb	A:LEU:414:N	A:LEU:414:O
0	hbbb	A:GLU:415:N	A:LEU:414:N
0	hbbb	A:GLU:415:N	A:LEU:414:O
0	hbbb	A:GLU:415:N	A:GLU:415:O
0	hbbb	A:GLU:415:N	A:PHE:416:N
0	hbbb	A:PHE:361:O	A:PHE:416:N
0	hbbb	A:GLU:415:O	A:PHE:416:N
0	hbbb	A:PHE:416:N	A:PHE:416:O
0	hbbb	A:PHE:416:O	A:SER:417:N
0	hbbb	A:ILE:418:N	A:SER:417:N
0	hbbb	A:ILE:418:N	A:SER:417:O
0	hbbb	A:ILE:418:N	A:ILE:418:O
0	hbbb	A:ILE:418:O	A:LYS:419:N
0	hbbb	A:LYS:419:N	A:LYS:419:O
0	hbbb	A:ARG:359:O	A:ILE:420:N
0	hbbb	A:ILE:420:N	A:LYS:419:O
0	hbbb	A:ILE:420:N	A:LYS:421:N
0	hbbb	A:CYS:357:O	A:LYS:421:N
0	hbbb	A:LYS:419:O	A:LYS:421:N
0	hbbb	A:ILE:420:O	A:LYS:421:N
0	hbbb	A:ASP:422:N	A:LYS:421:N
0	hbbb	A:ASP:422:N	A:LYS:419:O
0	hbbb	A:ASP:422:N	A:ILE:420:O
0	hbbb	A:ASP:422:N	A:LYS:421:O
0	hbbb	A:ASP:422:N	A:LEU:423:N
0	hbbb	A:LEU:423:N	A:LYS:419:O
0	hbbb	A:ILE:420:O	A:LEU:423:N
0	hbbb	A:LEU:423:N	A:LYS:421:O
0	hbbb	A:ASP:422:O	A:LEU:423:N
0	hbbb	A:LEU:423:N	A:LEU:423:O
0	hbbb	A:LYS:425:N	A:PRO:424:O
0	hbbb	A:LYS:425:N	A:LYS:425:O
0	hbbb	A:GLY:426:N	A:LYS:425:N
0	hbbb	A:GLY:426:N	A:PRO:424:O
0	hbbb	A:GLY:426:N	A:LYS:425:O
0	hbbb	A:ALA:427:N	A:GLY:426:N
0	hbbb	A:ALA:427:N	A:PRO:424:O
0	hbbb	A:ALA:427:N	A:GLY:426:O
0	hbbb	A:ALA:427:N	A:ALA:427:O
0	hbbb	A:ALA:427:N	A:LEU:428:N
0	hbbb	A:GLN:388:O	A:LEU:428:N
0	hbbb	A:ALA:427:O	A:LEU:428:N
0	hbbb	A:LEU:428:N	A:LEU:428:O
0	hbbb	A:LEU:428:O	A:LEU:429:N
0	hbbb	A:LEU:429:N	A:LEU:429:O
0	hbbb	A:ASN:430:N	A:LEU:429:N
0	hbbb	A:LEU:429:N	A:LEU:466:O
0	hbbb	A:ASN:386:O	A:ASN:430:N
0	hbbb	A:ASN:430:N	A:LEU:428:O
0	hbbb	A:ASN:430:N	A:LEU:429:O
0	hbbb	A:ASN:430:N	A:ASN:430:O
0	hbbb	A:ASN:430:N	A:LEU:431:N
0	hbbb	A:ASN:430:O	A:LEU:431:N
0	hbbb	A:LEU:431:N	A:LEU:431:O
0	hbbb	A:GLN:432:N	A:LEU:431:N
0	hbbb	A:LEU:431:N	A:VAL:464:O
0	hbbb	A:GLN:432:N	A:GLU:384:O
0	hbbb	A:GLN:432:N	A:LEU:431:O
0	hbbb	A:GLN:432:N	A:GLN:432:O
0	hbbb	A:GLN:432:O	A:ILE:433:N
0	hbbb	A:ILE:433:N	A:ILE:433:O
0	hbbb	A:ILE:433:N	A:TYR:462:O
0	hbbb	A:PHE:382:O	A:TYR:434:N
0	hbbb	A:ILE:433:O	A:TYR:434:N
0	hbbb	A:TYR:434:N	A:TYR:434:O
0	hbbb	A:CYS:435:N	A:TYR:434:O
0	hbbb	A:ARG:459:O	A:CYS:435:N
0	hbbb	A:ARG:459:N	A:ARG:459:O
0	hbbb	A:ARG:459:N	A:LEU:460:N
0	hbbb	A:ARG:459:O	A:LEU:460:N
0	hbbb	A:LEU:460:N	A:LEU:460:O
0	hbbb	A:ILE:433:O	A:LEU:461:N
0	hbbb	A:ARG:459:O	A:LEU:461:N
0	hbbb	A:LEU:460:O	A:LEU:461:N
0	hbbb	A:LEU:461:N	A:TYR:462:N
0	hbbb	A:LEU:461:O	A:TYR:462:N
0	hbbb	A:TYR:462:N	A:TYR:462:O
0	hbbb	A:TYR:462:O	A:TYR:463:N
0	hbbb	A:TYR:463:N	A:TYR:463:O
0	hbbb	A:TRP:485:O	A:TYR:463:N
0	hbbb	A:LEU:431:O	A:VAL:464:N
0	hbbb	A:TYR:463:O	A:VAL:464:N
0	hbbb	A:VAL:464:N	A:VAL:464:O
0	hbbb	A:ASN:465:N	A:VAL:464:O
0	hbbb	A:ASN:465:N	A:ASN:465:O
0	hbbb	A:LEU:429:O	A:LEU:466:N
0	hbbb	A:ASN:465:O	A:LEU:466:N
0	hbbb	A:LEU:466:N	A:LEU:466:O
0	hbbb	A:LEU:466:N	A:LEU:467:N
0	hbbb	A:LEU:466:O	A:LEU:467:N
0	hbbb	A:LEU:467:N	A:LEU:467:O
0	hbbb	A:LEU:467:N	A:LEU:468:N
0	hbbb	A:ALA:427:O	A:LEU:468:N
0	hbbb	A:LEU:466:O	A:LEU:468:N
0	hbbb	A:LEU:467:O	A:LEU:468:N
0	hbbb	A:LEU:468:N	A:LEU:468:O
0	hbbb	A:ILE:469:N	A:LEU:468:N
0	hbbb	A:ILE:469:N	A:LEU:468:O
0	hbbb	A:ILE:469:N	A:ILE:469:O
0	hbbb	A:ASP:470:N	A:ILE:469:O
0	hbbb	A:ASP:470:N	A:ASP:470:O
0	hbbb	A:ASP:470:N	A:LEU:474:O
0	hbbb	A:ASP:470:O	A:HIS:471:N
0	hbbb	A:ARG:472:N	A:HIS:471:N
0	hbbb	A:ARG:472:N	A:ASP:470:O
0	hbbb	A:ARG:472:N	A:HIS:471:O
0	hbbb	A:ARG:472:N	A:PHE:473:N
0	hbbb	A:ASP:470:O	A:PHE:473:N
0	hbbb	A:ARG:472:O	A:PHE:473:N
0	hbbb	A:LEU:474:N	A:PHE:473:N
0	hbbb	A:ARG:472:O	A:LEU:474:N
0	hbbb	A:LEU:474:N	A:PHE:473:O
0	hbbb	A:LEU:474:N	A:LEU:474:O
0	hbbb	A:LEU:474:N	A:LEU:475:N
0	hbbb	A:LEU:474:O	A:LEU:475:N
0	hbbb	A:LEU:475:N	A:LEU:475:O
0	hbbb	A:ARG:476:N	A:LEU:468:O
0	hbbb	A:ARG:476:N	A:LEU:474:O
0	hbbb	A:ARG:476:N	A:LEU:475:O
0	hbbb	A:ARG:476:N	A:ARG:476:O
0	hbbb	A:ARG:476:O	A:ARG:477:N
0	hbbb	A:ARG:477:N	A:ARG:477:O
0	hbbb	A:ARG:477:O	A:GLY:478:N
0	hbbb	A:GLY:478:N	A:GLY:478:O
0	hbbb	A:GLY:478:N	A:LEU:520:O
0	hbbb	A:GLU:479:N	A:GLY:478:O
0	hbbb	A:GLU:479:N	A:GLU:479:O
0	hbbb	A:GLU:479:O	A:TYR:480:N
0	hbbb	A:TYR:480:N	A:TYR:480:O
0	hbbb	A:ILE:518:O	A:TYR:480:N
0	hbbb	A:TYR:480:O	A:VAL:481:N
0	hbbb	A:VAL:481:N	A:VAL:481:O
0	hbbb	A:LEU:482:N	A:VAL:481:N
0	hbbb	A:LEU:482:N	A:VAL:481:O
0	hbbb	A:LEU:482:N	A:LEU:482:O
0	hbbb	A:HIS:483:N	A:LEU:482:N
0	hbbb	A:ILE:516:O	A:LEU:482:N
0	hbbb	A:HIS:483:N	A:LEU:482:O
0	hbbb	A:HIS:483:N	A:HIS:483:O
0	hbbb	A:HIS:483:N	A:MET:484:N
0	hbbb	A:HIS:483:O	A:MET:484:N
0	hbbb	A:MET:484:N	A:MET:484:O
0	hbbb	A:MET:484:N	A:MET:514:O
0	hbbb	A:TRP:485:N	A:TYR:463:O
0	hbbb	A:MET:484:O	A:TRP:485:N
0	hbbb	A:TRP:485:N	A:TRP:485:O
0	hbbb	A:GLN:486:N	A:TRP:485:N
0	hbbb	A:GLN:486:N	A:TRP:485:O
0	hbbb	A:GLN:486:N	A:GLN:486:O
0	hbbb	A:ILE:487:N	A:LEU:461:O
0	hbbb	A:GLN:486:O	A:ILE:487:N
0	hbbb	A:ILE:487:N	A:ILE:487:O
0	hbbb	A:ILE:487:O	A:SER:488:N
0	hbbb	A:SER:488:N	A:SER:488:O
0	hbbb	A:GLY:489:N	A:SER:488:O
0	hbbb	A:PHE:497:N	A:PHE:497:O
0	hbbb	A:ASN:498:N	A:PHE:497:N
0	hbbb	A:ASN:498:N	A:PHE:497:O
0	hbbb	A:ASN:498:N	A:ASN:498:O
0	hbbb	A:ALA:499:N	A:ASN:498:O
0	hbbb	A:ALA:499:N	A:ASP:500:N
0	hbbb	A:ALA:499:N	A:MET:1036:O
0	hbbb	A:ASN:498:O	A:ASP:500:N
0	hbbb	A:ALA:499:O	A:ASP:500:N
0	hbbb	A:ASP:500:N	A:LYS:501:N
0	hbbb	A:ASN:498:O	A:LYS:501:N
0	hbbb	A:ALA:499:O	A:LYS:501:N
0	hbbb	A:ASP:500:O	A:LYS:501:N
0	hbbb	A:LEU:502:N	A:LYS:501:N
0	hbbb	A:ALA:499:O	A:LEU:502:N
0	hbbb	A:ASP:500:O	A:LEU:502:N
0	hbbb	A:LEU:502:N	A:LYS:501:O
0	hbbb	A:LEU:502:N	A:THR:503:N
0	hbbb	A:ASP:500:O	A:THR:503:N
0	hbbb	A:LEU:502:O	A:THR:503:N
0	hbbb	A:THR:503:N	A:THR:503:O
0	hbbb	A:SER:504:N	A:THR:503:O
0	hbbb	A:ALA:505:N	A:SER:504:N
0	hbbb	A:ALA:505:N	A:THR:503:O
0	hbbb	A:ALA:505:N	A:SER:504:O
0	hbbb	A:ALA:505:N	A:ALA:505:O
0	hbbb	A:ALA:505:O	A:THR:506:N
0	hbbb	A:THR:506:N	A:THR:506:O
0	hbbb	A:ASN:507:N	A:HIS:483:O
0	hbbb	A:ASN:507:N	A:THR:506:O
0	hbbb	A:ASN:507:N	A:ASN:507:O
0	hbbb	A:ASN:507:N	A:PRO:508:N
0	hbbb	A:ASN:507:O	A:ASP:509:N
0	hbbb	A:ASP:509:N	A:PRO:508:N
0	hbbb	A:ASP:509:N	A:PRO:508:O
0	hbbb	A:ASP:509:N	A:ASP:509:O
0	hbbb	A:ASP:509:N	A:LYS:510:N
0	hbbb	A:LYS:510:N	A:PRO:508:O
0	hbbb	A:ASP:509:O	A:LYS:510:N
0	hbbb	A:GLU:511:N	A:LYS:510:N
0	hbbb	A:GLU:511:N	A:LYS:510:O
0	hbbb	A:ASN:512:N	A:GLU:511:N
0	hbbb	A:ASN:512:N	A:GLU:511:O
0	hbbb	A:ASN:512:N	A:SER:513:N
0	hbbb	A:ASP:509:O	A:SER:513:N
0	hbbb	A:ASN:512:O	A:SER:513:N
0	hbbb	A:SER:513:N	A:SER:513:O
0	hbbb	A:MET:514:N	A:SER:513:O
0	hbbb	A:MET:514:N	A:MET:514:O
0	hbbb	A:MET:514:N	A:SER:515:N
0	hbbb	A:ASP:369:O	A:SER:515:N
0	hbbb	A:MET:514:O	A:SER:515:N
0	hbbb	A:SER:515:N	A:SER:515:O
0	hbbb	A:ILE:516:N	A:LEU:482:O
0	hbbb	A:ILE:516:N	A:SER:515:O
0	hbbb	A:ILE:516:N	A:ILE:516:O
0	hbbb	A:GLY:367:O	A:SER:517:N
0	hbbb	A:ILE:516:O	A:SER:517:N
0	hbbb	A:SER:517:N	A:SER:517:O
0	hbbb	A:ILE:518:N	A:TYR:480:O
0	hbbb	A:ILE:518:N	A:SER:517:O
0	hbbb	A:ILE:518:N	A:ILE:518:O
0	hbbb	A:LEU:519:N	A:LYS:364:O
0	hbbb	A:ILE:518:O	A:LEU:519:N
0	hbbb	A:LEU:519:N	A:LEU:519:O
0	hbbb	A:GLY:478:O	A:LEU:520:N
0	hbbb	A:LEU:519:O	A:LEU:520:N
0	hbbb	A:LEU:520:N	A:LEU:520:O
0	hbbb	A:ASP:521:N	A:LEU:520:N
0	hbbb	A:ASP:521:N	A:LEU:520:O
0	hbbb	A:ASP:521:N	A:ASP:521:O
0	hbbb	A:ASN:522:N	A:ASP:521:N
0	hbbb	A:ASN:522:N	A:ASP:521:O
0	hbbb	A:ASN:522:N	A:ASN:522:O
0	hbbb	A:HIS:525:N	A:HIS:525:O
0	hbbb	A:HIS:525:N	A:PRO:526:N
0	hbbb	A:ILE:527:N	A:PRO:526:O
0	hbbb	A:ILE:527:N	A:ILE:527:O
0	hbbb	A:ALA:528:N	A:ILE:527:O
0	hbbb	A:ARG:544:N	A:ARG:544:O
0	hbbb	A:ALA:545:N	A:ARG:544:O
0	hbbb	A:ALA:545:N	A:ALA:545:O
0	hbbb	A:ALA:545:O	A:GLU:546:N
0	hbbb	A:GLU:546:N	A:GLU:546:O
0	hbbb	A:GLU:546:N	A:MET:547:N
0	hbbb	A:GLU:546:O	A:MET:547:N
0	hbbb	A:MET:547:N	A:MET:547:O
0	hbbb	A:ASN:549:N	A:PRO:548:O
0	hbbb	A:ASN:549:N	A:ASN:549:O
0	hbbb	A:ASN:549:N	A:GLN:550:N
0	hbbb	A:ASN:549:O	A:GLN:550:N
0	hbbb	A:GLN:550:N	A:LEU:551:N
0	hbbb	A:ASN:549:O	A:LEU:551:N
0	hbbb	A:GLN:550:O	A:LEU:551:N
0	hbbb	A:ARG:552:N	A:LEU:551:N
0	hbbb	A:ARG:552:N	A:PRO:548:O
0	hbbb	A:ARG:552:N	A:ASN:549:O
0	hbbb	A:ARG:552:N	A:LEU:551:O
0	hbbb	A:ARG:552:N	A:ARG:552:O
0	hbbb	A:ARG:552:N	A:LYS:553:N
0	hbbb	A:ASN:549:O	A:LYS:553:N
0	hbbb	A:LEU:551:O	A:LYS:553:N
0	hbbb	A:ARG:552:O	A:LYS:553:N
0	hbbb	A:GLN:554:N	A:LYS:553:N
0	hbbb	A:GLN:554:N	A:LEU:551:O
0	hbbb	A:ARG:552:O	A:GLN:554:N
0	hbbb	A:GLN:554:N	A:LYS:553:O
0	hbbb	A:GLN:554:N	A:LEU:555:N
0	hbbb	A:LEU:551:O	A:LEU:555:N
0	hbbb	A:ARG:552:O	A:LEU:555:N
0	hbbb	A:GLN:554:O	A:LEU:555:N
0	hbbb	A:LEU:555:N	A:LEU:555:O
0	hbbb	A:GLU:556:N	A:LEU:555:N
0	hbbb	A:ARG:552:O	A:GLU:556:N
0	hbbb	A:GLU:556:N	A:LEU:555:O
0	hbbb	A:GLU:556:N	A:GLU:556:O
0	hbbb	A:ALA:557:N	A:GLU:556:N
0	hbbb	A:ALA:557:N	A:LYS:553:O
0	hbbb	A:ALA:557:N	A:GLN:554:O
0	hbbb	A:ALA:557:N	A:LEU:555:O
0	hbbb	A:ALA:557:N	A:GLU:556:O
0	hbbb	A:ALA:557:N	A:ALA:557:O
0	hbbb	A:ALA:557:N	A:ILE:558:N
0	hbbb	A:GLN:554:O	A:ILE:558:N
0	hbbb	A:ILE:558:N	A:LEU:555:O
0	hbbb	A:GLU:556:O	A:ILE:558:N
0	hbbb	A:ALA:557:O	A:ILE:558:N
0	hbbb	A:ILE:558:N	A:ILE:559:N
0	hbbb	A:ILE:559:N	A:LEU:555:O
0	hbbb	A:GLU:556:O	A:ILE:559:N
0	hbbb	A:ALA:557:O	A:ILE:559:N
0	hbbb	A:ILE:558:O	A:ILE:559:N
0	hbbb	A:ILE:559:N	A:ILE:559:O
0	hbbb	A:ALA:560:N	A:ILE:559:N
0	hbbb	A:ALA:560:N	A:GLU:556:O
0	hbbb	A:ALA:557:O	A:ALA:560:N
0	hbbb	A:ALA:560:N	A:ILE:559:O
0	hbbb	A:ALA:560:N	A:ALA:560:O
0	hbbb	A:ALA:560:N	A:THR:561:N
0	hbbb	A:ALA:557:O	A:THR:561:N
0	hbbb	A:ILE:559:O	A:THR:561:N
0	hbbb	A:ALA:560:O	A:THR:561:N
0	hbbb	A:THR:561:N	A:THR:561:O
0	hbbb	A:ASP:562:N	A:THR:561:O
0	hbbb	A:ASP:562:N	A:ASP:562:O
0	hbbb	A:ASP:562:O	A:LEU:564:N
0	hbbb	A:LEU:564:N	A:PRO:563:N
0	hbbb	A:LEU:564:N	A:PRO:563:O
0	hbbb	A:ASN:565:N	A:LEU:564:N
0	hbbb	A:ASN:565:N	A:ASP:562:O
0	hbbb	A:ASN:565:N	A:LEU:564:O
0	hbbb	A:ASN:565:N	A:ASN:565:O
0	hbbb	A:ASN:565:N	A:PRO:566:N
0	hbbb	A:LEU:567:N	A:PRO:566:O
0	hbbb	A:LEU:567:N	A:LEU:567:O
0	hbbb	A:LEU:567:N	A:THR:568:N
0	hbbb	A:LEU:567:O	A:THR:568:N
0	hbbb	A:THR:568:N	A:THR:568:O
0	hbbb	A:ALA:569:N	A:THR:568:O
0	hbbb	A:ALA:569:N	A:ALA:569:O
0	hbbb	A:ALA:569:N	A:GLU:570:N
0	hbbb	A:ALA:569:O	A:GLU:570:N
0	hbbb	A:GLU:570:N	A:GLU:570:O
0	hbbb	A:ASP:571:N	A:GLU:570:N
0	hbbb	A:ASP:571:N	A:THR:568:O
0	hbbb	A:ALA:569:O	A:ASP:571:N
0	hbbb	A:ASP:571:N	A:GLU:570:O
0	hbbb	A:ASP:571:N	A:ASP:571:O
0	hbbb	A:ASP:571:N	A:LYS:572:N
0	hbbb	A:LYS:572:N	A:THR:568:O
0	hbbb	A:ALA:569:O	A:LYS:572:N
0	hbbb	A:ASP:571:O	A:LYS:572:N
0	hbbb	A:GLU:573:N	A:LYS:572:N
0	hbbb	A:ALA:569:O	A:GLU:573:N
0	hbbb	A:GLU:573:N	A:LYS:572:O
0	hbbb	A:GLU:573:N	A:LEU:574:N
0	hbbb	A:GLU:570:O	A:LEU:574:N
0	hbbb	A:ASP:571:O	A:LEU:574:N
0	hbbb	A:LEU:574:N	A:LYS:572:O
0	hbbb	A:GLU:573:O	A:LEU:574:N
0	hbbb	A:LEU:574:N	A:LEU:574:O
0	hbbb	A:LEU:574:N	A:LEU:575:N
0	hbbb	A:ASP:571:O	A:LEU:575:N
0	hbbb	A:LEU:574:O	A:LEU:575:N
0	hbbb	A:LEU:575:N	A:TRP:576:N
0	hbbb	A:LYS:572:O	A:TRP:576:N
0	hbbb	A:LEU:574:O	A:TRP:576:N
0	hbbb	A:LEU:575:O	A:TRP:576:N
0	hbbb	A:TRP:576:N	A:TRP:576:O
0	hbbb	A:HIS:577:N	A:TRP:576:N
0	hbbb	A:GLU:573:O	A:HIS:577:N
0	hbbb	A:HIS:577:N	A:LEU:574:O
0	hbbb	A:HIS:577:N	A:TRP:576:O
0	hbbb	A:HIS:577:N	A:HIS:577:O
0	hbbb	A:HIS:577:N	A:PHE:578:N
0	hbbb	A:LEU:574:O	A:PHE:578:N
0	hbbb	A:PHE:578:N	A:TRP:576:O
0	hbbb	A:HIS:577:O	A:PHE:578:N
0	hbbb	A:PHE:578:N	A:PHE:578:O
0	hbbb	A:ARG:579:N	A:PHE:578:N
0	hbbb	A:ARG:579:N	A:LEU:575:O
0	hbbb	A:ARG:579:N	A:TRP:576:O
0	hbbb	A:ARG:579:N	A:HIS:577:O
0	hbbb	A:ARG:579:N	A:PHE:578:O
0	hbbb	A:ARG:579:N	A:TYR:580:N
0	hbbb	A:PHE:578:O	A:TYR:580:N
0	hbbb	A:ARG:579:O	A:TYR:580:N
0	hbbb	A:GLU:581:N	A:TYR:580:N
0	hbbb	A:GLU:581:N	A:PHE:578:O
0	hbbb	A:ARG:579:O	A:GLU:581:N
0	hbbb	A:GLU:581:N	A:TYR:580:O
0	hbbb	A:GLU:581:N	A:GLU:581:O
0	hbbb	A:GLU:581:N	A:SER:582:N
0	hbbb	A:PHE:578:O	A:SER:582:N
0	hbbb	A:ARG:579:O	A:SER:582:N
0	hbbb	A:GLU:581:O	A:SER:582:N
0	hbbb	A:LEU:583:N	A:SER:582:N
0	hbbb	A:ARG:579:O	A:LEU:583:N
0	hbbb	A:GLU:581:O	A:LEU:583:N
0	hbbb	A:LEU:583:N	A:SER:582:O
0	hbbb	A:LEU:583:N	A:LYS:584:N
0	hbbb	A:GLU:581:O	A:LYS:584:N
0	hbbb	A:LYS:584:N	A:SER:582:O
0	hbbb	A:LEU:583:O	A:LYS:584:N
0	hbbb	A:HIS:585:N	A:LYS:584:N
0	hbbb	A:HIS:585:N	A:SER:582:O
0	hbbb	A:HIS:585:N	A:LEU:583:O
0	hbbb	A:HIS:585:N	A:LYS:584:O
0	hbbb	A:HIS:585:N	A:HIS:585:O
0	hbbb	A:HIS:585:N	A:PRO:586:N
0	hbbb	A:HIS:585:O	A:LYS:587:N
0	hbbb	A:LYS:587:N	A:PRO:586:N
0	hbbb	A:LYS:587:N	A:PRO:586:O
0	hbbb	A:ALA:588:N	A:LYS:587:N
0	hbbb	A:ALA:588:N	A:HIS:585:O
0	hbbb	A:ALA:588:N	A:PRO:586:O
0	hbbb	A:ALA:588:N	A:LYS:587:O
0	hbbb	A:ALA:588:N	A:TYR:589:N
0	hbbb	A:PRO:586:O	A:TYR:589:N
0	hbbb	A:LYS:587:O	A:TYR:589:N
0	hbbb	A:ALA:588:O	A:TYR:589:N
0	hbbb	A:TYR:589:N	A:TYR:589:O
0	hbbb	A:PRO:590:N	A:TYR:589:N
0	hbbb	A:ALA:588:O	A:LYS:591:N
0	hbbb	A:LYS:591:N	A:TYR:589:O
0	hbbb	A:LYS:591:N	A:PRO:590:N
0	hbbb	A:LYS:591:N	A:PRO:590:O
0	hbbb	A:LYS:591:N	A:LYS:591:O
0	hbbb	A:LEU:592:N	A:LYS:591:N
0	hbbb	A:ALA:588:O	A:LEU:592:N
0	hbbb	A:LEU:592:N	A:TYR:589:O
0	hbbb	A:LEU:592:N	A:PRO:590:O
0	hbbb	A:LEU:592:N	A:LYS:591:O
0	hbbb	A:LEU:592:N	A:LEU:592:O
0	hbbb	A:LEU:592:N	A:PHE:593:N
0	hbbb	A:PHE:593:N	A:TYR:589:O
0	hbbb	A:PHE:593:N	A:PRO:590:O
0	hbbb	A:LYS:591:O	A:PHE:593:N
0	hbbb	A:LEU:592:O	A:PHE:593:N
0	hbbb	A:PHE:593:N	A:SER:594:N
0	hbbb	A:PRO:590:O	A:SER:594:N
0	hbbb	A:LYS:591:O	A:SER:594:N
0	hbbb	A:LEU:592:O	A:SER:594:N
0	hbbb	A:PHE:593:O	A:SER:594:N
0	hbbb	A:SER:594:N	A:SER:595:N
0	hbbb	A:LYS:591:O	A:SER:595:N
0	hbbb	A:LEU:592:O	A:SER:595:N
0	hbbb	A:SER:594:O	A:SER:595:N
0	hbbb	A:SER:595:N	A:VAL:596:N
0	hbbb	A:SER:595:O	A:VAL:596:N
0	hbbb	A:VAL:596:N	A:VAL:596:O
0	hbbb	A:LYS:597:N	A:VAL:596:N
0	hbbb	A:LYS:597:N	A:VAL:596:O
0	hbbb	A:LYS:597:N	A:LYS:597:O
0	hbbb	A:LYS:597:N	A:TRP:598:N
0	hbbb	A:TRP:598:N	A:VAL:596:O
0	hbbb	A:LYS:597:O	A:TRP:598:N
0	hbbb	A:GLY:599:N	A:TRP:598:N
0	hbbb	A:GLY:599:N	A:LYS:597:O
0	hbbb	A:GLY:599:N	A:TRP:598:O
0	hbbb	A:GLN:600:N	A:GLY:599:N
0	hbbb	A:GLN:600:N	A:LYS:597:O
0	hbbb	A:GLN:600:N	A:TRP:598:O
0	hbbb	A:GLN:600:N	A:GLY:599:O
0	hbbb	A:GLN:600:N	A:GLN:600:O
0	hbbb	A:GLN:600:N	A:GLN:601:N
0	hbbb	A:GLN:600:O	A:GLN:601:N
0	hbbb	A:GLN:601:N	A:GLU:602:N
0	hbbb	A:GLN:600:O	A:GLU:602:N
0	hbbb	A:GLN:601:O	A:GLU:602:N
0	hbbb	A:GLU:602:N	A:ILE:603:N
0	hbbb	A:GLN:600:O	A:ILE:603:N
0	hbbb	A:GLN:601:O	A:ILE:603:N
0	hbbb	A:GLU:602:O	A:ILE:603:N
0	hbbb	A:ILE:603:N	A:ILE:603:O
0	hbbb	A:ILE:603:N	A:VAL:604:N
0	hbbb	A:GLN:600:O	A:VAL:604:N
0	hbbb	A:GLN:601:O	A:VAL:604:N
0	hbbb	A:ILE:603:O	A:VAL:604:N
0	hbbb	A:VAL:604:N	A:VAL:604:O
0	hbbb	A:ALA:605:N	A:VAL:604:N
0	hbbb	A:ALA:605:N	A:GLN:601:O
0	hbbb	A:ALA:605:N	A:ILE:603:O
0	hbbb	A:ALA:605:N	A:VAL:604:O
0	hbbb	A:ALA:605:N	A:LYS:606:N
0	hbbb	A:GLU:602:O	A:LYS:606:N
0	hbbb	A:ILE:603:O	A:LYS:606:N
0	hbbb	A:LYS:606:N	A:VAL:604:O
0	hbbb	A:ALA:605:O	A:LYS:606:N
0	hbbb	A:LYS:606:N	A:LYS:606:O
0	hbbb	A:LYS:606:N	A:THR:607:N
0	hbbb	A:ILE:603:O	A:THR:607:N
0	hbbb	A:THR:607:N	A:VAL:604:O
0	hbbb	A:ALA:605:O	A:THR:607:N
0	hbbb	A:LYS:606:O	A:THR:607:N
0	hbbb	A:THR:607:N	A:TYR:608:N
0	hbbb	A:TYR:608:N	A:VAL:604:O
0	hbbb	A:ALA:605:O	A:TYR:608:N
0	hbbb	A:THR:607:O	A:TYR:608:N
0	hbbb	A:GLN:609:N	A:TYR:608:N
0	hbbb	A:ALA:605:O	A:GLN:609:N
0	hbbb	A:GLN:609:N	A:LYS:606:O
0	hbbb	A:GLN:609:N	A:TYR:608:O
0	hbbb	A:GLN:609:N	A:LEU:610:N
0	hbbb	A:LEU:610:N	A:LYS:606:O
0	hbbb	A:LEU:610:N	A:THR:607:O
0	hbbb	A:LEU:610:N	A:TYR:608:O
0	hbbb	A:GLN:609:O	A:LEU:610:N
0	hbbb	A:LEU:610:N	A:LEU:610:O
0	hbbb	A:LEU:610:N	A:LEU:611:N
0	hbbb	A:LEU:611:N	A:THR:607:O
0	hbbb	A:LEU:611:N	A:TYR:608:O
0	hbbb	A:LEU:610:O	A:LEU:611:N
0	hbbb	A:ALA:612:N	A:LEU:611:N
0	hbbb	A:ALA:612:N	A:TYR:608:O
0	hbbb	A:ALA:612:N	A:GLN:609:O
0	hbbb	A:ALA:612:N	A:LEU:610:O
0	hbbb	A:ALA:612:N	A:LEU:611:O
0	hbbb	A:ALA:612:N	A:ALA:612:O
0	hbbb	A:ALA:612:N	A:ARG:613:N
0	hbbb	A:ARG:613:N	A:LEU:610:O
0	hbbb	A:ALA:612:O	A:ARG:613:N
0	hbbb	A:ARG:613:N	A:ARG:613:O
0	hbbb	A:ARG:613:N	A:ARG:614:N
0	hbbb	A:ALA:612:O	A:ARG:614:N
0	hbbb	A:ARG:613:O	A:ARG:614:N
0	hbbb	A:ARG:614:N	A:GLU:615:N
0	hbbb	A:ARG:614:O	A:GLU:615:N
0	hbbb	A:GLU:615:N	A:GLU:615:O
0	hbbb	A:GLU:615:N	A:VAL:616:N
0	hbbb	A:ARG:614:O	A:VAL:616:N
0	hbbb	A:GLU:615:O	A:VAL:616:N
0	hbbb	A:TRP:617:N	A:VAL:616:N
0	hbbb	A:ARG:614:O	A:TRP:617:N
0	hbbb	A:TRP:617:N	A:VAL:616:O
0	hbbb	A:TRP:617:N	A:TRP:617:O
0	hbbb	A:ASP:618:N	A:TRP:617:N
0	hbbb	A:ARG:614:O	A:ASP:618:N
0	hbbb	A:ASP:618:N	A:GLU:615:O
0	hbbb	A:ASP:618:N	A:TRP:617:O
0	hbbb	A:ASP:618:N	A:GLN:619:N
0	hbbb	A:GLN:619:N	A:GLU:615:O
0	hbbb	A:GLN:619:N	A:TRP:617:O
0	hbbb	A:ASP:618:O	A:GLN:619:N
0	hbbb	A:GLN:619:N	A:SER:620:N
0	hbbb	A:SER:620:N	A:VAL:616:O
0	hbbb	A:SER:620:N	A:TRP:617:O
0	hbbb	A:GLN:619:O	A:SER:620:N
0	hbbb	A:SER:620:N	A:SER:620:O
0	hbbb	A:ALA:621:N	A:SER:620:O
0	hbbb	A:ALA:621:N	A:ALA:621:O
0	hbbb	A:ALA:621:O	A:LEU:622:N
0	hbbb	A:LEU:622:N	A:LEU:622:O
0	hbbb	A:ASP:623:N	A:LEU:622:N
0	hbbb	A:ALA:621:O	A:ASP:623:N
0	hbbb	A:ASP:623:N	A:LEU:622:O
0	hbbb	A:ASP:623:N	A:ASP:623:O
0	hbbb	A:ASP:623:N	A:VAL:624:N
0	hbbb	A:ASP:623:O	A:VAL:624:N
0	hbbb	A:VAL:624:N	A:VAL:624:O
0	hbbb	A:GLY:625:N	A:VAL:624:N
0	hbbb	A:ASP:623:O	A:GLY:625:N
0	hbbb	A:GLY:625:N	A:VAL:624:O
0	hbbb	A:GLY:625:N	A:GLY:625:O
0	hbbb	A:GLY:625:N	A:LEU:626:N
0	hbbb	A:ASP:623:O	A:LEU:626:N
0	hbbb	A:LEU:626:N	A:VAL:624:O
0	hbbb	A:GLY:625:O	A:LEU:626:N
0	hbbb	A:LEU:626:N	A:LEU:626:O
0	hbbb	A:LEU:626:N	A:THR:627:N
0	hbbb	A:ASP:623:O	A:THR:627:N
0	hbbb	A:THR:627:N	A:VAL:624:O
0	hbbb	A:GLY:625:O	A:THR:627:N
0	hbbb	A:LEU:626:O	A:THR:627:N
0	hbbb	A:THR:627:N	A:THR:627:O
0	hbbb	A:MET:628:N	A:THR:627:N
0	hbbb	A:MET:628:N	A:VAL:624:O
0	hbbb	A:GLY:625:O	A:MET:628:N
0	hbbb	A:LEU:626:O	A:MET:628:N
0	hbbb	A:MET:628:N	A:THR:627:O
0	hbbb	A:GLN:629:N	A:MET:628:N
0	hbbb	A:GLN:629:N	A:GLY:625:O
0	hbbb	A:GLN:629:N	A:LEU:626:O
0	hbbb	A:GLN:629:N	A:THR:627:O
0	hbbb	A:GLN:629:N	A:MET:628:O
0	hbbb	A:GLN:629:N	A:GLN:629:O
0	hbbb	A:GLN:629:N	A:LEU:630:N
0	hbbb	A:LEU:626:O	A:LEU:630:N
0	hbbb	A:LEU:630:N	A:THR:627:O
0	hbbb	A:LEU:630:N	A:MET:628:O
0	hbbb	A:GLN:629:O	A:LEU:630:N
0	hbbb	A:LEU:630:N	A:LEU:631:N
0	hbbb	A:LEU:631:N	A:MET:628:O
0	hbbb	A:GLN:629:O	A:LEU:631:N
0	hbbb	A:LEU:630:O	A:LEU:631:N
0	hbbb	A:ASP:632:N	A:LEU:631:N
0	hbbb	A:ASP:632:N	A:MET:628:O
0	hbbb	A:ASP:632:N	A:GLN:629:O
0	hbbb	A:ASP:632:N	A:LEU:631:O
0	hbbb	A:ASP:632:N	A:ASP:632:O
0	hbbb	A:ASP:632:O	A:CYS:633:N
0	hbbb	A:ASN:634:N	A:CYS:633:N
0	hbbb	A:ASN:634:N	A:ASP:632:O
0	hbbb	A:ASN:634:N	A:CYS:633:O
0	hbbb	A:ASN:634:N	A:PHE:635:N
0	hbbb	A:ASP:632:O	A:PHE:635:N
0	hbbb	A:CYS:633:O	A:PHE:635:N
0	hbbb	A:ASN:634:O	A:PHE:635:N
0	hbbb	A:PHE:635:N	A:PHE:635:O
0	hbbb	A:PHE:635:N	A:SER:636:N
0	hbbb	A:PHE:635:O	A:SER:636:N
0	hbbb	A:ASP:637:N	A:SER:636:N
0	hbbb	A:ASP:637:N	A:SER:636:O
0	hbbb	A:ASP:637:N	A:ASP:637:O
0	hbbb	A:ASP:637:N	A:GLU:638:N
0	hbbb	A:ASP:637:O	A:GLU:638:N
0	hbbb	A:GLU:638:N	A:GLU:638:O
0	hbbb	A:ASN:639:N	A:GLU:638:N
0	hbbb	A:ASN:639:N	A:ASP:637:O
0	hbbb	A:ASN:639:N	A:GLU:638:O
0	hbbb	A:ASN:639:N	A:VAL:640:N
0	hbbb	A:ASP:637:O	A:VAL:640:N
0	hbbb	A:ASN:639:O	A:VAL:640:N
0	hbbb	A:VAL:640:N	A:VAL:640:O
0	hbbb	A:ARG:641:N	A:VAL:640:N
0	hbbb	A:ARG:641:N	A:ASP:637:O
0	hbbb	A:ARG:641:N	A:VAL:640:O
0	hbbb	A:ARG:641:N	A:ARG:641:O
0	hbbb	A:ALA:642:N	A:ARG:641:N
0	hbbb	A:ALA:642:N	A:GLU:638:O
0	hbbb	A:ALA:642:N	A:ASN:639:O
0	hbbb	A:ALA:642:N	A:VAL:640:O
0	hbbb	A:ALA:642:N	A:ARG:641:O
0	hbbb	A:ALA:642:N	A:ILE:643:N
0	hbbb	A:ASN:639:O	A:ILE:643:N
0	hbbb	A:ILE:643:N	A:VAL:640:O
0	hbbb	A:ARG:641:O	A:ILE:643:N
0	hbbb	A:ALA:642:O	A:ILE:643:N
0	hbbb	A:ALA:644:N	A:ILE:643:N
0	hbbb	A:ALA:644:N	A:ARG:641:O
0	hbbb	A:ALA:642:O	A:ALA:644:N
0	hbbb	A:ALA:644:N	A:ILE:643:O
0	hbbb	A:ALA:644:N	A:ALA:644:O
0	hbbb	A:ALA:644:N	A:VAL:645:N
0	hbbb	A:ARG:641:O	A:VAL:645:N
0	hbbb	A:ALA:642:O	A:VAL:645:N
0	hbbb	A:ILE:643:O	A:VAL:645:N
0	hbbb	A:ALA:644:O	A:VAL:645:N
0	hbbb	A:GLN:646:N	A:VAL:645:N
0	hbbb	A:ALA:642:O	A:GLN:646:N
0	hbbb	A:GLN:646:N	A:ILE:643:O
0	hbbb	A:GLN:646:N	A:VAL:645:O
0	hbbb	A:GLN:646:N	A:LYS:647:N
0	hbbb	A:ILE:643:O	A:LYS:647:N
0	hbbb	A:ALA:644:O	A:LYS:647:N
0	hbbb	A:LYS:647:N	A:VAL:645:O
0	hbbb	A:GLN:646:O	A:LYS:647:N
0	hbbb	A:LEU:648:N	A:LYS:647:N
0	hbbb	A:ALA:644:O	A:LEU:648:N
0	hbbb	A:LEU:648:N	A:VAL:645:O
0	hbbb	A:LEU:648:N	A:LYS:647:O
0	hbbb	A:GLU:649:N	A:LEU:648:N
0	hbbb	A:GLU:649:N	A:VAL:645:O
0	hbbb	A:GLN:646:O	A:GLU:649:N
0	hbbb	A:GLU:649:N	A:LYS:647:O
0	hbbb	A:GLU:649:N	A:LEU:648:O
0	hbbb	A:GLU:649:N	A:SER:650:N
0	hbbb	A:LYS:647:O	A:SER:650:N
0	hbbb	A:LEU:648:O	A:SER:650:N
0	hbbb	A:GLU:649:O	A:SER:650:N
0	hbbb	A:LEU:651:N	A:SER:650:N
0	hbbb	A:LEU:648:O	A:LEU:651:N
0	hbbb	A:LEU:651:N	A:SER:650:O
0	hbbb	A:LEU:651:N	A:LEU:651:O
0	hbbb	A:GLU:652:N	A:LEU:651:O
0	hbbb	A:GLU:652:N	A:GLU:652:O
0	hbbb	A:ASP:653:N	A:GLU:652:O
0	hbbb	A:ASP:653:N	A:ASP:653:O
0	hbbb	A:ASP:653:N	A:ASP:654:N
0	hbbb	A:ASP:654:N	A:GLU:652:O
0	hbbb	A:ASP:653:O	A:ASP:654:N
0	hbbb	A:ASP:654:N	A:ASP:654:O
0	hbbb	A:ASP:654:N	A:ASP:655:N
0	hbbb	A:ASP:655:N	A:GLU:652:O
0	hbbb	A:ASP:653:O	A:ASP:655:N
0	hbbb	A:ASP:654:O	A:ASP:655:N
0	hbbb	A:ASP:655:N	A:VAL:656:N
0	hbbb	A:GLU:652:O	A:VAL:656:N
0	hbbb	A:ASP:653:O	A:VAL:656:N
0	hbbb	A:ASP:655:O	A:VAL:656:N
0	hbbb	A:VAL:656:N	A:VAL:656:O
0	hbbb	A:LEU:657:N	A:VAL:656:N
0	hbbb	A:ASP:653:O	A:LEU:657:N
0	hbbb	A:ASP:655:O	A:LEU:657:N
0	hbbb	A:LEU:657:N	A:VAL:656:O
0	hbbb	A:HIS:658:N	A:LEU:657:N
0	hbbb	A:ASP:655:O	A:HIS:658:N
0	hbbb	A:HIS:658:N	A:VAL:656:O
0	hbbb	A:HIS:658:N	A:LEU:657:O
0	hbbb	A:HIS:658:N	A:TYR:659:N
0	hbbb	A:ASP:655:O	A:TYR:659:N
0	hbbb	A:TYR:659:N	A:VAL:656:O
0	hbbb	A:LEU:657:O	A:TYR:659:N
0	hbbb	A:HIS:658:O	A:TYR:659:N
0	hbbb	A:LEU:660:N	A:TYR:659:N
0	hbbb	A:LEU:660:N	A:VAL:656:O
0	hbbb	A:LEU:657:O	A:LEU:660:N
0	hbbb	A:LEU:660:N	A:TYR:659:O
0	hbbb	A:LEU:660:N	A:LEU:660:O
0	hbbb	A:LEU:660:N	A:LEU:661:N
0	hbbb	A:LEU:661:N	A:TYR:659:O
0	hbbb	A:LEU:660:O	A:LEU:661:N
0	hbbb	A:GLN:662:N	A:LEU:661:N
0	hbbb	A:GLN:662:N	A:TYR:659:O
0	hbbb	A:GLN:662:N	A:LEU:660:O
0	hbbb	A:GLN:662:N	A:LEU:661:O
0	hbbb	A:GLN:662:N	A:LEU:663:N
0	hbbb	A:LEU:663:N	A:TYR:659:O
0	hbbb	A:LEU:660:O	A:LEU:663:N
0	hbbb	A:GLN:662:O	A:LEU:663:N
0	hbbb	A:LEU:663:N	A:VAL:664:N
0	hbbb	A:LEU:660:O	A:VAL:664:N
0	hbbb	A:LEU:661:O	A:VAL:664:N
0	hbbb	A:LEU:663:O	A:VAL:664:N
0	hbbb	A:GLN:665:N	A:VAL:664:N
0	hbbb	A:GLN:665:N	A:LEU:661:O
0	hbbb	A:GLN:662:O	A:GLN:665:N
0	hbbb	A:GLN:665:N	A:LEU:663:O
0	hbbb	A:GLN:665:N	A:VAL:664:O
0	hbbb	A:ALA:666:N	A:GLN:665:N
0	hbbb	A:ALA:666:N	A:GLN:662:O
0	hbbb	A:ALA:666:N	A:LEU:663:O
0	hbbb	A:ALA:666:N	A:VAL:664:O
0	hbbb	A:ALA:666:N	A:GLN:665:O
0	hbbb	A:ALA:666:N	A:VAL:667:N
0	hbbb	A:VAL:664:O	A:VAL:667:N
0	hbbb	A:GLN:665:O	A:VAL:667:N
0	hbbb	A:ALA:666:O	A:VAL:667:N
0	hbbb	A:LYS:668:N	A:VAL:667:N
0	hbbb	A:GLN:665:O	A:LYS:668:N
0	hbbb	A:ALA:666:O	A:LYS:668:N
0	hbbb	A:LYS:668:N	A:VAL:667:O
0	hbbb	A:LYS:668:N	A:PHE:669:N
0	hbbb	A:ALA:666:O	A:PHE:669:N
0	hbbb	A:PHE:669:N	A:VAL:667:O
0	hbbb	A:LYS:668:O	A:PHE:669:N
0	hbbb	A:GLU:670:N	A:PHE:669:N
0	hbbb	A:GLU:670:N	A:VAL:667:O
0	hbbb	A:GLU:670:N	A:PHE:669:O
0	hbbb	A:GLU:670:N	A:GLU:670:O
0	hbbb	A:GLU:670:O	A:TYR:672:N
0	hbbb	A:PRO:671:N	A:TYR:672:N
0	hbbb	A:PRO:671:O	A:TYR:672:N
0	hbbb	A:TYR:672:N	A:TYR:672:O
0	hbbb	A:HIS:673:N	A:TYR:672:O
0	hbbb	A:HIS:673:N	A:HIS:673:O
0	hbbb	A:ASP:674:N	A:HIS:673:N
0	hbbb	A:ASP:674:N	A:HIS:673:O
0	hbbb	A:ASP:674:N	A:ASP:674:O
0	hbbb	A:ASP:674:N	A:SER:675:N
0	hbbb	A:HIS:673:O	A:SER:675:N
0	hbbb	A:ASP:674:O	A:SER:675:N
0	hbbb	A:SER:675:N	A:SER:675:O
0	hbbb	A:ALA:676:N	A:SER:675:O
0	hbbb	A:ALA:676:N	A:LEU:677:N
0	hbbb	A:LEU:677:N	A:SER:675:O
0	hbbb	A:ALA:676:O	A:LEU:677:N
0	hbbb	A:LEU:677:N	A:LEU:677:O
0	hbbb	A:ALA:678:N	A:LEU:677:N
0	hbbb	A:ALA:678:N	A:SER:675:O
0	hbbb	A:ALA:678:N	A:LEU:677:O
0	hbbb	A:ALA:678:N	A:ALA:678:O
0	hbbb	A:ALA:678:N	A:ARG:679:N
0	hbbb	A:ARG:679:N	A:SER:675:O
0	hbbb	A:ALA:676:O	A:ARG:679:N
0	hbbb	A:ARG:679:N	A:LEU:677:O
0	hbbb	A:ALA:678:O	A:ARG:679:N
0	hbbb	A:ARG:679:N	A:ARG:679:O
0	hbbb	A:ARG:679:N	A:PHE:680:N
0	hbbb	A:ALA:676:O	A:PHE:680:N
0	hbbb	A:LEU:677:O	A:PHE:680:N
0	hbbb	A:ALA:678:O	A:PHE:680:N
0	hbbb	A:ARG:679:O	A:PHE:680:N
0	hbbb	A:LEU:681:N	A:PHE:680:N
0	hbbb	A:LEU:677:O	A:LEU:681:N
0	hbbb	A:ALA:678:O	A:LEU:681:N
0	hbbb	A:ARG:679:O	A:LEU:681:N
0	hbbb	A:LEU:681:N	A:PHE:680:O
0	hbbb	A:LEU:681:N	A:LEU:681:O
0	hbbb	A:LEU:681:N	A:LEU:682:N
0	hbbb	A:ALA:678:O	A:LEU:682:N
0	hbbb	A:ARG:679:O	A:LEU:682:N
0	hbbb	A:LEU:681:O	A:LEU:682:N
0	hbbb	A:LEU:682:N	A:LEU:682:O
0	hbbb	A:LEU:682:N	A:LYS:683:N
0	hbbb	A:ARG:679:O	A:LYS:683:N
0	hbbb	A:LEU:681:O	A:LYS:683:N
0	hbbb	A:LEU:682:O	A:LYS:683:N
0	hbbb	A:LYS:683:N	A:LYS:683:O
0	hbbb	A:ARG:684:N	A:LYS:683:N
0	hbbb	A:ARG:684:N	A:PHE:680:O
0	hbbb	A:ARG:684:N	A:LEU:681:O
0	hbbb	A:ARG:684:N	A:LEU:682:O
0	hbbb	A:ARG:684:N	A:LYS:683:O
0	hbbb	A:ARG:684:N	A:GLY:685:N
0	hbbb	A:GLY:685:N	A:LEU:681:O
0	hbbb	A:GLY:685:N	A:LEU:682:O
0	hbbb	A:GLY:685:N	A:LYS:683:O
0	hbbb	A:ARG:684:O	A:GLY:685:N
0	hbbb	A:GLY:685:N	A:GLY:685:O
0	hbbb	A:GLY:685:N	A:LEU:686:N
0	hbbb	A:LEU:682:O	A:LEU:686:N
0	hbbb	A:LEU:686:N	A:LYS:683:O
0	hbbb	A:GLY:685:O	A:LEU:686:N
0	hbbb	A:ARG:687:N	A:LEU:686:N
0	hbbb	A:ARG:687:N	A:LYS:683:O
0	hbbb	A:ARG:684:O	A:ARG:687:N
0	hbbb	A:ARG:687:N	A:GLY:685:O
0	hbbb	A:ARG:687:N	A:LEU:686:O
0	hbbb	A:ARG:687:N	A:ARG:687:O
0	hbbb	A:ARG:687:N	A:ASN:688:N
0	hbbb	A:ARG:684:O	A:ASN:688:N
0	hbbb	A:ASN:688:N	A:GLY:685:O
0	hbbb	A:ARG:687:O	A:ASN:688:N
0	hbbb	A:ASN:688:N	A:ASN:688:O
0	hbbb	A:ASN:688:O	A:LYS:689:N
0	hbbb	A:ARG:690:N	A:LYS:689:N
0	hbbb	A:ARG:690:N	A:ASN:688:O
0	hbbb	A:ARG:690:N	A:LYS:689:O
0	hbbb	A:ARG:690:N	A:ARG:690:O
0	hbbb	A:ARG:690:N	A:ILE:691:N
0	hbbb	A:ASN:688:O	A:ILE:691:N
0	hbbb	A:ARG:690:O	A:ILE:691:N
0	hbbb	A:ILE:691:N	A:ILE:691:O
0	hbbb	A:GLY:692:N	A:ILE:691:N
0	hbbb	A:GLY:685:O	A:GLY:692:N
0	hbbb	A:ASN:688:O	A:GLY:692:N
0	hbbb	A:GLY:692:N	A:LYS:689:O
0	hbbb	A:ARG:690:O	A:GLY:692:N
0	hbbb	A:GLY:692:N	A:ILE:691:O
0	hbbb	A:GLY:692:N	A:HIS:693:N
0	hbbb	A:HIS:693:N	A:LYS:689:O
0	hbbb	A:ARG:690:O	A:HIS:693:N
0	hbbb	A:HIS:693:N	A:ILE:691:O
0	hbbb	A:GLY:692:O	A:HIS:693:N
0	hbbb	A:HIS:693:N	A:HIS:693:O
0	hbbb	A:HIS:693:N	A:PHE:694:N
0	hbbb	A:ARG:690:O	A:PHE:694:N
0	hbbb	A:ILE:691:O	A:PHE:694:N
0	hbbb	A:GLY:692:O	A:PHE:694:N
0	hbbb	A:HIS:693:O	A:PHE:694:N
0	hbbb	A:PHE:694:N	A:PHE:694:O
0	hbbb	A:LEU:695:N	A:PHE:694:N
0	hbbb	A:ILE:691:O	A:LEU:695:N
0	hbbb	A:GLY:692:O	A:LEU:695:N
0	hbbb	A:LEU:695:N	A:PHE:694:O
0	hbbb	A:LEU:695:N	A:LEU:695:O
0	hbbb	A:LEU:695:N	A:PHE:696:N
0	hbbb	A:GLY:692:O	A:PHE:696:N
0	hbbb	A:HIS:693:O	A:PHE:696:N
0	hbbb	A:PHE:694:O	A:PHE:696:N
0	hbbb	A:LEU:695:O	A:PHE:696:N
0	hbbb	A:PHE:696:N	A:PHE:696:O
0	hbbb	A:PHE:696:N	A:TRP:697:N
0	hbbb	A:HIS:693:O	A:TRP:697:N
0	hbbb	A:PHE:694:O	A:TRP:697:N
0	hbbb	A:LEU:695:O	A:TRP:697:N
0	hbbb	A:PHE:696:O	A:TRP:697:N
0	hbbb	A:PHE:698:N	A:TRP:697:N
0	hbbb	A:PHE:694:O	A:PHE:698:N
0	hbbb	A:LEU:695:O	A:PHE:698:N
0	hbbb	A:PHE:696:O	A:PHE:698:N
0	hbbb	A:PHE:698:N	A:TRP:697:O
0	hbbb	A:PHE:698:N	A:PHE:698:O
0	hbbb	A:LEU:699:N	A:PHE:698:N
0	hbbb	A:LEU:695:O	A:LEU:699:N
0	hbbb	A:LEU:699:N	A:PHE:696:O
0	hbbb	A:LEU:699:N	A:PHE:698:O
0	hbbb	A:ARG:700:N	A:LEU:699:N
0	hbbb	A:ARG:700:N	A:PHE:696:O
0	hbbb	A:ARG:700:N	A:TRP:697:O
0	hbbb	A:ARG:700:N	A:PHE:698:O
0	hbbb	A:ARG:700:N	A:LEU:699:O
0	hbbb	A:ARG:700:N	A:ARG:700:O
0	hbbb	A:ARG:700:N	A:SER:701:N
0	hbbb	A:SER:701:N	A:TRP:697:O
0	hbbb	A:ARG:700:O	A:SER:701:N
0	hbbb	A:SER:701:N	A:SER:701:O
0	hbbb	A:GLU:702:N	A:SER:701:N
0	hbbb	A:GLU:702:N	A:PHE:698:O
0	hbbb	A:GLU:702:N	A:LEU:699:O
0	hbbb	A:ARG:700:O	A:GLU:702:N
0	hbbb	A:GLU:702:N	A:SER:701:O
0	hbbb	A:GLU:702:N	A:ILE:703:N
0	hbbb	A:ILE:703:N	A:LEU:699:O
0	hbbb	A:ARG:700:O	A:ILE:703:N
0	hbbb	A:GLU:702:O	A:ILE:703:N
0	hbbb	A:ILE:703:N	A:ILE:703:O
0	hbbb	A:ALA:704:N	A:ILE:703:N
0	hbbb	A:ALA:704:N	A:ARG:700:O
0	hbbb	A:ALA:704:N	A:GLU:702:O
0	hbbb	A:ALA:704:N	A:ILE:703:O
0	hbbb	A:ALA:704:N	A:GLN:705:N
0	hbbb	A:GLN:705:N	A:SER:701:O
0	hbbb	A:GLN:705:N	A:GLU:702:O
0	hbbb	A:GLN:705:N	A:ILE:703:O
0	hbbb	A:ALA:704:O	A:GLN:705:N
0	hbbb	A:GLN:705:N	A:SER:706:N
0	hbbb	A:GLU:702:O	A:SER:706:N
0	hbbb	A:GLN:705:O	A:SER:706:N
0	hbbb	A:SER:706:N	A:SER:706:O
0	hbbb	A:ARG:707:N	A:SER:706:N
0	hbbb	A:ARG:707:N	A:SER:706:O
0	hbbb	A:ARG:707:N	A:HIS:708:N
0	hbbb	A:ARG:707:O	A:HIS:708:N
0	hbbb	A:HIS:708:N	A:TYR:709:N
0	hbbb	A:ARG:707:O	A:TYR:709:N
0	hbbb	A:HIS:708:O	A:TYR:709:N
0	hbbb	A:GLN:710:N	A:TYR:709:N
0	hbbb	A:GLN:710:N	A:SER:706:O
0	hbbb	A:GLN:710:N	A:TYR:709:O
0	hbbb	A:GLN:710:N	A:GLN:710:O
0	hbbb	A:GLN:710:N	A:GLN:711:N
0	hbbb	A:GLN:710:O	A:GLN:711:N
0	hbbb	A:ARG:712:N	A:GLN:711:N
0	hbbb	A:ARG:712:N	A:GLN:710:O
0	hbbb	A:ARG:712:N	A:GLN:711:O
0	hbbb	A:ARG:712:N	A:ARG:712:O
0	hbbb	A:ARG:712:N	A:PHE:713:N
0	hbbb	A:PHE:713:N	A:TYR:709:O
0	hbbb	A:GLN:710:O	A:PHE:713:N
0	hbbb	A:GLN:711:O	A:PHE:713:N
0	hbbb	A:ARG:712:O	A:PHE:713:N
0	hbbb	A:PHE:713:N	A:PHE:713:O
0	hbbb	A:ALA:714:N	A:PHE:713:N
0	hbbb	A:ALA:714:N	A:GLN:710:O
0	hbbb	A:ALA:714:N	A:GLN:711:O
0	hbbb	A:ALA:714:N	A:PHE:713:O
0	hbbb	A:ALA:714:N	A:VAL:715:N
0	hbbb	A:GLN:711:O	A:VAL:715:N
0	hbbb	A:ARG:712:O	A:VAL:715:N
0	hbbb	A:PHE:713:O	A:VAL:715:N
0	hbbb	A:ALA:714:O	A:VAL:715:N
0	hbbb	A:VAL:715:N	A:VAL:715:O
0	hbbb	A:ILE:716:N	A:VAL:715:N
0	hbbb	A:ARG:712:O	A:ILE:716:N
0	hbbb	A:ILE:716:N	A:PHE:713:O
0	hbbb	A:ILE:716:N	A:VAL:715:O
0	hbbb	A:ILE:716:N	A:LEU:717:N
0	hbbb	A:LEU:717:N	A:PHE:713:O
0	hbbb	A:ALA:714:O	A:LEU:717:N
0	hbbb	A:ILE:716:O	A:LEU:717:N
0	hbbb	A:LEU:717:N	A:LEU:717:O
0	hbbb	A:GLU:718:N	A:LEU:717:N
0	hbbb	A:ALA:714:O	A:GLU:718:N
0	hbbb	A:GLU:718:N	A:LEU:717:O
0	hbbb	A:GLU:718:N	A:GLU:718:O
0	hbbb	A:ALA:719:N	A:GLU:718:N
0	hbbb	A:ALA:719:N	A:VAL:715:O
0	hbbb	A:ALA:719:N	A:LEU:717:O
0	hbbb	A:ALA:719:N	A:GLU:718:O
0	hbbb	A:ALA:719:N	A:ALA:719:O
0	hbbb	A:ALA:719:N	A:TYR:720:N
0	hbbb	A:ILE:716:O	A:TYR:720:N
0	hbbb	A:LEU:717:O	A:TYR:720:N
0	hbbb	A:GLU:718:O	A:TYR:720:N
0	hbbb	A:ALA:719:O	A:TYR:720:N
0	hbbb	A:LEU:721:N	A:TYR:720:N
0	hbbb	A:LEU:717:O	A:LEU:721:N
0	hbbb	A:GLU:718:O	A:LEU:721:N
0	hbbb	A:LEU:721:N	A:TYR:720:O
0	hbbb	A:ARG:722:N	A:LEU:721:N
0	hbbb	A:ARG:722:N	A:GLU:718:O
0	hbbb	A:ALA:719:O	A:ARG:722:N
0	hbbb	A:ARG:722:N	A:TYR:720:O
0	hbbb	A:ARG:722:N	A:LEU:721:O
0	hbbb	A:ARG:722:N	A:GLY:723:N
0	hbbb	A:GLY:723:N	A:TYR:720:O
0	hbbb	A:GLY:723:N	A:LEU:721:O
0	hbbb	A:ARG:722:O	A:GLY:723:N
0	hbbb	A:CYS:724:N	A:GLY:723:N
0	hbbb	A:CYS:724:N	A:TYR:720:O
0	hbbb	A:CYS:724:N	A:GLY:723:O
0	hbbb	A:CYS:724:N	A:GLY:725:N
0	hbbb	A:GLY:723:O	A:GLY:725:N
0	hbbb	A:CYS:724:O	A:GLY:725:N
0	hbbb	A:GLY:725:N	A:GLY:725:O
0	hbbb	A:GLY:725:N	A:THR:726:N
0	hbbb	A:GLU:317:O	A:THR:726:N
0	hbbb	A:GLY:725:O	A:THR:726:N
0	hbbb	A:ALA:727:N	A:THR:726:N
0	hbbb	A:ALA:727:N	A:LEU:315:O
0	hbbb	A:ALA:727:N	A:GLY:725:O
0	hbbb	A:ALA:727:N	A:THR:726:O
0	hbbb	A:ALA:727:N	A:ALA:727:O
0	hbbb	A:ALA:727:N	A:MET:728:N
0	hbbb	A:GLY:725:O	A:MET:728:N
0	hbbb	A:MET:728:N	A:THR:726:O
0	hbbb	A:ALA:727:O	A:MET:728:N
0	hbbb	A:MET:728:N	A:MET:728:O
0	hbbb	A:LEU:729:N	A:MET:728:N
0	hbbb	A:LEU:729:N	A:THR:726:O
0	hbbb	A:LEU:729:N	A:MET:728:O
0	hbbb	A:HIS:730:N	A:LEU:729:N
0	hbbb	A:HIS:730:N	A:THR:726:O
0	hbbb	A:ALA:727:O	A:HIS:730:N
0	hbbb	A:HIS:730:N	A:MET:728:O
0	hbbb	A:HIS:730:N	A:LEU:729:O
0	hbbb	A:ASP:731:N	A:HIS:730:N
0	hbbb	A:ALA:727:O	A:ASP:731:N
0	hbbb	A:ASP:731:N	A:MET:728:O
0	hbbb	A:ASP:731:N	A:HIS:730:O
0	hbbb	A:ASP:731:N	A:ASP:731:O
0	hbbb	A:ASP:731:N	A:PHE:732:N
0	hbbb	A:MET:728:O	A:PHE:732:N
0	hbbb	A:HIS:730:O	A:PHE:732:N
0	hbbb	A:ASP:731:O	A:PHE:732:N
0	hbbb	A:PHE:732:N	A:THR:733:N
0	hbbb	A:LEU:729:O	A:THR:733:N
0	hbbb	A:HIS:730:O	A:THR:733:N
0	hbbb	A:ASP:731:O	A:THR:733:N
0	hbbb	A:PHE:732:O	A:THR:733:N
0	hbbb	A:THR:733:N	A:THR:733:O
0	hbbb	A:GLN:734:N	A:THR:733:N
0	hbbb	A:GLN:734:N	A:HIS:730:O
0	hbbb	A:ASP:731:O	A:GLN:734:N
0	hbbb	A:GLN:734:N	A:THR:733:O
0	hbbb	A:GLN:734:N	A:GLN:734:O
0	hbbb	A:GLN:734:N	A:GLN:735:N
0	hbbb	A:ASP:731:O	A:GLN:735:N
0	hbbb	A:GLN:735:N	A:PHE:732:O
0	hbbb	A:GLN:735:N	A:THR:733:O
0	hbbb	A:GLN:734:O	A:GLN:735:N
0	hbbb	A:GLN:735:N	A:GLN:735:O
0	hbbb	A:GLN:735:N	A:VAL:736:N
0	hbbb	A:PHE:732:O	A:VAL:736:N
0	hbbb	A:THR:733:O	A:VAL:736:N
0	hbbb	A:GLN:735:O	A:VAL:736:N
0	hbbb	A:GLN:737:N	A:VAL:736:N
0	hbbb	A:GLN:737:N	A:THR:733:O
0	hbbb	A:GLN:735:O	A:GLN:737:N
0	hbbb	A:GLN:737:N	A:VAL:736:O
0	hbbb	A:GLN:737:N	A:GLN:737:O
0	hbbb	A:GLN:737:N	A:VAL:738:N
0	hbbb	A:GLN:734:O	A:VAL:738:N
0	hbbb	A:GLN:735:O	A:VAL:738:N
0	hbbb	A:VAL:736:O	A:VAL:738:N
0	hbbb	A:GLN:737:O	A:VAL:738:N
0	hbbb	A:VAL:738:N	A:VAL:738:O
0	hbbb	A:ILE:739:N	A:VAL:738:N
0	hbbb	A:GLN:735:O	A:ILE:739:N
0	hbbb	A:GLN:737:O	A:ILE:739:N
0	hbbb	A:ILE:739:N	A:VAL:738:O
0	hbbb	A:GLU:740:N	A:ILE:739:N
0	hbbb	A:GLU:740:N	A:VAL:736:O
0	hbbb	A:GLN:737:O	A:GLU:740:N
0	hbbb	A:GLU:740:N	A:VAL:738:O
0	hbbb	A:GLU:740:N	A:ILE:739:O
0	hbbb	A:GLU:740:N	A:MET:741:N
0	hbbb	A:GLN:737:O	A:MET:741:N
0	hbbb	A:MET:741:N	A:VAL:738:O
0	hbbb	A:GLU:740:O	A:MET:741:N
0	hbbb	A:LEU:742:N	A:MET:741:N
0	hbbb	A:LEU:742:N	A:VAL:738:O
0	hbbb	A:ILE:739:O	A:LEU:742:N
0	hbbb	A:GLU:740:O	A:LEU:742:N
0	hbbb	A:LEU:742:N	A:MET:741:O
0	hbbb	A:GLN:743:N	A:LEU:742:N
0	hbbb	A:GLN:743:N	A:ILE:739:O
0	hbbb	A:GLN:743:N	A:LEU:742:O
0	hbbb	A:GLN:743:N	A:LYS:744:N
0	hbbb	A:GLU:740:O	A:LYS:744:N
0	hbbb	A:LYS:744:N	A:MET:741:O
0	hbbb	A:GLN:743:O	A:LYS:744:N
0	hbbb	A:LYS:744:N	A:LYS:744:O
0	hbbb	A:LYS:744:N	A:VAL:745:N
0	hbbb	A:MET:741:O	A:VAL:745:N
0	hbbb	A:LEU:742:O	A:VAL:745:N
0	hbbb	A:GLN:743:O	A:VAL:745:N
0	hbbb	A:LYS:744:O	A:VAL:745:N
0	hbbb	A:THR:746:N	A:VAL:745:N
0	hbbb	A:LEU:742:O	A:THR:746:N
0	hbbb	A:GLN:743:O	A:THR:746:N
0	hbbb	A:THR:746:N	A:VAL:745:O
0	hbbb	A:LEU:747:N	A:THR:746:N
0	hbbb	A:GLN:743:O	A:LEU:747:N
0	hbbb	A:LEU:747:N	A:LYS:744:O
0	hbbb	A:LEU:747:N	A:VAL:745:O
0	hbbb	A:LEU:747:N	A:THR:746:O
0	hbbb	A:ASP:748:N	A:LEU:747:N
0	hbbb	A:ASP:748:N	A:LYS:744:O
0	hbbb	A:ASP:748:N	A:LEU:747:O
0	hbbb	A:ASP:748:N	A:ILE:749:N
0	hbbb	A:ILE:749:N	A:VAL:745:O
0	hbbb	A:ILE:749:N	A:LEU:747:O
0	hbbb	A:ASP:748:O	A:ILE:749:N
0	hbbb	A:ILE:749:N	A:LYS:750:N
0	hbbb	A:LEU:747:O	A:LYS:750:N
0	hbbb	A:ILE:749:O	A:LYS:750:N
0	hbbb	A:LYS:750:N	A:SER:751:N
0	hbbb	A:LEU:747:O	A:SER:751:N
0	hbbb	A:ASP:748:O	A:SER:751:N
0	hbbb	A:LYS:750:O	A:SER:751:N
0	hbbb	A:LEU:752:N	A:SER:751:N
0	hbbb	A:ILE:749:O	A:LEU:752:N
0	hbbb	A:LEU:752:N	A:LYS:750:O
0	hbbb	A:LEU:752:N	A:SER:751:O
0	hbbb	A:LEU:752:N	A:LEU:752:O
0	hbbb	A:LEU:752:N	A:SER:753:N
0	hbbb	A:LEU:752:O	A:SER:753:N
0	hbbb	A:SER:753:N	A:SER:753:O
0	hbbb	A:ALA:754:N	A:SER:753:N
0	hbbb	A:ALA:754:N	A:LEU:752:O
0	hbbb	A:ALA:754:N	A:SER:753:O
0	hbbb	A:ALA:754:N	A:ALA:754:O
0	hbbb	A:ALA:754:N	A:GLU:755:N
0	hbbb	A:ALA:754:O	A:GLU:755:N
0	hbbb	A:GLU:755:N	A:GLU:755:O
0	hbbb	A:GLU:755:N	A:LYS:756:N
0	hbbb	A:GLU:755:O	A:LYS:756:N
0	hbbb	A:LYS:756:N	A:LYS:756:O
0	hbbb	A:LYS:756:N	A:TYR:757:N
0	hbbb	A:GLU:755:O	A:TYR:757:N
0	hbbb	A:LYS:756:O	A:TYR:757:N
0	hbbb	A:ASP:758:N	A:TYR:757:N
0	hbbb	A:ASP:758:N	A:LYS:756:O
0	hbbb	A:ASP:758:N	A:TYR:757:O
0	hbbb	A:ASP:758:N	A:ASP:758:O
0	hbbb	A:ASP:758:O	A:VAL:759:N
0	hbbb	A:VAL:759:N	A:VAL:759:O
0	hbbb	A:SER:760:N	A:VAL:759:N
0	hbbb	A:SER:760:N	A:VAL:759:O
0	hbbb	A:SER:760:N	A:SER:760:O
0	hbbb	A:SER:760:O	A:SER:761:N
0	hbbb	A:SER:761:N	A:SER:761:O
0	hbbb	A:GLN:762:N	A:SER:761:N
0	hbbb	A:GLN:762:N	A:SER:760:O
0	hbbb	A:GLN:762:N	A:SER:761:O
0	hbbb	A:GLN:762:N	A:VAL:763:N
0	hbbb	A:SER:760:O	A:VAL:763:N
0	hbbb	A:SER:761:O	A:VAL:763:N
0	hbbb	A:GLN:762:O	A:VAL:763:N
0	hbbb	A:ILE:764:N	A:VAL:763:N
0	hbbb	A:ILE:764:N	A:SER:761:O
0	hbbb	A:ILE:764:N	A:VAL:763:O
0	hbbb	A:ILE:764:N	A:ILE:764:O
0	hbbb	A:ILE:764:N	A:SER:765:N
0	hbbb	A:SER:761:O	A:SER:765:N
0	hbbb	A:ILE:764:O	A:SER:765:N
0	hbbb	A:SER:765:N	A:SER:765:O
0	hbbb	A:GLN:766:N	A:SER:765:N
0	hbbb	A:GLN:762:O	A:GLN:766:N
0	hbbb	A:GLN:766:N	A:ILE:764:O
0	hbbb	A:GLN:766:N	A:SER:765:O
0	hbbb	A:GLN:766:N	A:GLN:766:O
0	hbbb	A:GLN:766:N	A:LEU:767:N
0	hbbb	A:LEU:767:N	A:VAL:763:O
0	hbbb	A:ILE:764:O	A:LEU:767:N
0	hbbb	A:LEU:767:N	A:SER:765:O
0	hbbb	A:GLN:766:O	A:LEU:767:N
0	hbbb	A:LEU:767:N	A:LEU:767:O
0	hbbb	A:LEU:767:N	A:LYS:768:N
0	hbbb	A:ILE:764:O	A:LYS:768:N
0	hbbb	A:LYS:768:N	A:SER:765:O
0	hbbb	A:GLN:766:O	A:LYS:768:N
0	hbbb	A:LEU:767:O	A:LYS:768:N
0	hbbb	A:LYS:768:N	A:LYS:768:O
0	hbbb	A:GLN:769:N	A:LYS:768:N
0	hbbb	A:GLN:769:N	A:SER:765:O
0	hbbb	A:GLN:766:O	A:GLN:769:N
0	hbbb	A:GLN:769:N	A:LYS:768:O
0	hbbb	A:GLN:769:N	A:LYS:770:N
0	hbbb	A:GLN:766:O	A:LYS:770:N
0	hbbb	A:LEU:767:O	A:LYS:770:N
0	hbbb	A:LYS:768:O	A:LYS:770:N
0	hbbb	A:GLN:769:O	A:LYS:770:N
0	hbbb	A:LEU:771:N	A:LYS:770:N
0	hbbb	A:LEU:767:O	A:LEU:771:N
0	hbbb	A:LEU:771:N	A:LYS:768:O
0	hbbb	A:LEU:771:N	A:LYS:770:O
0	hbbb	A:GLU:772:N	A:LEU:771:N
0	hbbb	A:GLU:772:N	A:LYS:768:O
0	hbbb	A:GLU:772:N	A:LYS:770:O
0	hbbb	A:GLU:772:N	A:LEU:771:O
0	hbbb	A:GLU:772:N	A:GLU:772:O
0	hbbb	A:ASN:773:N	A:GLU:772:N
0	hbbb	A:ASN:773:N	A:GLN:769:O
0	hbbb	A:ASN:773:N	A:LYS:770:O
0	hbbb	A:ASN:773:N	A:GLU:772:O
0	hbbb	A:ASN:773:N	A:LEU:774:N
0	hbbb	A:LEU:774:N	A:LYS:770:O
0	hbbb	A:LEU:771:O	A:LEU:774:N
0	hbbb	A:GLU:772:O	A:LEU:774:N
0	hbbb	A:ASN:773:O	A:LEU:774:N
0	hbbb	A:GLN:775:N	A:LEU:774:N
0	hbbb	A:GLN:775:N	A:LEU:771:O
0	hbbb	A:GLN:775:N	A:LEU:774:O
0	hbbb	A:ASN:776:N	A:GLN:775:N
0	hbbb	A:ASN:776:N	A:GLU:772:O
0	hbbb	A:ASN:776:N	A:GLN:775:O
0	hbbb	A:ASN:776:N	A:SER:777:N
0	hbbb	A:GLN:775:O	A:SER:777:N
0	hbbb	A:ASN:776:O	A:SER:777:N
0	hbbb	A:GLN:778:N	A:SER:777:N
0	hbbb	A:GLN:778:N	A:SER:777:O
0	hbbb	A:GLN:778:N	A:LEU:779:N
0	hbbb	A:LEU:774:O	A:LEU:779:N
0	hbbb	A:GLN:778:O	A:LEU:779:N
0	hbbb	A:LEU:779:N	A:LEU:779:O
0	hbbb	A:GLU:781:N	A:PRO:780:O
0	hbbb	A:GLU:781:N	A:SER:782:N
0	hbbb	A:PRO:780:O	A:SER:782:N
0	hbbb	A:GLU:781:O	A:SER:782:N
0	hbbb	A:SER:782:N	A:SER:782:O
0	hbbb	A:PHE:783:N	A:SER:782:O
0	hbbb	A:PHE:783:N	A:PHE:783:O
0	hbbb	A:ALA:793:O	A:PHE:783:N
0	hbbb	A:ARG:784:N	A:PHE:783:O
0	hbbb	A:ARG:784:N	A:ARG:784:O
0	hbbb	A:ARG:784:O	A:VAL:785:N
0	hbbb	A:VAL:785:N	A:VAL:785:O
0	hbbb	A:PRO:786:N	A:VAL:785:N
0	hbbb	A:LEU:791:O	A:VAL:785:N
0	hbbb	A:TYR:787:N	A:VAL:785:O
0	hbbb	A:PRO:786:N	A:TYR:787:N
0	hbbb	A:PRO:786:O	A:TYR:787:N
0	hbbb	A:ASP:788:N	A:TYR:787:N
0	hbbb	A:ASP:788:N	A:VAL:785:O
0	hbbb	A:ASP:788:N	A:TYR:787:O
0	hbbb	A:ASP:788:N	A:ASP:788:O
0	hbbb	A:ASP:788:N	A:PRO:789:N
0	hbbb	A:ASP:788:O	A:GLY:790:N
0	hbbb	A:GLY:790:N	A:PRO:789:N
0	hbbb	A:GLY:790:N	A:PRO:789:O
0	hbbb	A:GLY:790:N	A:LEU:791:N
0	hbbb	A:ASP:788:O	A:LEU:791:N
0	hbbb	A:LEU:791:N	A:PRO:789:O
0	hbbb	A:GLY:790:O	A:LEU:791:N
0	hbbb	A:LEU:791:N	A:LEU:791:O
0	hbbb	A:LEU:791:N	A:LYS:792:N
0	hbbb	A:LEU:791:O	A:LYS:792:N
0	hbbb	A:LYS:792:N	A:LYS:792:O
0	hbbb	A:ALA:793:N	A:LYS:792:N
0	hbbb	A:ALA:793:N	A:PHE:783:O
0	hbbb	A:ALA:793:N	A:LYS:792:O
0	hbbb	A:ALA:793:N	A:ALA:793:O
0	hbbb	A:ALA:793:O	A:GLY:794:N
0	hbbb	A:GLY:794:N	A:GLY:794:O
0	hbbb	A:ALA:795:N	A:GLY:794:N
0	hbbb	A:GLY:794:N	A:LYS:816:O
0	hbbb	A:ALA:818:N	A:GLY:794:N
0	hbbb	A:ALA:795:N	A:GLY:794:O
0	hbbb	A:ALA:795:N	A:ALA:795:O
0	hbbb	A:ALA:795:O	A:LEU:796:N
0	hbbb	A:LEU:796:N	A:LEU:796:O
0	hbbb	A:ALA:797:N	A:LEU:796:O
0	hbbb	A:ALA:797:N	A:ALA:797:O
0	hbbb	A:ALA:797:N	A:ILE:798:N
0	hbbb	A:ALA:797:N	A:GLU:814:O
0	hbbb	A:ILE:798:N	A:LEU:796:O
0	hbbb	A:ALA:797:O	A:ILE:798:N
0	hbbb	A:GLU:799:N	A:ILE:798:N
0	hbbb	A:ALA:797:O	A:GLU:799:N
0	hbbb	A:GLU:799:N	A:ILE:798:O
0	hbbb	A:GLU:799:N	A:LYS:800:N
0	hbbb	A:ALA:797:O	A:LYS:800:N
0	hbbb	A:ILE:798:O	A:LYS:800:N
0	hbbb	A:GLU:799:O	A:LYS:800:N
0	hbbb	A:CYS:801:N	A:LYS:800:N
0	hbbb	A:ALA:797:O	A:CYS:801:N
0	hbbb	A:CYS:801:N	A:ILE:798:O
0	hbbb	A:CYS:801:N	A:LYS:800:O
0	hbbb	A:CYS:801:N	A:CYS:801:O
0	hbbb	A:CYS:801:O	A:LYS:802:N
0	hbbb	A:LYS:802:N	A:LYS:802:O
0	hbbb	A:LYS:802:N	A:TRP:812:O
0	hbbb	A:LYS:802:O	A:VAL:803:N
0	hbbb	A:VAL:803:N	A:VAL:803:O
0	hbbb	A:MET:804:N	A:VAL:803:O
0	hbbb	A:MET:804:N	A:MET:804:O
0	hbbb	A:MET:804:N	A:PRO:810:O
0	hbbb	A:ALA:805:N	A:MET:804:O
0	hbbb	A:ALA:805:N	A:SER:806:N
0	hbbb	A:MET:804:O	A:SER:806:N
0	hbbb	A:ALA:805:O	A:SER:806:N
0	hbbb	A:SER:806:N	A:SER:806:O
0	hbbb	A:LYS:807:N	A:SER:806:O
0	hbbb	A:LYS:807:N	A:LYS:808:N
0	hbbb	A:LYS:807:N	A:LYS:808:O
0	hbbb	A:LYS:807:O	A:LYS:808:N
0	hbbb	A:LYS:808:N	A:LYS:808:O
0	hbbb	A:LYS:808:O	A:LYS:809:N
0	hbbb	A:LYS:809:N	A:LYS:809:O
0	hbbb	A:LYS:809:N	A:PRO:810:N
0	hbbb	A:LEU:811:N	A:PRO:810:O
0	hbbb	A:LEU:811:N	A:LEU:811:O
0	hbbb	A:LEU:811:N	A:PHE:832:O
0	hbbb	A:LYS:802:O	A:TRP:812:N
0	hbbb	A:LEU:811:O	A:TRP:812:N
0	hbbb	A:TRP:812:N	A:TRP:812:O
0	hbbb	A:LEU:813:N	A:TRP:812:N
0	hbbb	A:LEU:813:N	A:TRP:812:O
0	hbbb	A:LEU:813:N	A:LEU:813:O
0	hbbb	A:ILE:830:O	A:LEU:813:N
0	hbbb	A:GLU:814:N	A:LEU:813:O
0	hbbb	A:GLU:814:N	A:GLU:814:O
0	hbbb	A:GLU:814:N	A:PHE:815:N
0	hbbb	A:GLU:814:O	A:PHE:815:N
0	hbbb	A:PHE:815:N	A:PHE:815:O
0	hbbb	A:ILE:828:O	A:PHE:815:N
0	hbbb	A:ALA:795:O	A:LYS:816:N
0	hbbb	A:LYS:816:N	A:PHE:815:O
0	hbbb	A:LYS:816:N	A:LYS:816:O
0	hbbb	A:CYS:817:N	A:LYS:816:O
0	hbbb	A:CYS:817:N	A:CYS:817:O
0	hbbb	A:ALA:818:N	A:CYS:817:N
0	hbbb	A:ALA:818:N	A:LYS:792:O
0	hbbb	A:ALA:818:N	A:CYS:817:O
0	hbbb	A:ALA:818:N	A:ASP:819:N
0	hbbb	A:ASP:819:N	A:CYS:817:O
0	hbbb	A:ALA:818:O	A:ASP:819:N
0	hbbb	A:ASP:819:N	A:ASP:819:O
0	hbbb	A:ASP:819:N	A:PRO:820:N
0	hbbb	A:ASP:819:O	A:THR:821:N
0	hbbb	A:PRO:820:N	A:THR:821:N
0	hbbb	A:PRO:820:O	A:THR:821:N
0	hbbb	A:ALA:822:N	A:THR:821:N
0	hbbb	A:ALA:822:N	A:ASP:819:O
0	hbbb	A:ALA:822:N	A:THR:821:O
0	hbbb	A:ALA:822:N	A:ALA:822:O
0	hbbb	A:ALA:822:O	A:LEU:823:N
0	hbbb	A:LEU:823:N	A:SER:824:N
0	hbbb	A:LEU:823:O	A:SER:824:N
0	hbbb	A:SER:824:N	A:SER:824:O
0	hbbb	A:ASN:825:N	A:SER:824:O
0	hbbb	A:ASN:825:N	A:GLU:826:N
0	hbbb	A:GLU:826:N	A:SER:824:O
0	hbbb	A:ASN:825:O	A:GLU:826:N
0	hbbb	A:GLU:826:N	A:GLU:826:O
0	hbbb	A:GLU:826:N	A:THR:827:N
0	hbbb	A:ASN:825:O	A:THR:827:N
0	hbbb	A:GLU:826:O	A:THR:827:N
0	hbbb	A:THR:827:N	A:THR:827:O
0	hbbb	A:ILE:828:N	A:PHE:815:O
0	hbbb	A:ILE:828:N	A:THR:827:O
0	hbbb	A:ILE:828:N	A:ILE:828:O
0	hbbb	A:GLY:829:N	A:ILE:828:N
0	hbbb	A:GLY:829:N	A:ILE:828:O
0	hbbb	A:GLY:829:N	A:GLY:829:O
0	hbbb	A:GLY:829:N	A:ILE:830:N
0	hbbb	A:ILE:830:N	A:LEU:813:O
0	hbbb	A:GLY:829:O	A:ILE:830:N
0	hbbb	A:ILE:830:N	A:ILE:830:O
0	hbbb	A:ILE:830:N	A:ILE:831:N
0	hbbb	A:ILE:830:O	A:ILE:831:N
0	hbbb	A:ILE:831:N	A:ILE:831:O
0	hbbb	A:ILE:831:N	A:PHE:832:N
0	hbbb	A:ILE:831:N	A:ILE:879:O
0	hbbb	A:LEU:811:O	A:PHE:832:N
0	hbbb	A:ILE:831:O	A:PHE:832:N
0	hbbb	A:PHE:832:N	A:PHE:832:O
0	hbbb	A:LYS:833:N	A:PHE:832:O
0	hbbb	A:LYS:833:N	A:LYS:833:O
0	hbbb	A:HIS:834:N	A:LYS:833:N
0	hbbb	A:GLY:877:O	A:LYS:833:N
0	hbbb	A:HIS:834:N	A:LYS:833:O
0	hbbb	A:HIS:834:N	A:HIS:834:O
0	hbbb	A:GLY:835:N	A:HIS:834:O
0	hbbb	A:ASP:836:N	A:GLY:835:N
0	hbbb	A:GLY:835:N	A:LYS:875:O
0	hbbb	A:ASP:836:N	A:GLY:835:O
0	hbbb	A:ASP:836:N	A:ASP:836:O
0	hbbb	A:ASP:836:O	A:ASP:837:N
0	hbbb	A:ASP:837:N	A:ASP:837:O
0	hbbb	A:ASP:837:N	A:LEU:838:N
0	hbbb	A:ASP:836:O	A:LEU:838:N
0	hbbb	A:ASP:837:O	A:LEU:838:N
0	hbbb	A:ARG:839:N	A:LEU:838:N
0	hbbb	A:ARG:839:N	A:LEU:838:O
0	hbbb	A:ARG:839:N	A:ARG:839:O
0	hbbb	A:ARG:839:N	A:GLN:840:N
0	hbbb	A:GLN:840:N	A:LEU:838:O
0	hbbb	A:ARG:839:O	A:GLN:840:N
0	hbbb	A:ASP:841:N	A:GLN:840:N
0	hbbb	A:ASP:841:N	A:LEU:838:O
0	hbbb	A:ARG:839:O	A:ASP:841:N
0	hbbb	A:ASP:841:N	A:GLN:840:O
0	hbbb	A:ASP:841:N	A:ASP:841:O
0	hbbb	A:ASP:841:N	A:MET:842:N
0	hbbb	A:LEU:838:O	A:MET:842:N
0	hbbb	A:ARG:839:O	A:MET:842:N
0	hbbb	A:ASP:841:O	A:MET:842:N
0	hbbb	A:LEU:843:N	A:MET:842:N
0	hbbb	A:ARG:839:O	A:LEU:843:N
0	hbbb	A:GLN:840:O	A:LEU:843:N
0	hbbb	A:ASP:841:O	A:LEU:843:N
0	hbbb	A:LEU:843:N	A:MET:842:O
0	hbbb	A:ILE:844:N	A:LEU:843:N
0	hbbb	A:GLN:840:O	A:ILE:844:N
0	hbbb	A:ASP:841:O	A:ILE:844:N
0	hbbb	A:ILE:844:N	A:LEU:843:O
0	hbbb	A:ILE:844:N	A:ILE:844:O
0	hbbb	A:ILE:844:N	A:LEU:845:N
0	hbbb	A:ASP:841:O	A:LEU:845:N
0	hbbb	A:LEU:845:N	A:MET:842:O
0	hbbb	A:LEU:843:O	A:LEU:845:N
0	hbbb	A:ILE:844:O	A:LEU:845:N
0	hbbb	A:GLN:846:N	A:LEU:845:N
0	hbbb	A:GLN:846:N	A:MET:842:O
0	hbbb	A:GLN:846:N	A:LEU:843:O
0	hbbb	A:GLN:846:N	A:ILE:844:O
0	hbbb	A:GLN:846:N	A:LEU:845:O
0	hbbb	A:GLN:846:N	A:GLN:846:O
0	hbbb	A:GLN:846:N	A:ILE:847:N
0	hbbb	A:ILE:847:N	A:LEU:843:O
0	hbbb	A:ILE:844:O	A:ILE:847:N
0	hbbb	A:ILE:847:N	A:LEU:845:O
0	hbbb	A:GLN:846:O	A:ILE:847:N
0	hbbb	A:ILE:847:N	A:ILE:847:O
0	hbbb	A:ILE:847:N	A:LEU:848:N
0	hbbb	A:ILE:844:O	A:LEU:848:N
0	hbbb	A:LEU:845:O	A:LEU:848:N
0	hbbb	A:GLN:846:O	A:LEU:848:N
0	hbbb	A:ILE:847:O	A:LEU:848:N
0	hbbb	A:ARG:849:N	A:LEU:848:N
0	hbbb	A:ARG:849:N	A:LEU:845:O
0	hbbb	A:ARG:849:N	A:GLN:846:O
0	hbbb	A:ARG:849:N	A:ILE:847:O
0	hbbb	A:ARG:849:N	A:LEU:848:O
0	hbbb	A:ARG:849:N	A:ILE:850:N
0	hbbb	A:GLN:846:O	A:ILE:850:N
0	hbbb	A:ILE:847:O	A:ILE:850:N
0	hbbb	A:ILE:850:N	A:LEU:848:O
0	hbbb	A:ARG:849:O	A:ILE:850:N
0	hbbb	A:ILE:850:N	A:ILE:850:O
0	hbbb	A:ILE:850:N	A:MET:851:N
0	hbbb	A:ILE:847:O	A:MET:851:N
0	hbbb	A:LEU:848:O	A:MET:851:N
0	hbbb	A:ILE:850:O	A:MET:851:N
0	hbbb	A:MET:851:N	A:MET:851:O
0	hbbb	A:GLU:852:N	A:MET:851:N
0	hbbb	A:GLU:852:N	A:LEU:848:O
0	hbbb	A:ARG:849:O	A:GLU:852:N
0	hbbb	A:GLU:852:N	A:ILE:850:O
0	hbbb	A:GLU:852:N	A:MET:851:O
0	hbbb	A:GLU:852:N	A:SER:853:N
0	hbbb	A:ARG:849:O	A:SER:853:N
0	hbbb	A:ILE:850:O	A:SER:853:N
0	hbbb	A:MET:851:O	A:SER:853:N
0	hbbb	A:GLU:852:O	A:SER:853:N
0	hbbb	A:ILE:854:N	A:SER:853:N
0	hbbb	A:ILE:850:O	A:ILE:854:N
0	hbbb	A:ILE:854:N	A:MET:851:O
0	hbbb	A:ILE:854:N	A:SER:853:O
0	hbbb	A:ILE:854:N	A:ILE:854:O
0	hbbb	A:ILE:854:N	A:TRP:855:N
0	hbbb	A:MET:851:O	A:TRP:855:N
0	hbbb	A:GLU:852:O	A:TRP:855:N
0	hbbb	A:SER:853:O	A:TRP:855:N
0	hbbb	A:ILE:854:O	A:TRP:855:N
0	hbbb	A:GLU:856:N	A:TRP:855:N
0	hbbb	A:GLU:852:O	A:GLU:856:N
0	hbbb	A:GLU:856:N	A:SER:853:O
0	hbbb	A:GLU:856:N	A:ILE:854:O
0	hbbb	A:GLU:856:N	A:TRP:855:O
0	hbbb	A:GLU:856:N	A:THR:857:N
0	hbbb	A:SER:853:O	A:THR:857:N
0	hbbb	A:ILE:854:O	A:THR:857:N
0	hbbb	A:THR:857:N	A:TRP:855:O
0	hbbb	A:GLU:856:O	A:THR:857:N
0	hbbb	A:GLU:858:N	A:THR:857:N
0	hbbb	A:GLU:858:N	A:TRP:855:O
0	hbbb	A:GLU:856:O	A:GLU:858:N
0	hbbb	A:GLU:858:N	A:THR:857:O
0	hbbb	A:GLU:858:N	A:SER:859:N
0	hbbb	A:SER:859:N	A:TRP:855:O
0	hbbb	A:GLU:856:O	A:SER:859:N
0	hbbb	A:GLU:858:O	A:SER:859:N
0	hbbb	A:LEU:860:N	A:SER:859:N
0	hbbb	A:LEU:860:N	A:TRP:855:O
0	hbbb	A:GLU:858:O	A:LEU:860:N
0	hbbb	A:LEU:860:N	A:SER:859:O
0	hbbb	A:LEU:860:N	A:LEU:860:O
0	hbbb	A:ASP:861:N	A:LEU:860:O
0	hbbb	A:ASP:861:N	A:ASP:861:O
0	hbbb	A:ASP:861:N	A:LEU:862:N
0	hbbb	A:ASP:861:O	A:LEU:862:N
0	hbbb	A:CYS:863:N	A:LEU:862:N
0	hbbb	A:CYS:863:N	A:LEU:862:O
0	hbbb	A:CYS:863:N	A:LEU:864:N
0	hbbb	A:LEU:862:O	A:LEU:864:N
0	hbbb	A:CYS:863:O	A:LEU:864:N
0	hbbb	A:LEU:864:N	A:LEU:864:O
0	hbbb	A:CYS:863:O	A:LEU:865:N
0	hbbb	A:LEU:864:O	A:LEU:865:N
0	hbbb	A:LEU:865:N	A:LEU:865:O
0	hbbb	A:LEU:865:N	A:PRO:866:N
0	hbbb	A:LEU:865:O	A:TYR:867:N
0	hbbb	A:PRO:866:N	A:TYR:867:N
0	hbbb	A:PRO:866:O	A:TYR:867:N
0	hbbb	A:TYR:867:N	A:TYR:867:O
0	hbbb	A:GLY:868:N	A:TYR:867:O
0	hbbb	A:GLY:868:N	A:GLY:868:O
0	hbbb	A:CYS:869:N	A:GLY:868:O
0	hbbb	A:CYS:869:N	A:CYS:869:O
0	hbbb	A:CYS:869:N	A:ILE:870:N
0	hbbb	A:CYS:869:O	A:ILE:870:N
0	hbbb	A:ILE:870:N	A:ILE:870:O
0	hbbb	A:ILE:870:N	A:SER:871:N
0	hbbb	A:ILE:870:N	A:MET:878:O
0	hbbb	A:ILE:870:O	A:SER:871:N
0	hbbb	A:SER:871:N	A:SER:871:O
0	hbbb	A:SER:871:N	A:THR:872:N
0	hbbb	A:SER:871:O	A:THR:872:N
0	hbbb	A:GLY:873:N	A:THR:872:N
0	hbbb	A:ILE:876:O	A:THR:872:N
0	hbbb	A:GLY:873:N	A:THR:872:O
0	hbbb	A:GLY:873:N	A:GLY:873:O
0	hbbb	A:GLY:873:N	A:ILE:876:O
0	hbbb	A:ASP:874:N	A:GLY:873:O
0	hbbb	A:ASP:874:N	A:ASP:874:O
0	hbbb	A:GLY:873:O	A:LYS:875:N
0	hbbb	A:ASP:874:O	A:LYS:875:N
0	hbbb	A:ILE:876:N	A:LYS:875:N
0	hbbb	A:ASP:874:O	A:ILE:876:N
0	hbbb	A:ILE:876:N	A:LYS:875:O
0	hbbb	A:ILE:876:N	A:ILE:876:O
0	hbbb	A:GLY:877:N	A:LYS:833:O
0	hbbb	A:GLY:877:N	A:ILE:876:O
0	hbbb	A:GLY:877:N	A:GLY:877:O
0	hbbb	A:ILE:870:O	A:MET:878:N
0	hbbb	A:GLY:877:O	A:MET:878:N
0	hbbb	A:MET:878:N	A:MET:878:O
0	hbbb	A:ILE:831:O	A:ILE:879:N
0	hbbb	A:ILE:879:N	A:MET:878:O
0	hbbb	A:ILE:879:N	A:ILE:879:O
0	hbbb	A:GLU:880:N	A:GLY:868:O
0	hbbb	A:GLU:880:N	A:ILE:879:O
0	hbbb	A:GLU:880:N	A:GLU:880:O
0	hbbb	A:GLU:880:N	A:ILE:881:N
0	hbbb	A:GLY:829:O	A:ILE:881:N
0	hbbb	A:ILE:879:O	A:ILE:881:N
0	hbbb	A:GLU:880:O	A:ILE:881:N
0	hbbb	A:ILE:881:N	A:ILE:881:O
0	hbbb	A:ILE:881:N	A:VAL:882:N
0	hbbb	A:ILE:881:O	A:VAL:882:N
0	hbbb	A:VAL:882:N	A:VAL:882:O
0	hbbb	A:LYS:883:N	A:VAL:882:N
0	hbbb	A:LYS:883:N	A:VAL:882:O
0	hbbb	A:LYS:883:N	A:LYS:883:O
0	hbbb	A:ASP:884:N	A:LYS:883:O
0	hbbb	A:ALA:885:N	A:ASP:884:N
0	hbbb	A:ALA:885:N	A:LYS:883:O
0	hbbb	A:ALA:885:N	A:ASP:884:O
0	hbbb	A:ALA:885:N	A:ALA:885:O
0	hbbb	A:ALA:885:O	A:THR:886:N
0	hbbb	A:THR:886:N	A:THR:886:O
0	hbbb	A:ILE:954:O	A:THR:886:N
0	hbbb	A:THR:886:O	A:THR:887:N
0	hbbb	A:THR:887:N	A:THR:887:O
0	hbbb	A:ILE:888:N	A:THR:887:N
0	hbbb	A:ILE:888:N	A:THR:887:O
0	hbbb	A:ALA:889:N	A:ILE:888:N
0	hbbb	A:ILE:888:N	A:ILE:952:O
0	hbbb	A:ALA:889:N	A:THR:887:O
0	hbbb	A:ALA:889:N	A:ILE:888:O
0	hbbb	A:ALA:889:N	A:ALA:889:O
0	hbbb	A:ALA:889:N	A:LYS:890:N
0	hbbb	A:LYS:890:N	A:THR:887:O
0	hbbb	A:ILE:888:O	A:LYS:890:N
0	hbbb	A:ALA:889:O	A:LYS:890:N
0	hbbb	A:ILE:891:N	A:LYS:890:N
0	hbbb	A:ILE:891:N	A:THR:887:O
0	hbbb	A:ILE:888:O	A:ILE:891:N
0	hbbb	A:ALA:889:O	A:ILE:891:N
0	hbbb	A:ILE:891:N	A:LYS:890:O
0	hbbb	A:GLN:892:N	A:ILE:891:N
0	hbbb	A:GLN:892:N	A:ILE:888:O
0	hbbb	A:ALA:889:O	A:GLN:892:N
0	hbbb	A:GLN:892:N	A:LYS:890:O
0	hbbb	A:GLN:892:N	A:ILE:891:O
0	hbbb	A:GLN:892:N	A:GLN:892:O
0	hbbb	A:GLN:892:N	A:GLN:893:N
0	hbbb	A:ALA:889:O	A:GLN:893:N
0	hbbb	A:GLN:893:N	A:LYS:890:O
0	hbbb	A:GLN:892:O	A:GLN:893:N
0	hbbb	A:GLN:893:N	A:SER:894:N
0	hbbb	A:LYS:890:O	A:SER:894:N
0	hbbb	A:GLN:892:O	A:SER:894:N
0	hbbb	A:GLN:893:O	A:SER:894:N
0	hbbb	A:SER:894:N	A:SER:894:O
0	hbbb	A:SER:894:N	A:THR:895:N
0	hbbb	A:SER:894:O	A:THR:895:N
0	hbbb	A:THR:895:N	A:VAL:896:N
0	hbbb	A:GLN:892:O	A:VAL:896:N
0	hbbb	A:SER:894:O	A:VAL:896:N
0	hbbb	A:THR:895:O	A:VAL:896:N
0	hbbb	A:VAL:896:N	A:VAL:896:O
0	hbbb	A:GLY:897:N	A:VAL:896:N
0	hbbb	A:GLN:892:O	A:GLY:897:N
0	hbbb	A:GLY:897:N	A:VAL:896:O
0	hbbb	A:ASN:898:N	A:GLY:897:N
0	hbbb	A:ASN:898:N	A:GLY:897:O
0	hbbb	A:ASN:898:N	A:ASN:898:O
0	hbbb	A:ASN:898:O	A:THR:899:N
0	hbbb	A:GLY:900:N	A:THR:899:N
0	hbbb	A:ASN:898:O	A:GLY:900:N
0	hbbb	A:GLY:900:N	A:THR:899:O
0	hbbb	A:ALA:901:N	A:GLY:900:N
0	hbbb	A:ALA:901:N	A:GLY:900:O
0	hbbb	A:ALA:901:N	A:ALA:901:O
0	hbbb	A:ALA:901:O	A:PHE:902:N
0	hbbb	A:PHE:902:N	A:PHE:902:O
0	hbbb	A:LYS:903:N	A:PHE:902:O
0	hbbb	A:LYS:903:N	A:LYS:903:O
0	hbbb	A:ASP:904:N	A:LYS:903:O
0	hbbb	A:ASP:904:N	A:GLU:905:N
0	hbbb	A:ASP:904:O	A:GLU:905:N
0	hbbb	A:GLU:905:N	A:VAL:906:N
0	hbbb	A:ASP:904:O	A:VAL:906:N
0	hbbb	A:GLU:905:O	A:VAL:906:N
0	hbbb	A:LEU:907:N	A:VAL:906:N
0	hbbb	A:LEU:907:N	A:VAL:906:O
0	hbbb	A:LEU:907:N	A:LEU:907:O
0	hbbb	A:ASN:908:N	A:LEU:907:N
0	hbbb	A:ASN:908:N	A:LEU:907:O
0	hbbb	A:ASN:908:N	A:HIS:909:N
0	hbbb	A:HIS:909:N	A:VAL:906:O
0	hbbb	A:HIS:909:N	A:LEU:907:O
0	hbbb	A:ASN:908:O	A:HIS:909:N
0	hbbb	A:HIS:909:N	A:HIS:909:O
0	hbbb	A:HIS:909:N	A:TRP:910:N
0	hbbb	A:TRP:910:N	A:VAL:906:O
0	hbbb	A:LEU:907:O	A:TRP:910:N
0	hbbb	A:HIS:909:O	A:TRP:910:N
0	hbbb	A:TRP:910:N	A:TRP:910:O
0	hbbb	A:LEU:911:N	A:TRP:910:N
0	hbbb	A:LEU:907:O	A:LEU:911:N
0	hbbb	A:HIS:909:O	A:LEU:911:N
0	hbbb	A:LEU:911:N	A:TRP:910:O
0	hbbb	A:LEU:911:N	A:LYS:912:N
0	hbbb	A:ASN:908:O	A:LYS:912:N
0	hbbb	A:HIS:909:O	A:LYS:912:N
0	hbbb	A:LEU:911:O	A:LYS:912:N
0	hbbb	A:LYS:912:N	A:LYS:912:O
0	hbbb	A:GLU:913:N	A:LYS:912:N
0	hbbb	A:GLU:913:N	A:HIS:909:O
0	hbbb	A:GLU:913:N	A:LEU:911:O
0	hbbb	A:GLU:913:N	A:LYS:912:O
0	hbbb	A:GLU:913:N	A:LYS:914:N
0	hbbb	A:LYS:914:N	A:TRP:910:O
0	hbbb	A:LEU:911:O	A:LYS:914:N
0	hbbb	A:LYS:912:O	A:LYS:914:N
0	hbbb	A:GLU:913:O	A:LYS:914:N
0	hbbb	A:LYS:914:N	A:SER:915:N
0	hbbb	A:LEU:911:O	A:SER:915:N
0	hbbb	A:LYS:912:O	A:SER:915:N
0	hbbb	A:LYS:914:O	A:SER:915:N
0	hbbb	A:SER:915:N	A:SER:915:O
0	hbbb	A:PRO:916:N	A:SER:915:N
0	hbbb	A:SER:915:O	A:THR:917:N
0	hbbb	A:PRO:916:N	A:THR:917:N
0	hbbb	A:PRO:916:O	A:THR:917:N
0	hbbb	A:THR:917:N	A:THR:917:O
0	hbbb	A:GLU:918:N	A:THR:917:O
0	hbbb	A:GLU:918:N	A:GLU:919:N
0	hbbb	A:GLU:919:N	A:THR:917:O
0	hbbb	A:GLU:918:O	A:GLU:919:N
0	hbbb	A:GLU:919:N	A:GLU:919:O
0	hbbb	A:GLU:919:N	A:LYS:920:N
0	hbbb	A:LYS:920:N	A:THR:917:O
0	hbbb	A:GLU:919:O	A:LYS:920:N
0	hbbb	A:LYS:920:N	A:PHE:921:N
0	hbbb	A:PHE:921:N	A:THR:917:O
0	hbbb	A:GLU:918:O	A:PHE:921:N
0	hbbb	A:GLU:919:O	A:PHE:921:N
0	hbbb	A:LYS:920:O	A:PHE:921:N
0	hbbb	A:PHE:921:N	A:PHE:921:O
0	hbbb	A:GLN:922:N	A:PHE:921:N
0	hbbb	A:GLN:922:N	A:GLU:918:O
0	hbbb	A:GLN:922:N	A:GLU:919:O
0	hbbb	A:GLN:922:N	A:PHE:921:O
0	hbbb	A:ALA:923:N	A:GLN:922:N
0	hbbb	A:ALA:923:N	A:GLU:919:O
0	hbbb	A:ALA:923:N	A:LYS:920:O
0	hbbb	A:ALA:923:N	A:PHE:921:O
0	hbbb	A:ALA:923:N	A:GLN:922:O
0	hbbb	A:ALA:923:N	A:ALA:924:N
0	hbbb	A:ALA:924:N	A:LYS:920:O
0	hbbb	A:ALA:924:N	A:PHE:921:O
0	hbbb	A:ALA:923:O	A:ALA:924:N
0	hbbb	A:ALA:924:N	A:ALA:924:O
0	hbbb	A:ALA:924:N	A:VAL:925:N
0	hbbb	A:PHE:921:O	A:VAL:925:N
0	hbbb	A:GLN:922:O	A:VAL:925:N
0	hbbb	A:ALA:924:O	A:VAL:925:N
0	hbbb	A:VAL:925:N	A:VAL:925:O
0	hbbb	A:GLU:926:N	A:VAL:925:N
0	hbbb	A:GLN:922:O	A:GLU:926:N
0	hbbb	A:ALA:923:O	A:GLU:926:N
0	hbbb	A:ALA:924:O	A:GLU:926:N
0	hbbb	A:GLU:926:N	A:VAL:925:O
0	hbbb	A:GLU:926:N	A:GLU:926:O
0	hbbb	A:ARG:927:N	A:GLU:926:N
0	hbbb	A:ALA:923:O	A:ARG:927:N
0	hbbb	A:ALA:924:O	A:ARG:927:N
0	hbbb	A:ARG:927:N	A:GLU:926:O
0	hbbb	A:ARG:927:N	A:PHE:928:N
0	hbbb	A:ALA:924:O	A:PHE:928:N
0	hbbb	A:PHE:928:N	A:VAL:925:O
0	hbbb	A:GLU:926:O	A:PHE:928:N
0	hbbb	A:ARG:927:O	A:PHE:928:N
0	hbbb	A:PHE:928:N	A:VAL:929:N
0	hbbb	A:GLY:958:O	A:PHE:928:N
0	hbbb	A:VAL:925:O	A:VAL:929:N
0	hbbb	A:GLU:926:O	A:VAL:929:N
0	hbbb	A:PHE:928:O	A:VAL:929:N
0	hbbb	A:TYR:930:N	A:VAL:929:N
0	hbbb	A:GLU:926:O	A:TYR:930:N
0	hbbb	A:ARG:927:O	A:TYR:930:N
0	hbbb	A:PHE:928:O	A:TYR:930:N
0	hbbb	A:TYR:930:N	A:VAL:929:O
0	hbbb	A:TYR:930:N	A:TYR:930:O
0	hbbb	A:SER:931:N	A:TYR:930:N
0	hbbb	A:ARG:927:O	A:SER:931:N
0	hbbb	A:PHE:928:O	A:SER:931:N
0	hbbb	A:SER:931:N	A:TYR:930:O
0	hbbb	A:SER:931:N	A:SER:931:O
0	hbbb	A:CYS:932:N	A:SER:931:N
0	hbbb	A:CYS:932:N	A:PHE:928:O
0	hbbb	A:CYS:932:N	A:TYR:930:O
0	hbbb	A:CYS:932:N	A:SER:931:O
0	hbbb	A:CYS:932:N	A:CYS:932:O
0	hbbb	A:ALA:933:N	A:CYS:932:N
0	hbbb	A:ALA:933:N	A:VAL:929:O
0	hbbb	A:ALA:933:N	A:TYR:930:O
0	hbbb	A:ALA:933:N	A:SER:931:O
0	hbbb	A:ALA:933:N	A:CYS:932:O
0	hbbb	A:ALA:933:N	A:ALA:933:O
0	hbbb	A:ALA:933:N	A:GLY:934:N
0	hbbb	A:GLY:934:N	A:TYR:930:O
0	hbbb	A:GLY:934:N	A:SER:931:O
0	hbbb	A:ALA:933:O	A:GLY:934:N
0	hbbb	A:GLY:934:N	A:TYR:935:N
0	hbbb	A:SER:931:O	A:TYR:935:N
0	hbbb	A:CYS:932:O	A:TYR:935:N
0	hbbb	A:ALA:933:O	A:TYR:935:N
0	hbbb	A:GLY:934:O	A:TYR:935:N
0	hbbb	A:CYS:936:N	A:TYR:935:N
0	hbbb	A:CYS:932:O	A:CYS:936:N
0	hbbb	A:ALA:933:O	A:CYS:936:N
0	hbbb	A:CYS:936:N	A:GLY:934:O
0	hbbb	A:CYS:936:N	A:TYR:935:O
0	hbbb	A:CYS:936:N	A:VAL:937:N
0	hbbb	A:ALA:933:O	A:VAL:937:N
0	hbbb	A:GLY:934:O	A:VAL:937:N
0	hbbb	A:CYS:936:O	A:VAL:937:N
0	hbbb	A:VAL:937:N	A:VAL:937:O
0	hbbb	A:ALA:938:N	A:VAL:937:N
0	hbbb	A:ALA:938:N	A:GLY:934:O
0	hbbb	A:ALA:938:N	A:VAL:937:O
0	hbbb	A:ALA:938:N	A:THR:939:N
0	hbbb	A:THR:939:N	A:TYR:935:O
0	hbbb	A:THR:939:N	A:VAL:937:O
0	hbbb	A:ALA:938:O	A:THR:939:N
0	hbbb	A:THR:939:N	A:THR:939:O
0	hbbb	A:PHE:940:N	A:THR:939:N
0	hbbb	A:CYS:936:O	A:PHE:940:N
0	hbbb	A:PHE:940:N	A:VAL:937:O
0	hbbb	A:PHE:940:N	A:THR:939:O
0	hbbb	A:PHE:940:N	A:VAL:941:N
0	hbbb	A:VAL:937:O	A:VAL:941:N
0	hbbb	A:ALA:938:O	A:VAL:941:N
0	hbbb	A:THR:939:O	A:VAL:941:N
0	hbbb	A:PHE:940:O	A:VAL:941:N
0	hbbb	A:LEU:942:N	A:VAL:941:N
0	hbbb	A:ALA:938:O	A:LEU:942:N
0	hbbb	A:LEU:942:N	A:THR:939:O
0	hbbb	A:LEU:942:N	A:VAL:941:O
0	hbbb	A:GLY:943:N	A:LEU:942:N
0	hbbb	A:GLY:943:N	A:THR:939:O
0	hbbb	A:GLY:943:N	A:PHE:940:O
0	hbbb	A:GLY:943:N	A:LEU:942:O
0	hbbb	A:GLY:943:N	A:ILE:944:N
0	hbbb	A:ILE:944:N	A:THR:939:O
0	hbbb	A:GLY:943:O	A:ILE:944:N
0	hbbb	A:ILE:944:N	A:ILE:944:O
0	hbbb	A:GLY:945:N	A:ILE:944:N
0	hbbb	A:GLY:945:N	A:ILE:944:O
0	hbbb	A:ASP:946:N	A:GLY:945:N
0	hbbb	A:ASP:946:N	A:GLY:945:O
0	hbbb	A:ASP:946:N	A:ASP:946:O
0	hbbb	A:ARG:947:N	A:ASP:946:N
0	hbbb	A:ARG:947:N	A:GLY:945:O
0	hbbb	A:ARG:947:N	A:ASP:946:O
0	hbbb	A:ARG:947:N	A:ARG:947:O
0	hbbb	A:ARG:947:O	A:HIS:948:N
0	hbbb	A:HIS:948:N	A:HIS:948:O
0	hbbb	A:ASN:949:N	A:HIS:948:O
0	hbbb	A:ASN:949:N	A:ASP:950:N
0	hbbb	A:ASP:950:N	A:HIS:948:O
0	hbbb	A:ASN:949:O	A:ASP:950:N
0	hbbb	A:ASN:951:N	A:ASP:950:N
0	hbbb	A:ASN:951:N	A:HIS:948:O
0	hbbb	A:ASN:949:O	A:ASN:951:N
0	hbbb	A:ASN:951:N	A:ASP:950:O
0	hbbb	A:ASN:951:N	A:ILE:952:N
0	hbbb	A:ASN:949:O	A:ILE:952:N
0	hbbb	A:ASN:951:O	A:ILE:952:N
0	hbbb	A:ILE:952:N	A:ILE:952:O
0	hbbb	A:ILE:952:N	A:MET:953:N
0	hbbb	A:ILE:952:O	A:MET:953:N
0	hbbb	A:MET:953:N	A:MET:953:O
0	hbbb	A:MET:953:N	A:PHE:961:O
0	hbbb	A:ILE:954:N	A:THR:886:O
0	hbbb	A:ILE:954:N	A:MET:953:O
0	hbbb	A:ILE:954:N	A:ILE:954:O
0	hbbb	A:ILE:954:O	A:THR:955:N
0	hbbb	A:THR:955:N	A:THR:955:O
0	hbbb	A:ASN:959:O	A:THR:955:N
0	hbbb	A:ASP:884:O	A:GLU:956:N
0	hbbb	A:GLU:956:N	A:THR:955:O
0	hbbb	A:GLU:956:N	A:THR:957:N
0	hbbb	A:THR:955:O	A:THR:957:N
0	hbbb	A:GLU:956:O	A:THR:957:N
0	hbbb	A:GLY:958:N	A:THR:957:N
0	hbbb	A:GLY:958:N	A:THR:955:O
0	hbbb	A:GLY:958:N	A:THR:957:O
0	hbbb	A:ASN:959:N	A:GLY:958:N
0	hbbb	A:ASN:959:N	A:GLY:958:O
0	hbbb	A:ASN:959:N	A:ASN:959:O
0	hbbb	A:ASN:959:N	A:LEU:960:N
0	hbbb	A:GLY:958:O	A:LEU:960:N
0	hbbb	A:ASN:959:O	A:LEU:960:N
0	hbbb	A:LEU:960:N	A:LEU:960:O
0	hbbb	A:MET:953:O	A:PHE:961:N
0	hbbb	A:LEU:960:O	A:PHE:961:N
0	hbbb	A:PHE:961:N	A:PHE:961:O
0	hbbb	A:HIS:962:N	A:PHE:961:O
0	hbbb	A:HIS:962:N	A:HIS:962:O
0	hbbb	A:ASN:951:O	A:ILE:963:N
0	hbbb	A:HIS:962:O	A:ILE:963:N
0	hbbb	A:ILE:963:N	A:ILE:963:O
0	hbbb	A:ASP:964:N	A:ILE:963:O
0	hbbb	A:ASP:964:N	A:ASP:964:O
0	hbbb	A:ASP:964:N	A:PHE:965:N
0	hbbb	A:ILE:963:O	A:PHE:965:N
0	hbbb	A:ASP:964:O	A:PHE:965:N
0	hbbb	A:GLY:966:N	A:PHE:965:N
0	hbbb	A:ASP:964:O	A:GLY:966:N
0	hbbb	A:GLY:966:N	A:PHE:965:O
0	hbbb	A:GLY:966:N	A:HIS:967:N
0	hbbb	A:ASP:964:O	A:HIS:967:N
0	hbbb	A:HIS:967:N	A:PHE:965:O
0	hbbb	A:GLY:966:O	A:HIS:967:N
0	hbbb	A:HIS:967:N	A:HIS:967:O
0	hbbb	A:GLU:981:N	A:GLU:981:O
0	hbbb	A:ARG:982:N	A:GLU:981:O
0	hbbb	A:ARG:982:N	A:ARG:982:O
0	hbbb	A:ARG:982:O	A:VAL:983:N
0	hbbb	A:VAL:983:N	A:VAL:983:O
0	hbbb	A:PHE:985:N	A:VAL:983:O
0	hbbb	A:PHE:985:N	A:PRO:984:N
0	hbbb	A:PHE:985:N	A:PRO:984:O
0	hbbb	A:PHE:985:N	A:PHE:985:O
0	hbbb	A:GLY:945:O	A:VAL:986:N
0	hbbb	A:PHE:985:O	A:VAL:986:N
0	hbbb	A:VAL:986:N	A:VAL:986:O
0	hbbb	A:LEU:987:N	A:VAL:986:N
0	hbbb	A:LEU:987:N	A:PHE:985:O
0	hbbb	A:LEU:987:N	A:VAL:986:O
0	hbbb	A:LEU:987:N	A:LEU:987:O
0	hbbb	A:LEU:987:N	A:THR:988:N
0	hbbb	A:LEU:987:O	A:THR:988:N
0	hbbb	A:THR:988:N	A:THR:988:O
0	hbbb	A:ASP:990:N	A:THR:988:O
0	hbbb	A:ASP:990:N	A:PRO:989:N
0	hbbb	A:ASP:990:N	A:PRO:989:O
0	hbbb	A:ASP:990:N	A:PHE:991:N
0	hbbb	A:PHE:991:N	A:THR:988:O
0	hbbb	A:PHE:991:N	A:PRO:989:O
0	hbbb	A:ASP:990:O	A:PHE:991:N
0	hbbb	A:PHE:991:N	A:PHE:991:O
0	hbbb	A:LEU:992:N	A:PHE:991:N
0	hbbb	A:LEU:992:N	A:THR:988:O
0	hbbb	A:LEU:992:N	A:PHE:991:O
0	hbbb	A:LEU:992:N	A:PHE:993:N
0	hbbb	A:PHE:993:N	A:PRO:989:O
0	hbbb	A:PHE:991:O	A:PHE:993:N
0	hbbb	A:LEU:992:O	A:PHE:993:N
0	hbbb	A:PHE:993:N	A:VAL:994:N
0	hbbb	A:PHE:993:N	A:THR:997:O
0	hbbb	A:PHE:991:O	A:VAL:994:N
0	hbbb	A:LEU:992:O	A:VAL:994:N
0	hbbb	A:PHE:993:O	A:VAL:994:N
0	hbbb	A:MET:995:N	A:VAL:994:N
0	hbbb	A:LEU:992:O	A:MET:995:N
0	hbbb	A:MET:995:N	A:VAL:994:O
0	hbbb	A:GLY:996:N	A:MET:995:N
0	hbbb	A:GLY:996:N	A:MET:995:O
0	hbbb	A:MET:995:O	A:THR:997:N
0	hbbb	A:GLY:996:N	A:LEU:992:O
0	hbbb	A:GLY:996:N	A:PHE:993:O
0	hbbb	A:GLY:996:N	A:VAL:994:O
0	hbbb	A:GLY:996:N	A:THR:997:N
0	hbbb	A:LEU:992:O	A:THR:997:N
0	hbbb	A:GLY:996:O	A:THR:997:N
0	hbbb	A:THR:997:N	A:THR:997:O
0	hbbb	A:SER:998:N	A:THR:997:O
0	hbbb	A:SER:998:N	A:SER:998:O
0	hbbb	A:GLY:999:N	A:SER:998:N
0	hbbb	A:GLY:999:N	A:SER:998:O
0	hbbb	A:GLY:999:N	A:GLY:999:O
0	hbbb	A:GLY:999:N	A:LYS:1000:N
0	hbbb	A:GLY:999:O	A:LYS:1000:N
0	hbbb	A:LYS:1000:N	A:LYS:1001:N
0	hbbb	A:LYS:1000:O	A:LYS:1001:N
0	hbbb	A:LYS:1001:N	A:LYS:1001:O
0	hbbb	A:LYS:1001:O	A:THR:1002:N
0	hbbb	A:THR:1002:N	A:THR:1002:O
0	hbbb	A:SER:1003:N	A:THR:1002:O
0	hbbb	A:SER:1003:N	A:SER:1003:O
0	hbbb	A:HIS:1005:N	A:SER:1003:O
0	hbbb	A:HIS:1005:N	A:PRO:1004:N
0	hbbb	A:HIS:1005:N	A:PRO:1004:O
0	hbbb	A:HIS:1005:N	A:PHE:1006:N
0	hbbb	A:PHE:1006:N	A:SER:1003:O
0	hbbb	A:HIS:1005:O	A:PHE:1006:N
0	hbbb	A:GLN:1007:N	A:PHE:1006:N
0	hbbb	A:GLN:1007:N	A:SER:1003:O
0	hbbb	A:GLN:1007:N	A:PHE:1006:O
0	hbbb	A:GLN:1007:N	A:GLN:1007:O
0	hbbb	A:GLN:1007:N	A:LYS:1008:N
0	hbbb	A:LYS:1008:N	A:PHE:1006:O
0	hbbb	A:GLN:1007:O	A:LYS:1008:N
0	hbbb	A:LYS:1008:N	A:PHE:1009:N
0	hbbb	A:HIS:1005:O	A:PHE:1009:N
0	hbbb	A:PHE:1006:O	A:PHE:1009:N
0	hbbb	A:GLN:1007:O	A:PHE:1009:N
0	hbbb	A:LYS:1008:O	A:PHE:1009:N
0	hbbb	A:PHE:1009:N	A:PHE:1009:O
0	hbbb	A:GLN:1010:N	A:PHE:1009:N
0	hbbb	A:GLN:1010:N	A:PHE:1006:O
0	hbbb	A:GLN:1007:O	A:GLN:1010:N
0	hbbb	A:GLN:1010:N	A:PHE:1009:O
0	hbbb	A:ASP:1011:N	A:GLN:1010:N
0	hbbb	A:ASP:1011:N	A:GLN:1007:O
0	hbbb	A:ASP:1011:N	A:LYS:1008:O
0	hbbb	A:ASP:1011:N	A:PHE:1009:O
0	hbbb	A:ASP:1011:N	A:GLN:1010:O
0	hbbb	A:ASP:1011:N	A:ASP:1011:O
0	hbbb	A:ASP:1011:N	A:ILE:1012:N
0	hbbb	A:ILE:1012:N	A:LYS:1008:O
0	hbbb	A:ILE:1012:N	A:PHE:1009:O
0	hbbb	A:ASP:1011:O	A:ILE:1012:N
0	hbbb	A:ILE:1012:N	A:ILE:1012:O
0	hbbb	A:CYS:1013:N	A:ILE:1012:N
0	hbbb	A:CYS:1013:N	A:PHE:1009:O
0	hbbb	A:CYS:1013:N	A:ILE:1012:O
0	hbbb	A:CYS:1013:N	A:CYS:1013:O
0	hbbb	A:CYS:1013:N	A:VAL:1014:N
0	hbbb	A:GLN:1010:O	A:VAL:1014:N
0	hbbb	A:ASP:1011:O	A:VAL:1014:N
0	hbbb	A:ILE:1012:O	A:VAL:1014:N
0	hbbb	A:CYS:1013:O	A:VAL:1014:N
0	hbbb	A:LYS:1015:N	A:VAL:1014:N
0	hbbb	A:ASP:1011:O	A:LYS:1015:N
0	hbbb	A:ILE:1012:O	A:LYS:1015:N
0	hbbb	A:CYS:1013:O	A:LYS:1015:N
0	hbbb	A:LYS:1015:N	A:VAL:1014:O
0	hbbb	A:LYS:1015:N	A:LYS:1015:O
0	hbbb	A:ALA:1016:N	A:LYS:1015:N
0	hbbb	A:ALA:1016:N	A:ILE:1012:O
0	hbbb	A:ALA:1016:N	A:CYS:1013:O
0	hbbb	A:ALA:1016:N	A:LYS:1015:O
0	hbbb	A:ALA:1016:N	A:TYR:1017:N
0	hbbb	A:CYS:1013:O	A:TYR:1017:N
0	hbbb	A:TYR:1017:N	A:VAL:1014:O
0	hbbb	A:LYS:1015:O	A:TYR:1017:N
0	hbbb	A:ALA:1016:O	A:TYR:1017:N
0	hbbb	A:TYR:1017:N	A:TYR:1017:O
0	hbbb	A:LEU:1018:N	A:TYR:1017:N
0	hbbb	A:LEU:1018:N	A:VAL:1014:O
0	hbbb	A:LEU:1018:N	A:LYS:1015:O
0	hbbb	A:LEU:1018:N	A:TYR:1017:O
0	hbbb	A:ALA:1019:N	A:LEU:1018:N
0	hbbb	A:ALA:1019:N	A:LYS:1015:O
0	hbbb	A:ALA:1016:O	A:ALA:1019:N
0	hbbb	A:ALA:1019:N	A:TYR:1017:O
0	hbbb	A:ALA:1019:N	A:LEU:1018:O
0	hbbb	A:ALA:1019:N	A:LEU:1020:N
0	hbbb	A:ALA:1016:O	A:LEU:1020:N
0	hbbb	A:LEU:1020:N	A:TYR:1017:O
0	hbbb	A:ALA:1019:O	A:LEU:1020:N
0	hbbb	A:LEU:1020:N	A:LEU:1020:O
0	hbbb	A:ARG:1021:N	A:LEU:1020:N
0	hbbb	A:ARG:1021:N	A:TYR:1017:O
0	hbbb	A:ARG:1021:N	A:LEU:1018:O
0	hbbb	A:ALA:1019:O	A:ARG:1021:N
0	hbbb	A:ARG:1021:N	A:LEU:1020:O
0	hbbb	A:ARG:1021:N	A:HIS:1022:N
0	hbbb	A:HIS:1022:N	A:LEU:1018:O
0	hbbb	A:ALA:1019:O	A:HIS:1022:N
0	hbbb	A:HIS:1022:N	A:LEU:1020:O
0	hbbb	A:ARG:1021:O	A:HIS:1022:N
0	hbbb	A:HIS:1022:N	A:HIS:1023:N
0	hbbb	A:HIS:1023:N	A:LEU:1020:O
0	hbbb	A:ARG:1021:O	A:HIS:1023:N
0	hbbb	A:HIS:1022:O	A:HIS:1023:N
0	hbbb	A:HIS:1023:N	A:THR:1024:N
0	hbbb	A:LEU:1020:O	A:THR:1024:N
0	hbbb	A:ARG:1021:O	A:THR:1024:N
0	hbbb	A:HIS:1023:O	A:THR:1024:N
0	hbbb	A:THR:1024:N	A:THR:1024:O
0	hbbb	A:ASN:1025:N	A:THR:1024:N
0	hbbb	A:ASN:1025:N	A:HIS:1023:O
0	hbbb	A:ASN:1025:N	A:THR:1024:O
0	hbbb	A:ASN:1025:N	A:LEU:1026:N
0	hbbb	A:HIS:1023:O	A:LEU:1026:N
0	hbbb	A:LEU:1026:N	A:THR:1024:O
0	hbbb	A:ASN:1025:O	A:LEU:1026:N
0	hbbb	A:LEU:1026:N	A:LEU:1026:O
0	hbbb	A:LEU:1026:N	A:LEU:1027:N
0	hbbb	A:HIS:1023:O	A:LEU:1027:N
0	hbbb	A:LEU:1027:N	A:THR:1024:O
0	hbbb	A:LEU:1026:O	A:LEU:1027:N
0	hbbb	A:LEU:1027:N	A:LEU:1027:O
0	hbbb	A:ILE:1028:N	A:LEU:1027:N
0	hbbb	A:ILE:1028:N	A:THR:1024:O
0	hbbb	A:ILE:1028:N	A:LEU:1026:O
0	hbbb	A:ILE:1028:N	A:LEU:1027:O
0	hbbb	A:ILE:1028:N	A:ILE:1029:N
0	hbbb	A:ASN:1025:O	A:ILE:1029:N
0	hbbb	A:ILE:1029:N	A:LEU:1026:O
0	hbbb	A:ILE:1029:N	A:LEU:1027:O
0	hbbb	A:ILE:1028:O	A:ILE:1029:N
0	hbbb	A:ILE:1029:N	A:ILE:1029:O
0	hbbb	A:ILE:1029:N	A:LEU:1030:N
0	hbbb	A:LEU:1026:O	A:LEU:1030:N
0	hbbb	A:LEU:1027:O	A:LEU:1030:N
0	hbbb	A:ILE:1028:O	A:LEU:1030:N
0	hbbb	A:ILE:1029:O	A:LEU:1030:N
0	hbbb	A:LEU:1030:N	A:PHE:1031:N
0	hbbb	A:LEU:1027:O	A:PHE:1031:N
0	hbbb	A:ILE:1029:O	A:PHE:1031:N
0	hbbb	A:LEU:1030:O	A:PHE:1031:N
0	hbbb	A:PHE:1031:N	A:PHE:1031:O
0	hbbb	A:PHE:1031:N	A:SER:1032:N
0	hbbb	A:ILE:1028:O	A:SER:1032:N
0	hbbb	A:PHE:1031:O	A:SER:1032:N
0	hbbb	A:SER:1032:N	A:SER:1032:O
0	hbbb	A:MET:1033:N	A:SER:1032:N
0	hbbb	A:ILE:1029:O	A:MET:1033:N
0	hbbb	A:MET:1033:N	A:PHE:1031:O
0	hbbb	A:MET:1033:N	A:SER:1032:O
0	hbbb	A:MET:1033:N	A:MET:1034:N
0	hbbb	A:LEU:1030:O	A:MET:1034:N
0	hbbb	A:MET:1034:N	A:PHE:1031:O
0	hbbb	A:MET:1034:N	A:SER:1032:O
0	hbbb	A:MET:1033:O	A:MET:1034:N
0	hbbb	A:MET:1034:N	A:MET:1034:O
0	hbbb	A:LEU:1035:N	A:MET:1034:N
0	hbbb	A:LEU:1035:N	A:PHE:1031:O
0	hbbb	A:LEU:1035:N	A:SER:1032:O
0	hbbb	A:LEU:1035:N	A:MET:1033:O
0	hbbb	A:LEU:1035:N	A:MET:1034:O
0	hbbb	A:LEU:1035:N	A:LEU:1035:O
0	hbbb	A:LEU:1035:N	A:MET:1036:N
0	hbbb	A:MET:1036:N	A:SER:1032:O
0	hbbb	A:MET:1033:O	A:MET:1036:N
0	hbbb	A:MET:1034:O	A:MET:1036:N
0	hbbb	A:LEU:1035:O	A:MET:1036:N
0	hbbb	A:MET:1036:N	A:THR:1037:N
0	hbbb	A:MET:1033:O	A:THR:1037:N
0	hbbb	A:MET:1034:O	A:THR:1037:N
0	hbbb	A:MET:1036:O	A:THR:1037:N
0	hbbb	A:GLY:1038:N	A:THR:1037:N
0	hbbb	A:GLY:1038:N	A:MET:1034:O
0	hbbb	A:GLY:1038:N	A:THR:1037:O
0	hbbb	A:GLY:1038:N	A:MET:1039:N
0	hbbb	A:LEU:1035:O	A:MET:1039:N
0	hbbb	A:GLY:1038:O	A:MET:1039:N
0	hbbb	A:MET:1039:N	A:MET:1039:O
0	hbbb	A:GLN:1041:N	A:PRO:1040:O
0	hbbb	A:GLN:1041:N	A:GLN:1041:O
0	hbbb	A:GLN:1041:O	A:LEU:1042:N
0	hbbb	A:LEU:1042:N	A:LEU:1042:O
0	hbbb	A:LEU:1042:O	A:THR:1043:N
0	hbbb	A:THR:1043:N	A:THR:1043:O
0	hbbb	A:SER:1044:N	A:THR:1043:N
0	hbbb	A:LEU:1042:O	A:SER:1044:N
0	hbbb	A:SER:1044:N	A:THR:1043:O
0	hbbb	A:LYS:1045:N	A:SER:1044:N
0	hbbb	A:LYS:1045:N	A:THR:1043:O
0	hbbb	A:LYS:1045:N	A:SER:1044:O
0	hbbb	A:LYS:1045:N	A:LYS:1045:O
0	hbbb	A:GLU:1046:N	A:LYS:1045:N
0	hbbb	A:GLU:1046:N	A:THR:1043:O
0	hbbb	A:GLU:1046:N	A:LYS:1045:O
0	hbbb	A:ASP:1047:N	A:GLU:1046:N
0	hbbb	A:ASP:1047:N	A:THR:1043:O
0	hbbb	A:ASP:1047:N	A:LYS:1045:O
0	hbbb	A:ASP:1047:N	A:GLU:1046:O
0	hbbb	A:ASP:1047:N	A:ASP:1047:O
0	hbbb	A:ASP:1047:N	A:ILE:1048:N
0	hbbb	A:ILE:1048:N	A:LYS:1045:O
0	hbbb	A:ASP:1047:O	A:ILE:1048:N
0	hbbb	A:ILE:1048:N	A:ILE:1048:O
0	hbbb	A:GLU:1049:N	A:ILE:1048:N
0	hbbb	A:GLU:1049:N	A:LYS:1045:O
0	hbbb	A:GLU:1046:O	A:GLU:1049:N
0	hbbb	A:ASP:1047:O	A:GLU:1049:N
0	hbbb	A:GLU:1049:N	A:ILE:1048:O
0	hbbb	A:GLU:1049:N	A:TYR:1050:N
0	hbbb	A:GLU:1046:O	A:TYR:1050:N
0	hbbb	A:ASP:1047:O	A:TYR:1050:N
0	hbbb	A:ILE:1048:O	A:TYR:1050:N
0	hbbb	A:GLU:1049:O	A:TYR:1050:N
0	hbbb	A:ILE:1051:N	A:TYR:1050:N
0	hbbb	A:GLU:1049:O	A:ILE:1051:N
0	hbbb	A:ILE:1051:N	A:TYR:1050:O
0	hbbb	A:ARG:1052:N	A:ILE:1051:N
0	hbbb	A:ARG:1052:N	A:TYR:1050:O
0	hbbb	A:ARG:1052:N	A:ILE:1051:O
0	hbbb	A:ARG:1052:N	A:ASP:1053:N
0	hbbb	A:ASP:1053:N	A:TYR:1050:O
0	hbbb	A:ARG:1052:O	A:ASP:1053:N
0	hbbb	A:ALA:1054:N	A:ASP:1053:N
0	hbbb	A:ALA:1054:N	A:TYR:1050:O
0	hbbb	A:ALA:1054:N	A:ILE:1051:O
0	hbbb	A:ALA:1054:N	A:ASP:1053:O
0	hbbb	A:ALA:1054:N	A:LEU:1055:N
0	hbbb	A:ILE:1051:O	A:LEU:1055:N
0	hbbb	A:ALA:1054:O	A:LEU:1055:N
0	hbbb	A:LEU:1055:N	A:THR:1056:N
0	hbbb	A:ARG:1052:O	A:THR:1056:N
0	hbbb	A:ASP:1053:O	A:THR:1056:N
0	hbbb	A:ALA:1054:O	A:THR:1056:N
0	hbbb	A:LEU:1055:O	A:THR:1056:N
0	hbbb	A:THR:1056:N	A:THR:1056:O
0	hbbb	A:THR:1056:N	A:VAL:1057:N
0	hbbb	A:ARG:1052:O	A:VAL:1057:N
0	hbbb	A:LEU:1055:O	A:VAL:1057:N
0	hbbb	A:THR:1056:O	A:VAL:1057:N
0	hbbb	A:VAL:1057:N	A:VAL:1057:O
0	hbbb	A:GLY:1058:N	A:VAL:1057:O
0	hbbb	A:GLY:1058:N	A:LYS:1059:N
0	hbbb	A:LYS:1059:N	A:THR:1056:O
0	hbbb	A:LYS:1059:N	A:VAL:1057:O
0	hbbb	A:GLY:1058:O	A:LYS:1059:N
0	hbbb	A:LYS:1059:N	A:LYS:1059:O
0	hbbb	A:ASN:1060:N	A:LYS:1059:O
0	hbbb	A:ASN:1060:N	A:ASN:1060:O
0	hbbb	A:ASN:1060:O	A:GLU:1061:N
0	hbbb	A:GLU:1061:N	A:GLU:1062:N
0	hbbb	A:ASN:1060:O	A:GLU:1062:N
0	hbbb	A:GLU:1061:O	A:GLU:1062:N
0	hbbb	A:GLU:1062:N	A:GLU:1062:O
0	hbbb	A:ASP:1063:N	A:GLU:1062:N
0	hbbb	A:ASN:1060:O	A:ASP:1063:N
0	hbbb	A:ASP:1063:N	A:GLU:1062:O
0	hbbb	A:ALA:1064:N	A:ASP:1063:N
0	hbbb	A:ALA:1064:N	A:ASN:1060:O
0	hbbb	A:ALA:1064:N	A:GLU:1062:O
0	hbbb	A:ALA:1064:N	A:ASP:1063:O
0	hbbb	A:ALA:1064:N	A:LYS:1065:N
0	hbbb	A:GLU:1061:O	A:LYS:1065:N
0	hbbb	A:GLU:1062:O	A:LYS:1065:N
0	hbbb	A:ALA:1064:O	A:LYS:1065:N
0	hbbb	A:LYS:1065:N	A:LYS:1065:O
0	hbbb	A:LYS:1065:N	A:LYS:1066:N
0	hbbb	A:GLU:1062:O	A:LYS:1066:N
0	hbbb	A:ASP:1063:O	A:LYS:1066:N
0	hbbb	A:LYS:1065:O	A:LYS:1066:N
0	hbbb	A:LYS:1066:N	A:TYR:1067:N
0	hbbb	A:ASP:1063:O	A:TYR:1067:N
0	hbbb	A:ALA:1064:O	A:TYR:1067:N
0	hbbb	A:LYS:1065:O	A:TYR:1067:N
0	hbbb	A:LYS:1066:O	A:TYR:1067:N
0	hbbb	A:TYR:1067:N	A:TYR:1067:O
0	hbbb	A:PHE:1068:N	A:TYR:1067:N
0	hbbb	A:ALA:1064:O	A:PHE:1068:N
0	hbbb	A:LYS:1065:O	A:PHE:1068:N
0	hbbb	A:PHE:1068:N	A:TYR:1067:O
0	hbbb	A:LEU:1069:N	A:PHE:1068:N
0	hbbb	A:LEU:1069:N	A:LYS:1065:O
0	hbbb	A:LEU:1069:N	A:TYR:1067:O
0	hbbb	A:LEU:1069:N	A:PHE:1068:O
0	hbbb	A:ASP:1070:N	A:LEU:1069:N
0	hbbb	A:ASP:1070:N	A:TYR:1067:O
0	hbbb	A:ASP:1070:N	A:PHE:1068:O
0	hbbb	A:ASP:1070:N	A:LEU:1069:O
0	hbbb	A:ASP:1070:N	A:GLN:1071:N
0	hbbb	A:GLN:1071:N	A:TYR:1067:O
0	hbbb	A:GLN:1071:N	A:PHE:1068:O
0	hbbb	A:ASP:1070:O	A:GLN:1071:N
0	hbbb	A:GLN:1071:N	A:ILE:1072:N
0	hbbb	A:ILE:1072:N	A:PHE:1068:O
0	hbbb	A:ILE:1072:N	A:LEU:1069:O
0	hbbb	A:ASP:1070:O	A:ILE:1072:N
0	hbbb	A:GLN:1071:O	A:ILE:1072:N
0	hbbb	A:GLU:1073:N	A:ILE:1072:N
0	hbbb	A:GLU:1073:N	A:LEU:1069:O
0	hbbb	A:ASP:1070:O	A:GLU:1073:N
0	hbbb	A:GLU:1073:N	A:ILE:1072:O
0	hbbb	A:GLU:1073:N	A:VAL:1074:N
0	hbbb	A:ASP:1070:O	A:VAL:1074:N
0	hbbb	A:ILE:1072:O	A:VAL:1074:N
0	hbbb	A:GLU:1073:O	A:VAL:1074:N
0	hbbb	A:VAL:1074:N	A:VAL:1074:O
0	hbbb	A:CYS:1075:N	A:VAL:1074:N
0	hbbb	A:CYS:1075:N	A:ILE:1072:O
0	hbbb	A:CYS:1075:N	A:VAL:1074:O
0	hbbb	A:ARG:1076:N	A:CYS:1075:N
0	hbbb	A:ARG:1076:N	A:ILE:1072:O
0	hbbb	A:ARG:1076:N	A:VAL:1074:O
0	hbbb	A:ARG:1076:N	A:CYS:1075:O
0	hbbb	A:ARG:1076:N	A:ASP:1077:N
0	hbbb	A:ASP:1077:N	A:VAL:1074:O
0	hbbb	A:ARG:1076:O	A:ASP:1077:N
0	hbbb	A:ASP:1077:N	A:LYS:1078:N
0	hbbb	A:LYS:1078:N	A:VAL:1074:O
0	hbbb	A:ASP:1077:O	A:LYS:1078:N
0	hbbb	A:GLY:1079:N	A:LYS:1078:N
0	hbbb	A:CYS:1075:O	A:GLY:1079:N
0	hbbb	A:GLY:1079:N	A:LYS:1078:O
0	hbbb	A:GLY:1079:N	A:GLY:1079:O
0	hbbb	A:GLY:1079:N	A:TRP:1080:N
0	hbbb	A:LYS:1078:O	A:TRP:1080:N
0	hbbb	A:GLY:1079:O	A:TRP:1080:N
0	hbbb	A:THR:1081:N	A:TRP:1080:N
0	hbbb	A:LYS:1078:O	A:THR:1081:N
0	hbbb	A:THR:1081:N	A:TRP:1080:O
0	hbbb	A:THR:1081:N	A:VAL:1082:N
0	hbbb	A:TRP:1080:O	A:VAL:1082:N
0	hbbb	A:THR:1081:O	A:VAL:1082:N
0	hbbb	A:GLN:1083:N	A:VAL:1082:N
0	hbbb	A:GLN:1083:N	A:TRP:1080:O
0	hbbb	A:GLN:1083:N	A:VAL:1082:O
0	hbbb	A:GLN:1083:N	A:GLN:1083:O
0	hbbb	A:GLN:1083:N	A:PHE:1084:N
0	hbbb	A:PHE:1084:N	A:TRP:1080:O
0	hbbb	A:PHE:1084:N	A:VAL:1082:O
0	hbbb	A:GLN:1083:O	A:PHE:1084:N
0	hbbb	A:PHE:1084:N	A:PHE:1084:O
0	hbbb	A:ASN:1085:N	A:PHE:1084:N
0	hbbb	A:ASN:1085:N	A:VAL:1082:O
0	hbbb	A:ASN:1085:N	A:GLN:1083:O
0	hbbb	A:ASN:1085:N	A:PHE:1084:O
0	hbbb	A:ASN:1085:N	A:TRP:1086:N
0	hbbb	A:GLN:1083:O	A:TRP:1086:N
0	hbbb	A:PHE:1084:O	A:TRP:1086:N
0	hbbb	A:ASN:1085:O	A:TRP:1086:N
0	hbbb	A:TRP:1086:N	A:TRP:1086:O
0	hbbb	A:PHE:1087:N	A:TRP:1086:N
0	hbbb	A:ASN:1085:O	A:PHE:1087:N
0	hbbb	A:PHE:1087:N	A:TRP:1086:O
0	hbbb	A:PHE:1087:N	A:PHE:1087:O
0	hbbb	A:LEU:1088:N	A:PHE:1087:N
0	hbbb	A:ASN:1085:O	A:LEU:1088:N
0	hbbb	A:LEU:1088:N	A:PHE:1087:O
0	hbbb	A:HIS:1089:N	A:LEU:1088:N
0	hbbb	A:HIS:1089:N	A:PHE:1087:O
0	hbbb	A:HIS:1089:N	A:LEU:1088:O
0	hbbb	A:HIS:1089:N	A:LEU:1090:N
0	hbbb	A:HIS:1089:O	A:LEU:1090:N
0	hbbb	A:HIS:1089:O	A:LEU:1090:O
0	hbbb	A:HIS:1089:O	A:VAL:1091:N
0	hbbb	A:HIS:1089:O	A:LEU:1092:N
0	hbbb	A:LEU:1090:N	A:PHE:1087:O
0	hbbb	A:LEU:1088:O	A:LEU:1090:N
0	hbbb	A:LEU:1090:N	A:VAL:1091:N
0	hbbb	A:LEU:1088:O	A:VAL:1091:N
0	hbbb	A:LEU:1090:O	A:VAL:1091:N
0	hbbb	A:LEU:1092:N	A:VAL:1091:N
0	hbbb	A:LEU:1092:N	A:VAL:1091:O
0	hbbb	A:LEU:1092:N	A:LEU:1092:O
0	wb	A:ASN:951:ND2	A:ASP:964:OD2	A:HOH:1305:O
0	wb	A:ASP:836:N	A:ASP:836:O	A:HOH:1304:O
0	wb	A:ASP:836:N	A:GLY:835:N	A:HOH:1304:O
0	wb	A:ASP:836:N	A:LYS:833:O	A:HOH:1304:O
0	wb	A:ASP:836:N	A:LYS:875:O	A:HOH:1304:O
0	wb	A:ASP:836:O	A:GLY:835:N	A:HOH:1304:O
0	wb	A:ASP:836:O	A:LYS:833:O	A:HOH:1304:O
0	wb	A:ASP:836:O	A:LYS:875:O	A:HOH:1304:O
0	wb	A:ASP:836:OD2	A:ASP:964:OD2	A:HOH:1303:O
0	wb	A:ASP:836:OD2	A:LYS:807:NZ	A:HOH:1303:O
0	wb	A:ASP:836:OD2	A:LYS:833:NZ	A:HOH:1303:O
0	wb	A:ASP:841:OD2	A:ASP:964:OD1	A:HOH:1302:O
0	wb	A:ASP:841:OD2	A:GLY:966:N	A:HOH:1302:O
0	wb	A:ASP:841:OD2	A:TYR:867:OH	A:HOH:1301:O
0	wb	A:ASP:964:OD1	A:GLY:966:N	A:HOH:1302:O
0	wb	A:ASP:964:OD2	A:LYS:807:NZ	A:HOH:1303:O
0	wb	A:ASP:964:OD2	A:LYS:833:NZ	A:HOH:1303:O
0	wb	A:GLY:835:N	A:LYS:833:O	A:HOH:1304:O
0	wb	A:GLY:835:N	A:LYS:875:O	A:HOH:1304:O
0	wb	A:LYS:807:NZ	A:LYS:833:NZ	A:HOH:1303:O
0	wb	A:LYS:833:O	A:LYS:875:O	A:HOH:1304:O
0	hlb	A:GLY:835:N	A:LYS:875:O
0	hlb	A:ILE:876:N	A:LYS:875:O
0	hlb	A:456:1201:N4	A:VAL:882:N
0	hlb	A:456:1201:N6	A:VAL:882:N
0	hlb	A:456:1201:N16	A:ASP:964:N
0	hlb	A:456:1201:N4	A:VAL:882:O
0	lwb	A:456:1201:N16	A:ASP:841:OD2	A:HOH:1301:O
0	lwb	A:456:1201:N16	A:TYR:867:OH	A:HOH:1301:O
0	lwb	A:ASP:836:N	A:LYS:875:O	A:HOH:1304:O
0	lwb	A:ASP:836:O	A:LYS:875:O	A:HOH:1304:O
0	lwb	A:GLY:835:N	A:LYS:875:O	A:HOH:1304:O
0	lwb	A:LYS:833:O	A:LYS:875:O	A:HOH:1304:O
