# total_frames:1 beg:0 end:0 stride:1 interaction_types:sb,pc,ps,ts,vdw,hb,lhb
# Columns: frame, interaction_type, atom_1, atom_2[, atom_3[, atom_4]]
0	sb	B:ASP:569:OD1	B:HIS:601:ND1
0	sb	B:ASP:569:OD2	B:HIS:601:ND1
0	sb	B:ASP:606:OD1	B:LYS:490:NZ
0	sb	B:ASP:647:OD2	B:HIS:578:NE2
0	sb	B:ARG:483:NH2	B:GLU:462:OE1
0	sb	B:ARG:483:NH2	B:GLU:462:OE2
0	sb	B:GLU:464:OE1	B:HIS:466:NE2
0	sb	B:GLU:509:OE1	B:LYS:490:NZ
0	sb	B:GLU:509:OE2	B:LYS:490:NZ
0	sb	B:GLU:657:OE2	B:HIS:552:NE2
0	sb	B:ARG:700:NH2	B:GLU:714:OE1
0	sb	B:ARG:700:NH1	B:GLU:714:OE2
0	sb	B:ARG:700:NH2	B:GLU:714:OE2
0	sb	B:GLU:720:OE2	B:LYS:572:NZ
0	pc	B:HIS:518:ND1	B:TYR:576:CG
0	pc	B:HIS:518:NE2	B:TYR:576:CG
0	pc	B:HIS:455:ND1	B:PHE:456:CG
0	pc	B:HIS:455:NE2	B:PHE:456:CG
0	pc	B:ARG:709:NH2	B:PHE:649:CG
0	pc	B:HIS:586:ND1	B:PHE:607:CG
0	pc	B:HIS:586:NE2	B:PHE:607:CG
0	pc	B:LYS:490:NZ	B:PHE:474:CG
0	pc	B:HIS:552:NE2	B:PHE:548:CG
0	pc	B:HIS:592:ND1	B:PHE:548:CG
0	pc	B:HIS:592:NE2	B:PHE:548:CG
0	pc	B:LYS:479:NZ	B:TYR:541:CG
0	pc	B:HIS:552:ND1	B:PHE:548:CG
0	ps	B:PHE:506:CG	B:PHE:535:CG
0	vdw	B:GLN:582:CG	B:PHE:612:CD1
0	vdw	B:ARG:449:O	B:HIS:457:CE1
0	vdw	B:ARG:449:O	B:HIS:457:NE2
0	vdw	B:HIS:518:CB	B:TYR:576:CE1
0	vdw	B:ASN:517:O	B:TYR:576:CE1
0	vdw	B:LEU:577:O	B:PRO:583:CA
0	vdw	B:HIS:578:O	B:PRO:583:CB
0	vdw	B:HIS:578:O	B:PRO:583:CG
0	vdw	B:ILE:584:N	B:LEU:577:O
0	vdw	B:LEU:613:CD2	B:PRO:583:CB
0	vdw	B:LEU:613:CB	B:PRO:583:CB
0	vdw	B:GLN:515:O	B:TYR:576:OH
0	vdw	B:ASN:517:N	B:TYR:576:OH
0	vdw	B:ASN:517:C	B:TYR:576:OH
0	vdw	B:ASN:517:O	B:TYR:576:OH
0	vdw	B:PHE:612:CA	B:PRO:583:O
0	vdw	B:PHE:612:C	B:PRO:583:O
0	vdw	B:LEU:613:N	B:PRO:583:O
0	vdw	B:LEU:613:CB	B:PRO:583:O
0	vdw	B:ILE:512:CG1	B:PHE:612:CZ
0	vdw	B:ILE:512:CG1	B:PHE:612:CE2
0	vdw	B:CYS:514:CB	B:LEU:452:CD1
0	vdw	B:CYS:514:CA	B:PHE:524:CD2
0	vdw	B:CYS:514:CB	B:PHE:524:CE2
0	vdw	B:LEU:448:CD1	B:SER:511:OG
0	vdw	B:HIS:457:NE2	B:LEU:452:O
0	vdw	B:HIS:457:CD2	B:LEU:452:CG
0	vdw	B:HIS:457:CD2	B:LEU:452:CD2
0	vdw	B:LEU:452:CD2	B:LEU:529:CD1
0	vdw	B:CYS:507:SG	B:LEU:448:CD2
0	vdw	B:LEU:448:CD2	B:LEU:529:CD2
0	vdw	B:LEU:448:CD2	B:LEU:529:CD1
0	vdw	B:ARG:700:NH2	B:GLU:714:CD
0	vdw	B:ARG:700:NH2	B:GLU:714:OE1
0	vdw	B:ARG:700:NH2	B:GLU:714:OE2
0	vdw	B:ARG:700:NH1	B:GLU:714:CD
0	vdw	B:ARG:700:CZ	B:GLU:714:OE2
0	vdw	B:ARG:700:NH1	B:GLU:714:OE2
0	vdw	B:ARG:700:NH2	B:PRO:710:CB
0	vdw	B:GLU:575:OE2	B:SER:713:CA
0	vdw	B:GLU:575:OE2	B:SER:713:CB
0	vdw	B:LYS:645:NZ	B:PRO:710:C
0	vdw	B:PRO:710:O	B:VAL:648:CG1
0	vdw	B:PRO:710:O	B:VAL:648:CG2
0	vdw	B:ARG:709:O	B:LYS:645:CE
0	vdw	B:ARG:709:C	B:LYS:645:NZ
0	vdw	B:ARG:709:O	B:LYS:645:NZ
0	vdw	B:LYS:645:CB	B:PRO:706:O
0	vdw	B:LYS:645:CG	B:PRO:706:O
0	vdw	B:LYS:645:CD	B:PRO:706:O
0	vdw	B:ARG:709:O	B:LYS:645:CD
0	vdw	B:GLU:575:CD	B:SER:713:CA
0	vdw	B:GLU:575:OE1	B:VAL:716:CG2
0	vdw	B:GLU:575:CA	B:PHE:712:CB
0	vdw	B:HIS:578:ND1	B:ILE:644:CB
0	vdw	B:HIS:578:CE1	B:ILE:644:O
0	vdw	B:HIS:578:CE1	B:ILE:644:CB
0	vdw	B:HIS:578:CE1	B:PHE:712:CE2
0	vdw	B:HIS:578:CE1	B:ILE:644:C
0	vdw	B:ASP:647:CB	B:HIS:578:CE1
0	vdw	B:HIS:578:ND1	B:PHE:712:CD2
0	vdw	B:HIS:578:CE1	B:PHE:712:CD2
0	vdw	B:HIS:518:CB	B:TYR:576:CG
0	vdw	B:HIS:518:CB	B:TYR:576:CD1
0	vdw	B:HIS:518:CB	B:TYR:576:CD2
0	vdw	B:HIS:518:CG	B:TYR:576:CB
0	vdw	B:HIS:518:CG	B:TYR:576:CG
0	vdw	B:HIS:518:CG	B:TYR:576:CD1
0	vdw	B:HIS:518:CD2	B:TYR:576:CG
0	vdw	B:HIS:518:CD2	B:TYR:576:CD1
0	vdw	B:HIS:518:CB	B:TYR:576:CZ
0	vdw	B:HIS:578:CG	B:ILE:644:CB
0	vdw	B:HIS:578:CG	B:ILE:644:CG2
0	vdw	B:HIS:578:CD2	B:ILE:584:O
0	vdw	B:HIS:578:CD2	B:ILE:644:CB
0	vdw	B:HIS:578:CD2	B:ILE:644:CG2
0	vdw	B:HIS:578:NE2	B:ILE:644:O
0	vdw	B:HIS:578:NE2	B:ILE:644:CB
0	vdw	B:ASP:647:CB	B:HIS:578:NE2
0	vdw	B:ASP:647:CG	B:HIS:578:NE2
0	vdw	B:ASP:647:OD2	B:HIS:578:NE2
0	vdw	B:ILE:585:CG1	B:ILE:644:CG2
0	vdw	B:ILE:585:CD1	B:THR:643:C
0	vdw	B:ILE:585:CD1	B:THR:643:O
0	vdw	B:ILE:585:CD1	B:ILE:644:N
0	vdw	B:MET:631:SD	B:PHE:636:CA
0	vdw	B:ASN:517:N	B:TYR:576:CZ
0	vdw	B:ASN:517:C	B:TYR:576:CZ
0	vdw	B:ASN:517:O	B:TYR:576:CZ
0	vdw	B:LEU:516:CD2	B:LEU:577:CD2
0	vdw	B:ILE:584:CD1	B:LEU:516:CD2
0	vdw	B:ILE:512:CG2	B:ILE:584:CD1
0	vdw	B:LEU:577:CD2	B:PHE:607:CE2
0	vdw	B:ARG:611:O	B:ILE:584:CA
0	vdw	B:ARG:611:O	B:ILE:584:C
0	vdw	B:ARG:611:O	B:ILE:585:N
0	vdw	B:ARG:611:O	B:ILE:585:CA
0	vdw	B:ARG:611:O	B:ILE:585:O
0	vdw	B:ARG:611:O	B:ILE:585:CB
0	vdw	B:ILE:585:O	B:SER:610:C
0	vdw	B:ARG:611:N	B:ILE:585:O
0	vdw	B:ILE:585:O	B:SER:610:CA
0	vdw	B:ILE:585:O	B:SER:610:CB
0	vdw	B:ILE:585:O	B:SER:610:OG
0	vdw	B:ASP:647:OD2	B:ILE:585:CA
0	vdw	B:ASP:647:OD2	B:ILE:585:C
0	vdw	B:ARG:611:CG	B:TYR:642:OH
0	vdw	B:ARG:587:CD	B:TYR:642:OH
0	vdw	B:ASP:647:CG	B:ILE:585:CG2
0	vdw	B:ASP:647:OD1	B:ILE:585:CG2
0	vdw	B:ASP:647:OD2	B:ILE:585:CG2
0	vdw	B:ARG:587:CD	B:TYR:642:CZ
0	vdw	B:LEU:516:CD1	B:VAL:521:CG1
0	vdw	B:LEU:516:CD1	B:PHE:607:CE2
0	vdw	B:LEU:516:CD1	B:PHE:607:CZ
0	vdw	B:ILE:512:CD1	B:SER:610:C
0	vdw	B:ILE:512:CD1	B:SER:610:O
0	vdw	B:ARG:508:CD	B:SER:610:O
0	vdw	B:ILE:512:CD1	B:SER:610:CB
0	vdw	B:ARG:508:NE	B:ARG:611:NE
0	vdw	B:ARG:508:CZ	B:ARG:611:NE
0	vdw	B:ARG:508:NE	B:ARG:611:CZ
0	vdw	B:ARG:508:CZ	B:ARG:611:CZ
0	vdw	B:PHE:456:CD1	B:VAL:525:O
0	vdw	B:PHE:456:CG	B:PHE:524:CE2
0	vdw	B:PHE:456:CD1	B:PHE:524:CD2
0	vdw	B:PHE:456:CD1	B:PHE:524:CE2
0	vdw	B:PHE:456:CE1	B:PHE:524:CD2
0	vdw	B:PHE:456:CE1	B:PHE:524:CE2
0	vdw	B:LEU:513:O	B:PHE:524:CB
0	vdw	B:LEU:513:CB	B:PHE:524:CD1
0	vdw	B:PHE:524:CD1	B:VAL:538:O
0	vdw	B:ARG:508:CD	B:ARG:611:NE
0	vdw	B:ARG:508:NE	B:ARG:611:NH1
0	vdw	B:ARG:508:CZ	B:ARG:611:NH1
0	vdw	B:ARG:508:NH1	B:ARG:611:NH1
0	vdw	B:ARG:483:NH1	B:HIS:455:O
0	vdw	B:ARG:483:NE	B:LEU:458:CD2
0	vdw	B:ARG:483:CZ	B:LEU:458:CD2
0	vdw	B:ARG:483:NH1	B:LEU:458:CD2
0	vdw	B:ARG:483:NE	B:GLU:462:OE2
0	vdw	B:ARG:483:CZ	B:GLU:462:OE2
0	vdw	B:GLY:526:CA	B:PHE:456:O
0	vdw	B:ALA:527:N	B:PHE:456:O
0	vdw	B:GLY:526:CA	B:LEU:458:CD1
0	vdw	B:ALA:527:O	B:PHE:456:O
0	vdw	B:GLY:526:C	B:PHE:456:O
0	vdw	B:ALA:527:CB	B:VAL:510:CG2
0	vdw	B:ALA:527:C	B:ALA:536:O
0	vdw	B:ALA:527:CB	B:ALA:536:O
0	vdw	B:LEU:529:CD2	B:PHE:506:CE2
0	vdw	B:PHE:506:CE2	B:PHE:535:CE1
0	vdw	B:PHE:506:CD2	B:PHE:535:CE2
0	vdw	B:PHE:506:CD2	B:PHE:535:CG
0	vdw	B:PHE:506:CE2	B:PHE:535:CG
0	vdw	B:PHE:506:CE2	B:PHE:535:CD1
0	vdw	B:ILE:537:CD1	B:VAL:510:CG2
0	vdw	B:PHE:506:CD2	B:PHE:535:CD2
0	vdw	B:PHE:506:CA	B:TYR:492:OH
0	vdw	B:ARG:483:NH2	B:HIS:457:O
0	vdw	B:ARG:483:NH2	B:GLU:462:OE2
0	vdw	B:ARG:483:NH2	B:LEU:458:CD2
0	vdw	B:ALA:527:O	B:LEU:458:N
0	vdw	B:ALA:527:O	B:LEU:458:CA
0	vdw	B:CYS:528:CA	B:LEU:458:O
0	vdw	B:CYS:528:CB	B:LEU:458:O
0	vdw	B:CYS:528:SG	B:LEU:458:O
0	vdw	B:ALA:527:O	B:LEU:458:CB
0	vdw	B:ILE:445:CD1	B:PHE:535:CE1
0	vdw	B:ILE:445:CD1	B:PHE:535:CZ
0	vdw	B:ILE:445:CD1	B:LEU:529:O
0	vdw	B:LEU:529:CD2	B:PHE:506:CZ
0	vdw	B:ASN:530:CG	B:GLN:459:OE1
0	vdw	B:ASN:530:ND2	B:GLN:459:OE1
0	vdw	B:ASN:530:OD1	B:GLN:459:OE1
0	vdw	B:ARG:700:O	B:GLY:708:O
0	vdw	B:GLU:720:CG	B:VAL:568:CG1
0	vdw	B:GLU:720:OE2	B:LYS:572:CE
0	vdw	B:ALA:571:C	B:VAL:716:CG2
0	vdw	B:ALA:571:CB	B:VAL:716:CG2
0	vdw	B:TYR:651:CE2	B:VAL:715:CG1
0	vdw	B:ARG:709:CB	B:VAL:648:CG1
0	vdw	B:ARG:700:C	B:PRO:710:CD
0	vdw	B:GLY:701:CA	B:PRO:710:CD
0	vdw	B:ARG:700:CB	B:PRO:710:CD
0	vdw	B:ARG:700:O	B:ARG:709:CA
0	vdw	B:ARG:700:O	B:ARG:709:CG
0	vdw	B:ARG:709:CG	B:GLY:701:O
0	vdw	B:ARG:709:CZ	B:ASN:703:O
0	vdw	B:ARG:709:NH2	B:ASN:703:O
0	vdw	B:ALA:704:C	B:ARG:709:NH2
0	vdw	B:ALA:571:CB	B:TYR:651:OH
0	vdw	B:MET:574:CB	B:PHE:712:CG
0	vdw	B:MET:574:CB	B:PHE:712:CD2
0	vdw	B:MET:574:CB	B:PHE:712:CE1
0	vdw	B:MET:574:CB	B:PHE:712:CZ
0	vdw	B:MET:574:CG	B:PHE:712:CZ
0	vdw	B:PHE:712:CE1	B:TYR:651:CG
0	vdw	B:PHE:712:CE1	B:TYR:651:CD1
0	vdw	B:PHE:712:CZ	B:TYR:651:CG
0	vdw	B:PHE:712:CE1	B:TYR:651:CB
0	vdw	B:PHE:712:CZ	B:TYR:651:CB
0	vdw	B:PHE:712:CE2	B:VAL:648:CG2
0	vdw	B:GLY:701:O	B:VAL:648:C
0	vdw	B:ARG:709:NH1	B:LYS:645:C
0	vdw	B:ARG:709:CD	B:LYS:645:O
0	vdw	B:ARG:709:NH1	B:LYS:645:O
0	vdw	B:ARG:709:NH1	B:PHE:649:CB
0	vdw	B:ARG:709:NE	B:ASN:703:O
0	vdw	B:GLY:701:O	B:PHE:649:N
0	vdw	B:ARG:709:CD	B:GLY:701:O
0	vdw	B:ALA:704:O	B:ARG:709:NH2
0	vdw	B:ARG:709:CZ	B:PHE:649:CB
0	vdw	B:ARG:709:CZ	B:PHE:649:CD2
0	vdw	B:ARG:709:NH2	B:PHE:649:CD2
0	vdw	B:CYS:520:CB	B:GLY:573:N
0	vdw	B:CYS:520:CB	B:GLY:573:CA
0	vdw	B:PRO:519:O	B:VAL:603:CG1
0	vdw	B:ASP:569:O	B:CYS:520:CB
0	vdw	B:ASP:569:O	B:CYS:520:SG
0	vdw	B:CYS:520:SG	B:LYS:572:CB
0	vdw	B:ASP:569:CB	B:CYS:520:SG
0	vdw	B:ASP:569:CA	B:CYS:520:SG
0	vdw	B:ASP:569:C	B:CYS:520:SG
0	vdw	B:CYS:520:C	B:VAL:603:CA
0	vdw	B:CYS:520:O	B:VAL:603:CA
0	vdw	B:CYS:520:O	B:VAL:603:C
0	vdw	B:CYS:520:O	B:VAL:604:N
0	vdw	B:CYS:520:C	B:VAL:603:CB
0	vdw	B:CYS:520:O	B:VAL:603:CB
0	vdw	B:ASP:647:CB	B:MET:574:CE
0	vdw	B:ASP:647:CG	B:MET:574:CE
0	vdw	B:ASP:647:OD2	B:MET:574:CE
0	vdw	B:LEU:589:CD2	B:MET:574:SD
0	vdw	B:HIS:586:CB	B:MET:574:CE
0	vdw	B:MET:574:CB	B:PHE:712:CE2
0	vdw	B:MET:574:CG	B:PHE:712:CE2
0	vdw	B:ASP:647:CG	B:HIS:586:N
0	vdw	B:ASP:647:OD1	B:HIS:586:N
0	vdw	B:ARG:587:N	B:ASP:647:OD1
0	vdw	B:ASP:647:OD2	B:HIS:586:N
0	vdw	B:ASP:647:OD2	B:HIS:586:CB
0	vdw	B:ARG:587:CA	B:ASP:647:OD1
0	vdw	B:ILE:522:N	B:VAL:604:O
0	vdw	B:PHE:607:CZ	B:VAL:521:CG1
0	vdw	B:ILE:522:CB	B:VAL:604:O
0	vdw	B:LEU:577:CD1	B:PHE:607:CE2
0	vdw	B:LEU:577:CD1	B:PHE:607:CZ
0	vdw	B:HIS:586:CD2	B:VAL:604:CG1
0	vdw	B:HIS:586:CD2	B:PHE:607:CE2
0	vdw	B:HIS:586:NE2	B:VAL:604:CG1
0	vdw	B:HIS:586:CA	B:SER:610:OG
0	vdw	B:HIS:586:C	B:SER:610:OG
0	vdw	B:GLU:609:C	B:HIS:586:O
0	vdw	B:HIS:586:O	B:SER:610:N
0	vdw	B:HIS:586:O	B:SER:610:CA
0	vdw	B:HIS:586:O	B:SER:610:CB
0	vdw	B:HIS:586:O	B:SER:610:OG
0	vdw	B:ARG:587:CB	B:GLU:609:O
0	vdw	B:ARG:587:CD	B:GLU:609:O
0	vdw	B:GLN:523:N	B:GLN:540:OE1
0	vdw	B:GLN:523:CA	B:GLN:540:OE1
0	vdw	B:GLN:523:CB	B:GLN:540:OE1
0	vdw	B:GLN:523:O	B:THR:539:CA
0	vdw	B:GLN:523:O	B:THR:539:CB
0	vdw	B:GLN:523:N	B:GLN:540:CD
0	vdw	B:GLN:523:O	B:GLN:540:N
0	vdw	B:GLN:523:CB	B:GLN:540:CD
0	vdw	B:GLN:523:O	B:THR:539:C
0	vdw	B:GLN:540:OE1	B:ILE:522:CA
0	vdw	B:LEU:513:CD2	B:PHE:607:CD1
0	vdw	B:ASP:588:CB	B:GLU:609:CB
0	vdw	B:GLY:608:CA	B:LYS:490:NZ
0	vdw	B:VAL:525:N	B:VAL:538:O
0	vdw	B:VAL:525:CA	B:VAL:538:O
0	vdw	B:VAL:525:CB	B:VAL:538:O
0	vdw	B:GLY:526:N	B:VAL:538:O
0	vdw	B:THR:539:C	B:VAL:525:CG2
0	vdw	B:ALA:488:O	B:VAL:538:C
0	vdw	B:ALA:488:O	B:THR:539:N
0	vdw	B:GLY:526:O	B:VAL:538:O
0	vdw	B:4CV:801:N03	B:THR:539:CB
0	vdw	B:ILE:522:CG1	B:THR:539:CB
0	vdw	B:ILE:537:CG2	B:LEU:513:CD1
0	vdw	B:4CV:801:N03	B:THR:539:CG2
0	vdw	B:GLU:509:CD	B:ILE:537:CD1
0	vdw	B:ILE:537:CD1	B:PHE:506:CD1
0	vdw	B:ILE:537:CD1	B:PHE:506:CE1
0	vdw	B:GLU:509:CD	B:LYS:490:NZ
0	vdw	B:GLU:509:OE1	B:LYS:490:NZ
0	vdw	B:GLU:509:OE2	B:LYS:490:CD
0	vdw	B:GLU:509:OE2	B:LYS:490:CE
0	vdw	B:GLU:509:OE2	B:LYS:490:NZ
0	vdw	B:GLU:509:OE1	B:TYR:492:CZ
0	vdw	B:GLU:509:OE1	B:TYR:492:OH
0	vdw	B:GLU:509:CG	B:PHE:607:C
0	vdw	B:GLU:509:CG	B:PHE:607:O
0	vdw	B:GLU:509:CD	B:GLY:608:N
0	vdw	B:GLU:509:CD	B:GLY:608:CA
0	vdw	B:GLU:509:OE1	B:GLY:608:CA
0	vdw	B:GLU:509:OE2	B:GLY:608:N
0	vdw	B:GLU:509:OE2	B:GLY:608:CA
0	vdw	B:CYS:482:SG	B:LEU:458:CD2
0	vdw	B:LEU:458:CD1	B:VAL:538:CG2
0	vdw	B:GLY:526:C	B:LEU:458:CD1
0	vdw	B:GLY:526:O	B:VAL:538:CB
0	vdw	B:GLY:526:O	B:VAL:538:CG2
0	vdw	B:GLY:526:O	B:VAL:538:N
0	vdw	B:GLY:526:O	B:VAL:538:CA
0	vdw	B:ALA:527:CA	B:ALA:536:O
0	vdw	B:ALA:536:O	B:CYS:528:N
0	vdw	B:ALA:536:CA	B:LYS:490:O
0	vdw	B:ALA:536:C	B:LYS:490:O
0	vdw	B:ILE:537:N	B:LYS:490:O
0	vdw	B:ILE:537:CA	B:LYS:490:O
0	vdw	B:ALA:488:O	B:VAL:538:CA
0	vdw	B:PHE:506:CD1	B:TYR:492:CD1
0	vdw	B:ILE:537:CG1	B:PHE:506:CE1
0	vdw	B:PHE:506:CD1	B:TYR:492:CE1
0	vdw	B:ALA:536:N	B:PHE:506:CE1
0	vdw	B:PHE:506:CG	B:PHE:535:CD2
0	vdw	B:CYS:528:O	B:PHE:535:CA
0	vdw	B:CYS:528:O	B:PHE:535:CD1
0	vdw	B:ALA:536:N	B:CYS:528:O
0	vdw	B:CYS:528:SG	B:GLN:534:CB
0	vdw	B:CYS:528:O	B:PHE:506:CZ
0	vdw	B:ARG:491:NH1	B:GLN:534:O
0	vdw	B:CYS:528:SG	B:LEU:460:N
0	vdw	B:ARG:491:NH1	B:GLN:534:CA
0	vdw	B:LEU:564:CB	B:LEU:723:CD2
0	vdw	B:LEU:697:CD1	B:LEU:719:CD2
0	vdw	B:CYS:722:CB	B:LEU:564:CD1
0	vdw	B:LEU:723:CD1	B:VAL:568:CG2
0	vdw	B:LEU:719:CB	B:VAL:568:CG2
0	vdw	B:ALA:567:CB	B:TYR:651:OH
0	vdw	B:LEU:719:CD1	B:TYR:651:OH
0	vdw	B:ALA:567:CB	B:LEU:655:CD1
0	vdw	B:LEU:655:CD2	B:LEU:698:CD2
0	vdw	B:ALA:652:CB	B:GLY:701:C
0	vdw	B:ALA:652:CB	B:TRP:702:CE3
0	vdw	B:GLY:701:O	B:PHE:649:CA
0	vdw	B:PHE:649:CD2	B:TRP:702:CA
0	vdw	B:PHE:649:CD2	B:TRP:702:C
0	vdw	B:PHE:649:CD2	B:TRP:702:CB
0	vdw	B:PHE:649:CE2	B:TRP:702:CA
0	vdw	B:PHE:649:CE2	B:TRP:702:C
0	vdw	B:PHE:649:CE2	B:TRP:702:CB
0	vdw	B:PHE:649:CZ	B:TRP:702:CB
0	vdw	B:ARG:683:CD	B:TRP:702:CG
0	vdw	B:ARG:683:CG	B:TRP:702:CD1
0	vdw	B:ARG:683:CD	B:TRP:702:CD1
0	vdw	B:ARG:683:NH1	B:TRP:702:O
0	vdw	B:ARG:683:NH1	B:PHE:649:CE2
0	vdw	B:PHE:649:CE2	B:TRP:702:O
0	vdw	B:ARG:683:NE	B:TRP:702:O
0	vdw	B:ARG:683:CZ	B:TRP:702:O
0	vdw	B:ALA:704:CB	B:HIS:681:CE1
0	vdw	B:ASP:569:OD2	B:HIS:601:CG
0	vdw	B:ASP:569:CG	B:HIS:601:ND1
0	vdw	B:ASP:569:OD1	B:HIS:601:ND1
0	vdw	B:ASP:569:OD2	B:HIS:601:ND1
0	vdw	B:ALA:602:O	B:ASP:569:CB
0	vdw	B:ALA:602:N	B:ASP:569:OD2
0	vdw	B:ASP:569:OD2	B:HIS:601:CA
0	vdw	B:ASP:569:OD2	B:HIS:601:C
0	vdw	B:ALA:567:O	B:TYR:651:CE1
0	vdw	B:ALA:567:O	B:TYR:651:CZ
0	vdw	B:ALA:567:CA	B:TYR:651:OH
0	vdw	B:ALA:567:C	B:TYR:651:OH
0	vdw	B:ALA:567:O	B:TYR:651:OH
0	vdw	B:TYR:651:CD1	B:VAL:570:CG1
0	vdw	B:TYR:651:CE1	B:VAL:570:CG1
0	vdw	B:MET:677:SD	B:PHE:649:CE1
0	vdw	B:PHE:649:CD2	B:TRP:702:O
0	vdw	B:ARG:683:NE	B:PHE:649:CE2
0	vdw	B:ARG:683:CZ	B:PHE:649:CE2
0	vdw	B:ARG:683:NE	B:PHE:649:CZ
0	vdw	B:ARG:683:CZ	B:PHE:649:CZ
0	vdw	B:ASP:569:OD2	B:HIS:601:CB
0	vdw	B:ALA:602:CA	B:LEU:595:O
0	vdw	B:ALA:602:C	B:LEU:595:O
0	vdw	B:ALA:602:CB	B:LEU:595:O
0	vdw	B:ALA:602:CB	B:LEU:596:CD2
0	vdw	B:LEU:595:O	B:VAL:603:N
0	vdw	B:ILE:594:CG2	B:VAL:570:CG2
0	vdw	B:ILE:594:CD1	B:VAL:570:CG2
0	vdw	B:LEU:589:O	B:SER:650:CB
0	vdw	B:ILE:542:CD1	B:TYR:597:CE1
0	vdw	B:TYR:597:CE2	B:VAL:603:CG1
0	vdw	B:GLN:540:NE2	B:TYR:597:OH
0	vdw	B:ILE:542:CG2	B:TYR:597:CD1
0	vdw	B:ILE:542:CD1	B:VAL:603:CG2
0	vdw	B:ASN:593:O	B:VAL:604:CA
0	vdw	B:ALA:605:N	B:ASN:593:O
0	vdw	B:ILE:594:CA	B:VAL:603:O
0	vdw	B:LEU:595:N	B:VAL:603:O
0	vdw	B:ALA:605:CB	B:LEU:595:CD1
0	vdw	B:ALA:605:O	B:HIS:586:CE1
0	vdw	B:ALA:605:O	B:HIS:586:NE2
0	vdw	B:ALA:605:O	B:ASN:593:CB
0	vdw	B:ASP:606:O	B:HIS:586:CE1
0	vdw	B:ASP:606:O	B:HIS:586:NE2
0	vdw	B:ASN:593:ND2	B:ASP:588:O
0	vdw	B:ASN:593:ND2	B:ASP:588:OD2
0	vdw	B:GLN:540:CG	B:ILE:522:CD1
0	vdw	B:4CV:801:C21	B:GLN:540:O
0	vdw	B:4CV:801:O05	B:ASP:606:N
0	vdw	B:4CV:801:O05	B:ASP:606:CA
0	vdw	B:4CV:801:C08	B:ASP:606:CA
0	vdw	B:4CV:801:C08	B:ASP:606:CB
0	vdw	B:4CV:801:C08	B:ASP:606:CG
0	vdw	B:4CV:801:C08	B:ASP:606:OD2
0	vdw	B:ASP:606:OD1	B:LYS:490:NZ
0	vdw	B:ASN:593:OD1	B:ASP:606:CB
0	vdw	B:4CV:801:C09	B:ASP:606:CB
0	vdw	B:4CV:801:C09	B:ASP:606:CG
0	vdw	B:4CV:801:C09	B:ASP:606:OD2
0	vdw	B:THR:539:O	B:VAL:487:CG1
0	vdw	B:ILE:486:C	B:TYR:541:CB
0	vdw	B:ILE:486:O	B:TYR:541:CB
0	vdw	B:GLY:480:O	B:VAL:487:N
0	vdw	B:ILE:486:O	B:TYR:541:N
0	vdw	B:THR:539:O	B:VAL:487:CA
0	vdw	B:THR:539:O	B:VAL:487:CB
0	vdw	B:ALA:488:N	B:THR:539:O
0	vdw	B:ALA:488:O	B:THR:539:O
0	vdw	B:4CV:801:C02	B:ALA:488:C
0	vdw	B:4CV:801:C02	B:ALA:488:O
0	vdw	B:VAL:487:CB	B:VAL:538:CG1
0	vdw	B:TYR:541:CB	B:VAL:487:CA
0	vdw	B:TYR:541:CB	B:VAL:487:C
0	vdw	B:ALA:488:CA	B:TYR:478:O
0	vdw	B:ALA:488:C	B:TYR:478:O
0	vdw	B:4CV:801:C02	B:THR:539:OG1
0	vdw	B:4CV:801:N03	B:THR:539:OG1
0	vdw	B:4CV:801:C02	B:LYS:490:CB
0	vdw	B:4CV:801:C02	B:LYS:490:N
0	vdw	B:4CV:801:C02	B:ILE:537:O
0	vdw	B:ILE:489:N	B:TYR:478:O
0	vdw	B:4CV:801:O06	B:LYS:490:CE
0	vdw	B:ARG:481:C	B:VAL:487:CG2
0	vdw	B:CYS:482:CB	B:VAL:487:CG2
0	vdw	B:ARG:481:O	B:GLU:464:N
0	vdw	B:ARG:481:O	B:GLU:464:CB
0	vdw	B:VAL:487:CG2	B:VAL:538:CG1
0	vdw	B:ILE:463:CG2	B:ILE:489:CG1
0	vdw	B:GLY:480:CA	B:ILE:489:CD1
0	vdw	B:ILE:489:CD1	B:TYR:478:O
0	vdw	B:ILE:489:CA	B:ILE:537:O
0	vdw	B:ILE:489:C	B:ILE:537:O
0	vdw	B:ILE:489:CG2	B:ILE:537:O
0	vdw	B:ILE:537:O	B:LYS:490:N
0	vdw	B:ILE:537:O	B:LYS:490:CA
0	vdw	B:ILE:537:O	B:LYS:490:O
0	vdw	B:ILE:489:CG2	B:PHE:465:CE2
0	vdw	B:PHE:535:O	B:TYR:492:N
0	vdw	B:LYS:476:O	B:LYS:490:CA
0	vdw	B:ARG:491:N	B:LYS:476:O
0	vdw	B:ARG:491:O	B:LYS:476:N
0	vdw	B:ARG:491:O	B:LYS:476:O
0	vdw	B:ARG:491:O	B:GLY:475:CA
0	vdw	B:ARG:491:O	B:GLY:475:C
0	vdw	B:PHE:474:O	B:TYR:492:CA
0	vdw	B:ARG:493:N	B:PHE:474:O
0	vdw	B:ARG:491:NH1	B:LEU:460:CD2
0	vdw	B:ARG:491:CZ	B:SER:533:O
0	vdw	B:ARG:491:NH1	B:SER:533:O
0	vdw	B:ILE:694:CG2	B:LEU:659:CD1
0	vdw	B:ILE:686:CD1	B:ILE:699:CG1
0	vdw	B:ILE:686:CD1	B:TRP:702:CZ2
0	vdw	B:ALA:652:O	B:LEU:698:CD2
0	vdw	B:ARG:683:CB	B:TRP:702:CE2
0	vdw	B:LEU:653:CD2	B:TRP:702:CE3
0	vdw	B:PRO:684:CD	B:TRP:702:CZ3
0	vdw	B:PRO:684:CD	B:TRP:702:CH2
0	vdw	B:ILE:682:O	B:MET:677:CA
0	vdw	B:ILE:682:O	B:MET:677:CB
0	vdw	B:ILE:682:O	B:MET:677:CG
0	vdw	B:ARG:683:NH2	B:MET:677:CA
0	vdw	B:ARG:683:NH2	B:MET:677:CB
0	vdw	B:ARG:683:NH2	B:MET:677:C
0	vdw	B:ARG:683:NH2	B:MET:677:O
0	vdw	B:ASP:676:O	B:HIS:681:N
0	vdw	B:ASP:676:O	B:HIS:681:CA
0	vdw	B:ASP:676:O	B:ILE:682:N
0	vdw	B:GLY:600:O	B:ILE:565:CG2
0	vdw	B:GLY:600:O	B:ILE:566:CG1
0	vdw	B:ILE:658:CG1	B:LEU:547:CD2
0	vdw	B:LEU:653:CD2	B:MET:677:SD
0	vdw	B:MET:677:CG	B:PHE:665:CE2
0	vdw	B:MET:677:CG	B:PHE:665:CZ
0	vdw	B:MET:677:SD	B:PHE:665:CE2
0	vdw	B:HIS:601:O	B:LEU:596:CA
0	vdw	B:ILE:542:CG2	B:TYR:597:N
0	vdw	B:GLY:545:O	B:LEU:596:CB
0	vdw	B:ILE:594:CG2	B:LEU:547:CD2
0	vdw	B:ASN:590:C	B:CYS:654:SG
0	vdw	B:ASN:590:CA	B:CYS:654:SG
0	vdw	B:ILE:542:CG2	B:TYR:597:CA
0	vdw	B:ILE:542:CG2	B:LEU:596:C
0	vdw	B:ILE:542:CG2	B:LEU:596:O
0	vdw	B:GLY:544:N	B:LEU:596:O
0	vdw	B:GLY:544:CA	B:LEU:596:O
0	vdw	B:GLY:544:C	B:LEU:596:O
0	vdw	B:GLY:545:O	B:LEU:596:N
0	vdw	B:ILE:594:O	B:SER:546:CA
0	vdw	B:ILE:594:O	B:SER:546:C
0	vdw	B:ILE:594:O	B:LEU:547:N
0	vdw	B:GLY:545:O	B:LEU:595:CA
0	vdw	B:ILE:594:O	B:LEU:547:CA
0	vdw	B:ILE:594:O	B:LEU:547:CB
0	vdw	B:4CV:801:C12	B:HIS:592:O
0	vdw	B:4CV:801:C13	B:HIS:592:O
0	vdw	B:PHE:548:CB	B:SER:591:C
0	vdw	B:PHE:548:CB	B:SER:591:O
0	vdw	B:LEU:547:N	B:SER:591:O
0	vdw	B:HIS:592:O	B:SER:546:CB
0	vdw	B:PHE:548:N	B:SER:591:C
0	vdw	B:PHE:548:N	B:SER:591:O
0	vdw	B:PHE:548:CA	B:SER:591:O
0	vdw	B:LEU:547:CA	B:SER:591:O
0	vdw	B:LEU:547:C	B:SER:591:O
0	vdw	B:LEU:547:CB	B:SER:591:O
0	vdw	B:ILE:486:CG2	B:TYR:541:CD2
0	vdw	B:4CV:801:N22	B:TYR:541:CA
0	vdw	B:4CV:801:N22	B:ILE:542:N
0	vdw	B:4CV:801:C23	B:ILE:542:O
0	vdw	B:4CV:801:N24	B:ILE:542:O
0	vdw	B:4CV:801:C21	B:LEU:595:CD1
0	vdw	B:4CV:801:N22	B:LEU:595:CD1
0	vdw	B:4CV:801:C23	B:LEU:595:CD1
0	vdw	B:4CV:801:C21	B:ALA:488:CB
0	vdw	B:4CV:801:N22	B:TYR:541:CD1
0	vdw	B:4CV:801:C23	B:TYR:541:CD1
0	vdw	B:4CV:801:C23	B:TYR:541:CE1
0	vdw	B:4CV:801:N24	B:TYR:541:CE1
0	vdw	B:4CV:801:C19	B:LEU:595:CD1
0	vdw	B:4CV:801:N20	B:LEU:595:CD1
0	vdw	B:4CV:801:C28	B:LEU:595:CD1
0	vdw	B:4CV:801:C26	B:ILE:469:CD1
0	vdw	B:4CV:801:C28	B:ILE:469:CD1
0	vdw	B:LYS:479:CA	B:VAL:487:O
0	vdw	B:LYS:479:C	B:VAL:487:O
0	vdw	B:GLY:480:N	B:VAL:487:O
0	vdw	B:GLY:480:CA	B:VAL:487:O
0	vdw	B:4CV:801:N20	B:ALA:488:CB
0	vdw	B:ILE:469:CD1	B:VAL:477:CG1
0	vdw	B:ILE:469:N	B:VAL:477:O
0	vdw	B:ILE:469:CA	B:VAL:477:O
0	vdw	B:ILE:469:CG1	B:VAL:477:O
0	vdw	B:ILE:469:CG1	B:VAL:477:CG1
0	vdw	B:GLY:470:N	B:VAL:477:O
0	vdw	B:GLY:470:O	B:VAL:477:O
0	vdw	B:ILE:468:CA	B:VAL:477:O
0	vdw	B:ILE:468:C	B:VAL:477:O
0	vdw	B:GLU:464:O	B:GLY:480:C
0	vdw	B:ARG:481:N	B:GLU:464:O
0	vdw	B:GLY:480:C	B:VAL:487:O
0	vdw	B:GLY:480:O	B:VAL:487:O
0	vdw	B:HIS:466:N	B:LYS:479:O
0	vdw	B:GLU:464:O	B:GLY:480:CA
0	vdw	B:HIS:466:CA	B:LYS:479:O
0	vdw	B:GLU:467:O	B:LYS:479:N
0	vdw	B:GLU:467:O	B:LYS:479:O
0	vdw	B:ILE:489:O	B:VAL:477:C
0	vdw	B:ILE:489:O	B:TYR:478:N
0	vdw	B:ILE:489:O	B:VAL:477:CA
0	vdw	B:PHE:465:CD2	B:TYR:478:CB
0	vdw	B:PHE:465:CD2	B:TYR:478:CG
0	vdw	B:PHE:465:CD2	B:TYR:478:CD1
0	vdw	B:GLU:467:O	B:TYR:478:CA
0	vdw	B:GLU:467:O	B:TYR:478:C
0	vdw	B:GLU:467:O	B:TYR:478:CB
0	vdw	B:GLU:467:O	B:TYR:478:CD2
0	vdw	B:ILE:468:CG1	B:TYR:478:CD2
0	vdw	B:GLY:470:O	B:VAL:477:N
0	vdw	B:GLY:470:O	B:VAL:477:CA
0	vdw	B:ILE:658:O	B:LYS:563:CE
0	vdw	B:LEU:659:C	B:LYS:563:NZ
0	vdw	B:LEU:659:O	B:LYS:563:NZ
0	vdw	B:ILE:658:CG2	B:LYS:563:CB
0	vdw	B:ILE:658:CG2	B:LYS:563:CG
0	vdw	B:LEU:558:O	B:LYS:563:CE
0	vdw	B:PRO:684:CB	B:TRP:656:CD2
0	vdw	B:PRO:684:CB	B:TRP:656:CE2
0	vdw	B:PRO:684:CB	B:TRP:656:CZ2
0	vdw	B:PRO:685:CD	B:TRP:656:CZ2
0	vdw	B:GLU:662:CB	B:TRP:656:CH2
0	vdw	B:PRO:685:O	B:TRP:656:CE2
0	vdw	B:PRO:685:O	B:TRP:656:NE1
0	vdw	B:PHE:665:CE2	B:PRO:684:CD
0	vdw	B:ILE:682:CG2	B:PHE:665:CE1
0	vdw	B:ASP:676:CB	B:ILE:682:CD1
0	vdw	B:LEU:550:CD2	B:LEU:558:CG
0	vdw	B:LEU:550:CD2	B:LEU:558:CD1
0	vdw	B:GLU:657:CG	B:LEU:551:CD1
0	vdw	B:GLU:657:CG	B:GLU:662:O
0	vdw	B:GLU:657:O	B:GLU:662:N
0	vdw	B:GLU:657:CG	B:HIS:552:NE2
0	vdw	B:GLU:662:O	B:TRP:656:CZ3
0	vdw	B:GLU:657:CA	B:GLU:662:O
0	vdw	B:GLU:657:CB	B:GLU:662:O
0	vdw	B:PRO:664:CA	B:TRP:656:CZ3
0	vdw	B:ALA:673:CB	B:PHE:665:CB
0	vdw	B:ASP:676:OD2	B:LEU:668:CD1
0	vdw	B:LEU:550:CD1	B:LEU:596:CD1
0	vdw	B:LEU:547:CA	B:LEU:596:CD1
0	vdw	B:PHE:548:N	B:SER:591:CB
0	vdw	B:PHE:548:CA	B:SER:591:CB
0	vdw	B:GLU:657:CD	B:SER:591:CB
0	vdw	B:GLU:657:OE1	B:SER:591:CB
0	vdw	B:GLU:657:OE2	B:SER:591:CB
0	vdw	B:GLU:657:CD	B:SER:591:OG
0	vdw	B:GLU:657:OE1	B:SER:591:OG
0	vdw	B:GLU:657:OE2	B:SER:591:OG
0	vdw	B:PHE:548:CB	B:SER:591:CB
0	vdw	B:PHE:548:CB	B:SER:591:OG
0	vdw	B:PHE:548:CD1	B:SER:591:OG
0	vdw	B:GLU:657:CD	B:HIS:552:NE2
0	vdw	B:GLU:657:OE2	B:HIS:552:CD2
0	vdw	B:GLU:657:OE2	B:HIS:552:CE1
0	vdw	B:GLU:657:OE2	B:HIS:552:NE2
0	vdw	B:GLU:598:CG	B:SER:543:OG
0	vdw	B:HIS:592:CD2	B:PHE:548:CB
0	vdw	B:HIS:592:CD2	B:PHE:548:CG
0	vdw	B:HIS:592:CD2	B:PHE:548:CD1
0	vdw	B:HIS:592:NE2	B:PHE:548:CG
0	vdw	B:HIS:592:CE1	B:PHE:548:CD1
0	vdw	B:HIS:592:NE2	B:PHE:548:CD1
0	vdw	B:HIS:592:CE1	B:PHE:548:CE1
0	vdw	B:HIS:592:NE2	B:PHE:548:CE1
0	vdw	B:HIS:592:NE2	B:PHE:548:CD2
0	vdw	B:ILE:663:CD1	B:PHE:548:CE1
0	vdw	B:LYS:479:CD	B:TYR:541:CZ
0	vdw	B:ILE:468:CG1	B:TYR:478:CE2
0	vdw	B:ILE:468:CD1	B:TYR:478:CE2
0	vdw	B:GLY:661:C	B:HIS:552:CE1
0	vdw	B:GLY:661:O	B:HIS:552:ND1
0	vdw	B:GLY:661:O	B:HIS:552:CE1
0	vdw	B:ARG:556:N	B:LEU:550:O
0	vdw	B:GLN:554:OE1	B:SER:549:C
0	vdw	B:GLN:554:OE1	B:SER:549:O
0	vdw	B:GLN:554:N	B:SER:549:O
0	vdw	B:LEU:550:O	B:LYS:555:N
0	vdw	B:LEU:550:O	B:LYS:555:CA
0	vdw	B:LEU:550:O	B:LYS:555:C
0	vdw	B:HIS:552:CG	B:ILE:663:CG1
0	vdw	B:HIS:552:CD2	B:ILE:663:CG1
0	vdw	B:HIS:552:CE1	B:ILE:663:CG1
0	vdw	B:HIS:552:NE2	B:ILE:663:CG1
0	vdw	B:GLU:662:C	B:HIS:552:CE1
0	vdw	B:HIS:552:CE1	B:ILE:663:N
0	vdw	B:GLN:554:OE1	B:SER:549:CB
0	hbss	B:HIS:455:ND1	B:HIS:455:NE2
0	hbss	B:HIS:457:ND1	B:HIS:457:NE2
0	hbss	B:GLN:459:NE2	B:GLN:459:OE1
0	hbss	B:GLU:464:OE1	B:HIS:466:NE2
0	hbss	B:HIS:466:ND1	B:HIS:466:NE2
0	hbss	B:ARG:481:NE	B:ARG:481:NH1
0	hbss	B:ARG:481:NE	B:ARG:481:NH2
0	hbss	B:ARG:481:NH1	B:ARG:481:NH2
0	hbss	B:ARG:481:NH1	B:ASN:484:OD1
0	hbss	B:ARG:483:NE	B:GLU:462:OE2
0	hbss	B:ARG:483:NE	B:ARG:483:NH1
0	hbss	B:ARG:483:NE	B:ARG:483:NH2
0	hbss	B:ARG:483:NH1	B:ARG:483:NH2
0	hbss	B:ARG:483:NH2	B:GLU:462:OE2
0	hbss	B:ASN:484:ND2	B:ASN:484:OD1
0	hbss	B:GLU:509:OE1	B:LYS:490:NZ
0	hbss	B:GLU:509:OE2	B:LYS:490:NZ
0	hbss	B:ASP:606:OD1	B:LYS:490:NZ
0	hbss	B:ARG:491:NE	B:ARG:491:NH1
0	hbss	B:ARG:491:NE	B:ARG:491:NH2
0	hbss	B:ARG:491:NH1	B:ARG:491:NH2
0	hbss	B:GLU:509:OE1	B:TYR:492:OH
0	hbss	B:ARG:508:NE	B:ARG:508:NH1
0	hbss	B:ARG:508:NE	B:ARG:508:NH2
0	hbss	B:ARG:508:NE	B:ARG:611:NE
0	hbss	B:ARG:508:NE	B:ARG:611:NH1
0	hbss	B:ARG:508:NH1	B:ARG:508:NH2
0	hbss	B:ARG:508:NH1	B:ARG:611:NH1
0	hbss	B:GLN:515:NE2	B:GLN:515:OE1
0	hbss	B:ASN:517:ND2	B:ASN:517:OD1
0	hbss	B:HIS:518:ND1	B:HIS:518:NE2
0	hbss	B:GLN:523:NE2	B:GLN:523:OE1
0	hbss	B:ASN:530:ND2	B:GLN:459:OE1
0	hbss	B:ASN:530:ND2	B:ASN:530:OD1
0	hbss	B:ASN:530:ND2	B:GLN:534:OE1
0	hbss	B:ASP:531:OD1	B:SER:533:OG
0	hbss	B:ASP:531:OD2	B:SER:533:OG
0	hbss	B:GLN:534:NE2	B:GLN:534:OE1
0	hbss	B:GLN:540:NE2	B:GLN:540:OE1
0	hbss	B:GLN:540:NE2	B:TYR:597:OH
0	hbss	B:SER:546:OG	B:SER:549:OG
0	hbss	B:GLU:553:OE1	B:SER:549:OG
0	hbss	B:HIS:552:ND1	B:HIS:552:NE2
0	hbss	B:GLU:657:OE2	B:HIS:552:NE2
0	hbss	B:GLN:554:NE2	B:GLN:554:OE1
0	hbss	B:GLN:561:NE2	B:GLN:561:OE1
0	hbss	B:ASP:559:OD1	B:SER:562:OG
0	hbss	B:HIS:578:ND1	B:HIS:578:NE2
0	hbss	B:ASP:647:OD2	B:HIS:578:NE2
0	hbss	B:ASN:579:ND2	B:ASN:579:OD1
0	hbss	B:GLN:582:NE2	B:GLN:582:OE1
0	hbss	B:HIS:586:ND1	B:HIS:586:NE2
0	hbss	B:ASN:590:ND2	B:ASN:590:OD1
0	hbss	B:ASN:590:ND2	B:ASN:593:ND2
0	hbss	B:GLU:657:OE1	B:SER:591:OG
0	hbss	B:GLU:657:OE2	B:SER:591:OG
0	hbss	B:HIS:592:ND1	B:HIS:592:NE2
0	hbss	B:ASN:593:ND2	B:ASP:588:OD2
0	hbss	B:ASN:590:OD1	B:ASN:593:ND2
0	hbss	B:ASN:593:ND2	B:ASN:593:OD1
0	hbss	B:HIS:601:ND1	B:HIS:601:NE2
0	hbss	B:ARG:611:NE	B:ARG:611:NH1
0	hbss	B:ARG:611:NE	B:ARG:611:NH2
0	hbss	B:ARG:611:NH1	B:ARG:611:NH2
0	hbss	B:ARG:629:NE	B:ARG:629:NH1
0	hbss	B:ARG:629:NE	B:ARG:629:NH2
0	hbss	B:ARG:629:NH1	B:ARG:629:NH2
0	hbss	B:GLN:638:NE2	B:GLN:638:OE1
0	hbss	B:HIS:667:ND1	B:HIS:667:NE2
0	hbss	B:HIS:680:ND1	B:HIS:680:NE2
0	hbss	B:HIS:681:ND1	B:HIS:681:NE2
0	hbss	B:ARG:683:NE	B:ARG:683:NH1
0	hbss	B:ARG:683:NE	B:ARG:683:NH2
0	hbss	B:ARG:683:NH1	B:ARG:683:NH2
0	hbss	B:ARG:700:NE	B:ARG:700:NH1
0	hbss	B:ARG:700:NE	B:ARG:700:NH2
0	hbss	B:ARG:700:NH1	B:ARG:700:NH2
0	hbss	B:ARG:700:NH1	B:GLU:714:OE2
0	hbss	B:ARG:700:NH2	B:GLU:714:OE1
0	hbss	B:ARG:700:NH2	B:GLU:714:OE2
0	hbss	B:ASN:703:ND2	B:ASN:703:OD1
0	hbss	B:ARG:709:NE	B:ARG:709:NH1
0	hbss	B:ARG:709:NE	B:ARG:709:NH2
0	hbss	B:ARG:709:NH1	B:ARG:709:NH2
0	hbss	B:ASN:725:ND2	B:ASN:725:OD1
0	hbsb	B:SER:454:N	B:SER:454:OG
0	hbsb	B:HIS:455:N	B:SER:454:OG
0	hbsb	B:HIS:455:N	B:HIS:455:ND1
0	hbsb	B:ARG:449:O	B:HIS:457:NE2
0	hbsb	B:HIS:457:NE2	B:LEU:452:O
0	hbsb	B:GLN:459:N	B:GLU:462:OE1
0	hbsb	B:SER:461:N	B:SER:461:OG
0	hbsb	B:GLU:462:N	B:SER:461:OG
0	hbsb	B:GLU:467:N	B:GLU:467:OE1
0	hbsb	B:GLY:472:N	B:SER:471:OG
0	hbsb	B:SER:473:N	B:SER:473:OG
0	hbsb	B:PHE:474:N	B:SER:473:OG
0	hbsb	B:ARG:483:NH1	B:HIS:455:O
0	hbsb	B:ARG:483:NH2	B:HIS:457:O
0	hbsb	B:ARG:491:NH1	B:SER:533:O
0	hbsb	B:ARG:491:NH1	B:GLN:534:O
0	hbsb	B:ASP:504:N	B:ASP:504:OD1
0	hbsb	B:SER:511:N	B:SER:511:OG
0	hbsb	B:CYS:507:O	B:SER:511:OG
0	hbsb	B:ASN:517:N	B:TYR:576:OH
0	hbsb	B:ASN:517:ND2	B:LEU:516:O
0	hbsb	B:CYS:520:N	B:HIS:518:ND1
0	hbsb	B:GLN:523:N	B:GLN:540:OE1
0	hbsb	B:ASN:530:N	B:ASN:530:OD1
0	hbsb	B:ASP:531:N	B:ASP:531:OD1
0	hbsb	B:ASP:531:OD1	B:SER:533:N
0	hbsb	B:SER:533:N	B:SER:533:OG
0	hbsb	B:GLN:534:N	B:SER:533:OG
0	hbsb	B:ASP:531:OD1	B:GLN:534:N
0	hbsb	B:THR:539:N	B:THR:539:OG1
0	hbsb	B:THR:539:O	B:THR:539:OG1
0	hbsb	B:GLN:540:N	B:THR:539:OG1
0	hbsb	B:GLN:540:O	B:THR:539:OG1
0	hbsb	B:SER:543:N	B:SER:543:OG
0	hbsb	B:GLY:544:N	B:SER:543:OG
0	hbsb	B:SER:546:N	B:SER:546:OG
0	hbsb	B:SER:546:O	B:SER:546:OG
0	hbsb	B:PHE:548:N	B:SER:546:OG
0	hbsb	B:SER:546:OG	B:SER:549:N
0	hbsb	B:SER:549:N	B:SER:549:OG
0	hbsb	B:GLN:554:OE1	B:LEU:550:N
0	hbsb	B:HIS:552:N	B:HIS:552:ND1
0	hbsb	B:ASP:559:N	B:ASP:559:OD1
0	hbsb	B:SER:562:N	B:SER:562:OG
0	hbsb	B:LEU:659:O	B:LYS:563:NZ
0	hbsb	B:ASP:569:N	B:ASP:569:OD1
0	hbsb	B:ASN:517:O	B:TYR:576:OH
0	hbsb	B:HIS:578:NE2	B:ILE:644:O
0	hbsb	B:ASN:579:ND2	B:GLU:575:O
0	hbsb	B:THR:581:N	B:THR:581:OG1
0	hbsb	B:ASP:647:OD2	B:HIS:586:N
0	hbsb	B:ALA:605:O	B:HIS:586:NE2
0	hbsb	B:ASP:606:O	B:HIS:586:NE2
0	hbsb	B:ARG:587:N	B:ASP:647:OD1
0	hbsb	B:ASP:588:N	B:HIS:586:ND1
0	hbsb	B:HIS:586:ND1	B:LEU:589:N
0	hbsb	B:ASN:590:N	B:ASN:590:OD1
0	hbsb	B:ASN:590:ND2	B:ASP:588:O
0	hbsb	B:ASN:590:OD1	B:SER:591:N
0	hbsb	B:SER:591:N	B:SER:591:OG
0	hbsb	B:ASN:590:OD1	B:HIS:592:N
0	hbsb	B:ASN:590:OD1	B:ASN:593:N
0	hbsb	B:ASN:593:N	B:ASN:593:OD1
0	hbsb	B:ASN:593:ND2	B:ASP:588:O
0	hbsb	B:ASP:599:N	B:ASP:599:OD1
0	hbsb	B:ASP:599:OD1	B:GLY:600:N
0	hbsb	B:ASP:599:OD1	B:HIS:601:N
0	hbsb	B:ALA:602:N	B:ASP:569:OD2
0	hbsb	B:ASP:606:OD1	B:PHE:607:N
0	hbsb	B:ASP:606:OD1	B:GLY:608:N
0	hbsb	B:SER:610:N	B:SER:610:OG
0	hbsb	B:ILE:585:O	B:SER:610:OG
0	hbsb	B:HIS:586:O	B:SER:610:OG
0	hbsb	B:PHE:607:O	B:SER:610:OG
0	hbsb	B:ARG:611:NE	B:SER:610:O
0	hbsb	B:GLU:634:N	B:GLU:634:OE1
0	hbsb	B:THR:637:N	B:THR:637:OG1
0	hbsb	B:PRO:633:O	B:THR:637:OG1
0	hbsb	B:THR:640:N	B:THR:640:OG1
0	hbsb	B:PHE:636:O	B:THR:640:OG1
0	hbsb	B:THR:643:N	B:THR:643:OG1
0	hbsb	B:ILE:644:N	B:THR:643:OG1
0	hbsb	B:LYS:645:N	B:THR:643:OG1
0	hbsb	B:ARG:709:O	B:LYS:645:NZ
0	hbsb	B:ASP:647:N	B:ASP:647:OD1
0	hbsb	B:SER:650:N	B:SER:650:OG
0	hbsb	B:ALA:646:O	B:SER:650:OG
0	hbsb	B:ALA:567:O	B:TYR:651:OH
0	hbsb	B:PRO:685:O	B:TRP:656:NE1
0	hbsb	B:THR:660:N	B:THR:660:OG1
0	hbsb	B:THR:660:OG1	B:TRP:656:O
0	hbsb	B:GLY:661:N	B:THR:660:OG1
0	hbsb	B:GLU:662:N	B:THR:660:OG1
0	hbsb	B:HIS:667:N	B:HIS:667:ND1
0	hbsb	B:ASP:676:N	B:ASP:676:OD1
0	hbsb	B:ARG:683:NE	B:TRP:702:O
0	hbsb	B:ARG:683:NH1	B:TRP:702:O
0	hbsb	B:ARG:683:NH2	B:MET:677:O
0	hbsb	B:ARG:683:NH2	B:ILE:682:O
0	hbsb	B:SER:689:N	B:SER:689:OG
0	hbsb	B:SER:689:O	B:SER:689:OG
0	hbsb	B:ILE:690:N	B:SER:689:OG
0	hbsb	B:SER:695:N	B:SER:695:OG
0	hbsb	B:PRO:691:O	B:SER:695:OG
0	hbsb	B:LYS:692:O	B:SER:695:OG
0	hbsb	B:SER:695:OG	B:SER:696:N
0	hbsb	B:SER:696:O	B:SER:696:OG
0	hbsb	B:LEU:697:N	B:SER:696:OG
0	hbsb	B:LEU:698:O	B:TRP:702:NE1
0	hbsb	B:ALA:704:N	B:ASN:703:OD1
0	hbsb	B:ASN:703:OD1	B:CYS:705:N
0	hbsb	B:GLU:707:N	B:GLU:707:OE1
0	hbsb	B:GLU:707:N	B:GLU:707:OE2
0	hbsb	B:ARG:709:NE	B:ASN:703:O
0	hbsb	B:ARG:709:NH1	B:LYS:645:O
0	hbsb	B:ARG:709:NH2	B:ASN:703:O
0	hbsb	B:ALA:704:O	B:ARG:709:NH2
0	hbsb	B:SER:713:N	B:SER:713:OG
0	hbbb	B:ILE:445:N	B:LEU:446:N
0	hbbb	B:ILE:445:O	B:LEU:446:N
0	hbbb	B:LEU:446:N	B:LEU:446:O
0	hbbb	B:LEU:446:N	B:LEU:447:N
0	hbbb	B:LEU:446:O	B:LEU:447:N
0	hbbb	B:LEU:447:N	B:LEU:448:N
0	hbbb	B:LEU:446:O	B:LEU:448:N
0	hbbb	B:LEU:447:O	B:LEU:448:N
0	hbbb	B:ARG:449:N	B:LEU:448:N
0	hbbb	B:ARG:449:N	B:ILE:445:O
0	hbbb	B:ARG:449:N	B:LEU:448:O
0	hbbb	B:ALA:450:N	B:ARG:449:N
0	hbbb	B:ALA:450:N	B:LEU:446:O
0	hbbb	B:ALA:450:N	B:LEU:448:O
0	hbbb	B:ALA:450:N	B:ARG:449:O
0	hbbb	B:ALA:450:N	B:GLY:451:N
0	hbbb	B:GLY:451:N	B:LEU:447:O
0	hbbb	B:GLY:451:N	B:LEU:448:O
0	hbbb	B:ALA:450:O	B:GLY:451:N
0	hbbb	B:GLY:451:N	B:LEU:452:N
0	hbbb	B:LEU:448:O	B:LEU:452:N
0	hbbb	B:GLY:451:O	B:LEU:452:N
0	hbbb	B:LEU:452:N	B:LEU:452:O
0	hbbb	B:LEU:452:N	B:PRO:453:N
0	hbbb	B:LEU:452:O	B:SER:454:N
0	hbbb	B:PRO:453:O	B:SER:454:N
0	hbbb	B:HIS:455:N	B:SER:454:N
0	hbbb	B:HIS:455:N	B:PRO:453:O
0	hbbb	B:HIS:455:N	B:SER:454:O
0	hbbb	B:HIS:455:N	B:PHE:456:N
0	hbbb	B:PHE:456:N	B:PRO:453:O
0	hbbb	B:PHE:456:N	B:SER:454:O
0	hbbb	B:HIS:455:O	B:PHE:456:N
0	hbbb	B:HIS:457:N	B:PHE:456:N
0	hbbb	B:HIS:457:N	B:SER:454:O
0	hbbb	B:HIS:457:N	B:PHE:456:O
0	hbbb	B:HIS:457:N	B:HIS:457:O
0	hbbb	B:HIS:457:N	B:LEU:458:N
0	hbbb	B:LEU:458:N	B:PHE:456:O
0	hbbb	B:HIS:457:O	B:LEU:458:N
0	hbbb	B:LEU:458:N	B:LEU:458:O
0	hbbb	B:ALA:527:O	B:LEU:458:N
0	hbbb	B:GLN:459:N	B:LEU:458:O
0	hbbb	B:GLN:459:N	B:GLN:459:O
0	hbbb	B:GLN:459:O	B:LEU:460:N
0	hbbb	B:LEU:460:N	B:SER:461:N
0	hbbb	B:GLN:459:O	B:SER:461:N
0	hbbb	B:LEU:460:O	B:SER:461:N
0	hbbb	B:GLU:462:N	B:SER:461:N
0	hbbb	B:GLN:459:O	B:GLU:462:N
0	hbbb	B:GLU:462:N	B:LEU:460:O
0	hbbb	B:GLU:462:N	B:SER:461:O
0	hbbb	B:GLU:462:N	B:ILE:463:N
0	hbbb	B:ILE:463:N	B:LEU:460:O
0	hbbb	B:GLU:462:O	B:ILE:463:N
0	hbbb	B:ILE:463:N	B:ILE:463:O
0	hbbb	B:GLU:464:N	B:ILE:463:O
0	hbbb	B:GLU:464:N	B:GLU:464:O
0	hbbb	B:GLU:464:N	B:PHE:465:N
0	hbbb	B:ARG:481:O	B:GLU:464:N
0	hbbb	B:GLU:464:O	B:PHE:465:N
0	hbbb	B:PHE:465:N	B:PHE:465:O
0	hbbb	B:HIS:466:N	B:PHE:465:N
0	hbbb	B:HIS:466:N	B:PHE:465:O
0	hbbb	B:HIS:466:N	B:HIS:466:O
0	hbbb	B:GLU:467:N	B:HIS:466:N
0	hbbb	B:HIS:466:N	B:LYS:479:O
0	hbbb	B:GLU:467:N	B:HIS:466:O
0	hbbb	B:GLU:467:N	B:GLU:467:O
0	hbbb	B:GLU:467:O	B:ILE:468:N
0	hbbb	B:ILE:468:N	B:ILE:468:O
0	hbbb	B:ILE:468:N	B:ILE:469:N
0	hbbb	B:ILE:468:O	B:ILE:469:N
0	hbbb	B:GLY:470:N	B:ILE:469:N
0	hbbb	B:ILE:469:N	B:VAL:477:O
0	hbbb	B:GLY:470:N	B:ILE:469:O
0	hbbb	B:GLY:470:N	B:GLY:470:O
0	hbbb	B:GLY:470:N	B:VAL:477:O
0	hbbb	B:GLY:470:O	B:SER:471:N
0	hbbb	B:SER:471:N	B:SER:471:O
0	hbbb	B:GLY:472:N	B:SER:471:O
0	hbbb	B:GLY:472:N	B:GLY:472:O
0	hbbb	B:GLY:472:N	B:GLY:475:O
0	hbbb	B:GLY:472:O	B:SER:473:N
0	hbbb	B:PHE:474:N	B:SER:473:N
0	hbbb	B:PHE:474:N	B:SER:473:O
0	hbbb	B:GLY:475:N	B:PHE:474:N
0	hbbb	B:GLY:475:N	B:SER:473:O
0	hbbb	B:GLY:475:N	B:PHE:474:O
0	hbbb	B:GLY:475:N	B:GLY:475:O
0	hbbb	B:GLY:475:O	B:LYS:476:N
0	hbbb	B:LYS:476:N	B:LYS:476:O
0	hbbb	B:ARG:491:O	B:LYS:476:N
0	hbbb	B:GLY:470:O	B:VAL:477:N
0	hbbb	B:LYS:476:O	B:VAL:477:N
0	hbbb	B:VAL:477:N	B:VAL:477:O
0	hbbb	B:TYR:478:N	B:VAL:477:N
0	hbbb	B:TYR:478:N	B:VAL:477:O
0	hbbb	B:TYR:478:N	B:TYR:478:O
0	hbbb	B:ILE:489:O	B:TYR:478:N
0	hbbb	B:GLU:467:O	B:LYS:479:N
0	hbbb	B:LYS:479:N	B:TYR:478:O
0	hbbb	B:LYS:479:N	B:LYS:479:O
0	hbbb	B:GLY:480:N	B:LYS:479:O
0	hbbb	B:GLY:480:N	B:GLY:480:O
0	hbbb	B:GLY:480:N	B:VAL:487:O
0	hbbb	B:ARG:481:N	B:GLU:464:O
0	hbbb	B:ARG:481:N	B:GLY:480:O
0	hbbb	B:ARG:481:N	B:ARG:481:O
0	hbbb	B:ARG:481:O	B:CYS:482:N
0	hbbb	B:CYS:482:N	B:CYS:482:O
0	hbbb	B:CYS:482:N	B:LYS:485:O
0	hbbb	B:ARG:483:N	B:CYS:482:O
0	hbbb	B:ARG:483:N	B:ARG:483:O
0	hbbb	B:ARG:483:N	B:ASN:484:N
0	hbbb	B:ASN:484:N	B:CYS:482:O
0	hbbb	B:ARG:483:O	B:ASN:484:N
0	hbbb	B:ASN:484:N	B:LYS:485:N
0	hbbb	B:CYS:482:O	B:LYS:485:N
0	hbbb	B:ARG:483:O	B:LYS:485:N
0	hbbb	B:ASN:484:O	B:LYS:485:N
0	hbbb	B:LYS:485:N	B:LYS:485:O
0	hbbb	B:ILE:486:N	B:LYS:485:O
0	hbbb	B:ILE:486:N	B:ILE:486:O
0	hbbb	B:ILE:486:N	B:VAL:487:N
0	hbbb	B:GLY:480:O	B:VAL:487:N
0	hbbb	B:LYS:485:O	B:VAL:487:N
0	hbbb	B:ILE:486:O	B:VAL:487:N
0	hbbb	B:VAL:487:N	B:VAL:487:O
0	hbbb	B:ALA:488:N	B:VAL:487:O
0	hbbb	B:ALA:488:N	B:ALA:488:O
0	hbbb	B:ALA:488:N	B:ILE:489:N
0	hbbb	B:ALA:488:N	B:THR:539:O
0	hbbb	B:ILE:489:N	B:TYR:478:O
0	hbbb	B:ALA:488:O	B:ILE:489:N
0	hbbb	B:ILE:489:N	B:ILE:489:O
0	hbbb	B:ILE:489:N	B:LYS:490:N
0	hbbb	B:ILE:489:O	B:LYS:490:N
0	hbbb	B:LYS:490:N	B:LYS:490:O
0	hbbb	B:ARG:491:N	B:LYS:490:N
0	hbbb	B:ILE:537:O	B:LYS:490:N
0	hbbb	B:ARG:491:N	B:LYS:476:O
0	hbbb	B:ARG:491:N	B:LYS:490:O
0	hbbb	B:ARG:491:N	B:ARG:491:O
0	hbbb	B:ARG:491:O	B:TYR:492:N
0	hbbb	B:TYR:492:N	B:TYR:492:O
0	hbbb	B:PHE:535:O	B:TYR:492:N
0	hbbb	B:ARG:493:N	B:PHE:474:O
0	hbbb	B:ARG:493:N	B:TYR:492:O
0	hbbb	B:ARG:493:N	B:ARG:493:O
0	hbbb	B:LYS:500:N	B:LYS:500:O
0	hbbb	B:LYS:500:N	B:SER:501:N
0	hbbb	B:LYS:500:O	B:SER:501:N
0	hbbb	B:ASP:502:N	B:SER:501:N
0	hbbb	B:ASP:502:N	B:SER:501:O
0	hbbb	B:ASP:502:N	B:VAL:503:N
0	hbbb	B:SER:501:O	B:VAL:503:N
0	hbbb	B:ASP:502:O	B:VAL:503:N
0	hbbb	B:VAL:503:N	B:VAL:503:O
0	hbbb	B:ASP:504:N	B:VAL:503:N
0	hbbb	B:ASP:504:N	B:SER:501:O
0	hbbb	B:ASP:504:N	B:VAL:503:O
0	hbbb	B:ASP:504:N	B:MET:505:N
0	hbbb	B:MET:505:N	B:SER:501:O
0	hbbb	B:ASP:502:O	B:MET:505:N
0	hbbb	B:MET:505:N	B:VAL:503:O
0	hbbb	B:ASP:504:O	B:MET:505:N
0	hbbb	B:MET:505:N	B:MET:505:O
0	hbbb	B:MET:505:N	B:PHE:506:N
0	hbbb	B:ASP:502:O	B:PHE:506:N
0	hbbb	B:PHE:506:N	B:VAL:503:O
0	hbbb	B:MET:505:O	B:PHE:506:N
0	hbbb	B:CYS:507:N	B:PHE:506:N
0	hbbb	B:CYS:507:N	B:VAL:503:O
0	hbbb	B:CYS:507:N	B:PHE:506:O
0	hbbb	B:ARG:508:N	B:CYS:507:N
0	hbbb	B:ARG:508:N	B:ASP:504:O
0	hbbb	B:ARG:508:N	B:CYS:507:O
0	hbbb	B:ARG:508:N	B:ARG:508:O
0	hbbb	B:ARG:508:N	B:GLU:509:N
0	hbbb	B:GLU:509:N	B:MET:505:O
0	hbbb	B:GLU:509:N	B:PHE:506:O
0	hbbb	B:ARG:508:O	B:GLU:509:N
0	hbbb	B:GLU:509:N	B:VAL:510:N
0	hbbb	B:PHE:506:O	B:VAL:510:N
0	hbbb	B:ARG:508:O	B:VAL:510:N
0	hbbb	B:GLU:509:O	B:VAL:510:N
0	hbbb	B:VAL:510:N	B:VAL:510:O
0	hbbb	B:SER:511:N	B:VAL:510:N
0	hbbb	B:CYS:507:O	B:SER:511:N
0	hbbb	B:ARG:508:O	B:SER:511:N
0	hbbb	B:SER:511:N	B:VAL:510:O
0	hbbb	B:ILE:512:N	B:SER:511:N
0	hbbb	B:ARG:508:O	B:ILE:512:N
0	hbbb	B:GLU:509:O	B:ILE:512:N
0	hbbb	B:ILE:512:N	B:VAL:510:O
0	hbbb	B:ILE:512:N	B:SER:511:O
0	hbbb	B:ILE:512:N	B:ILE:512:O
0	hbbb	B:ILE:512:N	B:LEU:513:N
0	hbbb	B:GLU:509:O	B:LEU:513:N
0	hbbb	B:LEU:513:N	B:VAL:510:O
0	hbbb	B:ILE:512:O	B:LEU:513:N
0	hbbb	B:CYS:514:N	B:LEU:513:N
0	hbbb	B:CYS:514:N	B:VAL:510:O
0	hbbb	B:CYS:514:N	B:ILE:512:O
0	hbbb	B:CYS:514:N	B:LEU:513:O
0	hbbb	B:CYS:514:N	B:GLN:515:N
0	hbbb	B:GLN:515:N	B:ILE:512:O
0	hbbb	B:GLN:515:N	B:LEU:513:O
0	hbbb	B:CYS:514:O	B:GLN:515:N
0	hbbb	B:GLN:515:N	B:LEU:516:N
0	hbbb	B:LEU:513:O	B:LEU:516:N
0	hbbb	B:GLN:515:O	B:LEU:516:N
0	hbbb	B:LEU:516:N	B:LEU:516:O
0	hbbb	B:ASN:517:N	B:LEU:516:N
0	hbbb	B:ASN:517:N	B:LEU:516:O
0	hbbb	B:ASN:517:N	B:ASN:517:O
0	hbbb	B:ASN:517:N	B:HIS:518:N
0	hbbb	B:ASN:517:O	B:HIS:518:N
0	hbbb	B:HIS:518:N	B:HIS:518:O
0	hbbb	B:CYS:520:N	B:HIS:518:O
0	hbbb	B:CYS:520:N	B:PRO:519:N
0	hbbb	B:CYS:520:N	B:PRO:519:O
0	hbbb	B:CYS:520:N	B:VAL:521:N
0	hbbb	B:HIS:518:O	B:VAL:521:N
0	hbbb	B:CYS:520:O	B:VAL:521:N
0	hbbb	B:VAL:521:N	B:VAL:521:O
0	hbbb	B:ILE:522:N	B:VAL:521:O
0	hbbb	B:ILE:522:N	B:ILE:522:O
0	hbbb	B:ILE:522:N	B:VAL:604:O
0	hbbb	B:GLN:523:N	B:VAL:521:O
0	hbbb	B:GLN:523:N	B:ILE:522:O
0	hbbb	B:GLN:523:N	B:GLN:523:O
0	hbbb	B:GLN:523:N	B:PHE:524:N
0	hbbb	B:GLN:523:O	B:PHE:524:N
0	hbbb	B:PHE:524:N	B:PHE:524:O
0	hbbb	B:PHE:524:O	B:VAL:525:N
0	hbbb	B:GLY:526:N	B:VAL:525:N
0	hbbb	B:VAL:525:N	B:VAL:538:O
0	hbbb	B:GLY:526:N	B:VAL:525:O
0	hbbb	B:GLY:526:N	B:GLY:526:O
0	hbbb	B:GLY:526:N	B:VAL:538:O
0	hbbb	B:ALA:527:N	B:PHE:456:O
0	hbbb	B:ALA:527:N	B:GLY:526:O
0	hbbb	B:ALA:527:N	B:ALA:527:O
0	hbbb	B:ALA:527:O	B:CYS:528:N
0	hbbb	B:CYS:528:N	B:CYS:528:O
0	hbbb	B:CYS:528:N	B:LEU:529:N
0	hbbb	B:ALA:536:O	B:CYS:528:N
0	hbbb	B:CYS:528:O	B:LEU:529:N
0	hbbb	B:ASN:530:N	B:LEU:529:N
0	hbbb	B:ASN:530:N	B:LEU:529:O
0	hbbb	B:ASN:530:N	B:ASN:530:O
0	hbbb	B:ASN:530:N	B:ASP:531:N
0	hbbb	B:ASN:530:O	B:ASP:531:N
0	hbbb	B:ASP:531:N	B:ASP:531:O
0	hbbb	B:ASP:531:O	B:SER:533:N
0	hbbb	B:PRO:532:N	B:SER:533:N
0	hbbb	B:PRO:532:O	B:SER:533:N
0	hbbb	B:GLN:534:N	B:SER:533:N
0	hbbb	B:ASP:531:O	B:GLN:534:N
0	hbbb	B:GLN:534:N	B:PRO:532:O
0	hbbb	B:GLN:534:N	B:SER:533:O
0	hbbb	B:GLN:534:N	B:PHE:535:N
0	hbbb	B:ASP:531:O	B:PHE:535:N
0	hbbb	B:PHE:535:N	B:PRO:532:O
0	hbbb	B:GLN:534:O	B:PHE:535:N
0	hbbb	B:PHE:535:N	B:PHE:535:O
0	hbbb	B:ALA:536:N	B:GLN:534:O
0	hbbb	B:ALA:536:N	B:PHE:535:O
0	hbbb	B:ALA:536:N	B:ALA:536:O
0	hbbb	B:ILE:537:N	B:LYS:490:O
0	hbbb	B:ALA:536:O	B:ILE:537:N
0	hbbb	B:ILE:537:N	B:ILE:537:O
0	hbbb	B:ILE:537:N	B:VAL:538:N
0	hbbb	B:GLY:526:O	B:VAL:538:N
0	hbbb	B:ILE:537:O	B:VAL:538:N
0	hbbb	B:VAL:538:N	B:VAL:538:O
0	hbbb	B:ALA:488:O	B:THR:539:N
0	hbbb	B:THR:539:N	B:VAL:538:O
0	hbbb	B:THR:539:N	B:THR:539:O
0	hbbb	B:GLN:523:O	B:GLN:540:N
0	hbbb	B:GLN:540:N	B:THR:539:O
0	hbbb	B:GLN:540:N	B:GLN:540:O
0	hbbb	B:ILE:486:O	B:TYR:541:N
0	hbbb	B:GLN:540:O	B:TYR:541:N
0	hbbb	B:TYR:541:N	B:TYR:541:O
0	hbbb	B:ILE:542:N	B:TYR:541:O
0	hbbb	B:ILE:542:N	B:ILE:542:O
0	hbbb	B:ILE:542:N	B:SER:543:N
0	hbbb	B:ILE:542:O	B:SER:543:N
0	hbbb	B:GLY:544:N	B:SER:543:N
0	hbbb	B:GLY:544:N	B:ILE:542:O
0	hbbb	B:GLY:544:N	B:SER:543:O
0	hbbb	B:GLY:544:N	B:GLY:545:N
0	hbbb	B:GLY:544:N	B:LEU:596:O
0	hbbb	B:GLY:545:N	B:SER:543:O
0	hbbb	B:GLY:544:O	B:GLY:545:N
0	hbbb	B:GLY:545:N	B:GLY:545:O
0	hbbb	B:GLY:545:O	B:SER:546:N
0	hbbb	B:SER:546:N	B:SER:546:O
0	hbbb	B:LEU:547:N	B:SER:546:O
0	hbbb	B:LEU:547:N	B:LEU:547:O
0	hbbb	B:LEU:547:N	B:PHE:548:N
0	hbbb	B:LEU:547:N	B:SER:591:O
0	hbbb	B:ILE:594:O	B:LEU:547:N
0	hbbb	B:LEU:547:O	B:PHE:548:N
0	hbbb	B:PHE:548:N	B:PHE:548:O
0	hbbb	B:PHE:548:N	B:SER:549:N
0	hbbb	B:PHE:548:N	B:SER:591:O
0	hbbb	B:SER:546:O	B:SER:549:N
0	hbbb	B:LEU:547:O	B:SER:549:N
0	hbbb	B:PHE:548:O	B:SER:549:N
0	hbbb	B:SER:549:N	B:SER:549:O
0	hbbb	B:LEU:550:N	B:SER:549:N
0	hbbb	B:LEU:550:N	B:SER:546:O
0	hbbb	B:LEU:547:O	B:LEU:550:N
0	hbbb	B:LEU:550:N	B:PHE:548:O
0	hbbb	B:LEU:550:N	B:SER:549:O
0	hbbb	B:LEU:550:N	B:LEU:550:O
0	hbbb	B:LEU:550:N	B:LEU:551:N
0	hbbb	B:LEU:547:O	B:LEU:551:N
0	hbbb	B:LEU:551:N	B:PHE:548:O
0	hbbb	B:LEU:551:N	B:SER:549:O
0	hbbb	B:LEU:550:O	B:LEU:551:N
0	hbbb	B:HIS:552:N	B:LEU:551:N
0	hbbb	B:HIS:552:N	B:PHE:548:O
0	hbbb	B:HIS:552:N	B:SER:549:O
0	hbbb	B:HIS:552:N	B:LEU:551:O
0	hbbb	B:GLU:553:N	B:HIS:552:N
0	hbbb	B:GLU:553:N	B:SER:549:O
0	hbbb	B:GLU:553:N	B:HIS:552:O
0	hbbb	B:GLU:553:N	B:GLU:553:O
0	hbbb	B:GLN:554:N	B:GLU:553:N
0	hbbb	B:GLN:554:N	B:SER:549:O
0	hbbb	B:GLN:554:N	B:GLU:553:O
0	hbbb	B:GLN:554:N	B:LYS:555:N
0	hbbb	B:LEU:550:O	B:LYS:555:N
0	hbbb	B:GLU:553:O	B:LYS:555:N
0	hbbb	B:GLN:554:O	B:LYS:555:N
0	hbbb	B:ARG:556:N	B:LYS:555:N
0	hbbb	B:ARG:556:N	B:LEU:550:O
0	hbbb	B:ARG:556:N	B:GLN:554:O
0	hbbb	B:ARG:556:N	B:LYS:555:O
0	hbbb	B:ARG:556:N	B:ARG:556:O
0	hbbb	B:ARG:556:O	B:ILE:557:N
0	hbbb	B:ILE:557:N	B:ILE:557:O
0	hbbb	B:ILE:557:N	B:LEU:558:N
0	hbbb	B:ILE:557:O	B:LEU:558:N
0	hbbb	B:LEU:558:N	B:LEU:558:O
0	hbbb	B:ASP:559:N	B:LEU:558:O
0	hbbb	B:ASP:559:N	B:ASP:559:O
0	hbbb	B:ASP:559:O	B:LEU:560:N
0	hbbb	B:LEU:560:N	B:LEU:560:O
0	hbbb	B:GLN:561:N	B:LEU:560:N
0	hbbb	B:ASP:559:O	B:GLN:561:N
0	hbbb	B:GLN:561:N	B:LEU:560:O
0	hbbb	B:GLN:561:N	B:GLN:561:O
0	hbbb	B:GLN:561:N	B:SER:562:N
0	hbbb	B:ASP:559:O	B:SER:562:N
0	hbbb	B:LEU:560:O	B:SER:562:N
0	hbbb	B:GLN:561:O	B:SER:562:N
0	hbbb	B:LYS:563:N	B:SER:562:N
0	hbbb	B:ASP:559:O	B:LYS:563:N
0	hbbb	B:LEU:560:O	B:LYS:563:N
0	hbbb	B:GLN:561:O	B:LYS:563:N
0	hbbb	B:LYS:563:N	B:SER:562:O
0	hbbb	B:LYS:563:N	B:LYS:563:O
0	hbbb	B:LEU:564:N	B:LYS:563:N
0	hbbb	B:LEU:560:O	B:LEU:564:N
0	hbbb	B:GLN:561:O	B:LEU:564:N
0	hbbb	B:LEU:564:N	B:SER:562:O
0	hbbb	B:LEU:564:N	B:LYS:563:O
0	hbbb	B:LEU:564:N	B:LEU:564:O
0	hbbb	B:ILE:565:N	B:LEU:564:N
0	hbbb	B:GLN:561:O	B:ILE:565:N
0	hbbb	B:ILE:565:N	B:SER:562:O
0	hbbb	B:ILE:565:N	B:LYS:563:O
0	hbbb	B:ILE:565:N	B:LEU:564:O
0	hbbb	B:ILE:565:N	B:ILE:565:O
0	hbbb	B:ILE:565:N	B:ILE:566:N
0	hbbb	B:ILE:566:N	B:SER:562:O
0	hbbb	B:ILE:566:N	B:LYS:563:O
0	hbbb	B:ILE:566:N	B:LEU:564:O
0	hbbb	B:ILE:565:O	B:ILE:566:N
0	hbbb	B:ILE:566:N	B:ILE:566:O
0	hbbb	B:ALA:567:N	B:ILE:566:N
0	hbbb	B:ALA:567:N	B:LYS:563:O
0	hbbb	B:ALA:567:N	B:LEU:564:O
0	hbbb	B:ALA:567:N	B:ILE:566:O
0	hbbb	B:ALA:567:N	B:VAL:568:N
0	hbbb	B:LEU:564:O	B:VAL:568:N
0	hbbb	B:ILE:565:O	B:VAL:568:N
0	hbbb	B:ILE:566:O	B:VAL:568:N
0	hbbb	B:ALA:567:O	B:VAL:568:N
0	hbbb	B:VAL:568:N	B:VAL:568:O
0	hbbb	B:ASP:569:N	B:VAL:568:N
0	hbbb	B:ASP:569:N	B:ILE:565:O
0	hbbb	B:ASP:569:N	B:ILE:566:O
0	hbbb	B:ASP:569:N	B:VAL:568:O
0	hbbb	B:ASP:569:N	B:VAL:570:N
0	hbbb	B:ILE:566:O	B:VAL:570:N
0	hbbb	B:VAL:568:O	B:VAL:570:N
0	hbbb	B:ASP:569:O	B:VAL:570:N
0	hbbb	B:VAL:570:N	B:VAL:570:O
0	hbbb	B:ALA:571:N	B:VAL:570:N
0	hbbb	B:ALA:567:O	B:ALA:571:N
0	hbbb	B:ALA:571:N	B:VAL:568:O
0	hbbb	B:ALA:571:N	B:ASP:569:O
0	hbbb	B:ALA:571:N	B:VAL:570:O
0	hbbb	B:ALA:571:N	B:LYS:572:N
0	hbbb	B:LYS:572:N	B:VAL:568:O
0	hbbb	B:ASP:569:O	B:LYS:572:N
0	hbbb	B:LYS:572:N	B:VAL:570:O
0	hbbb	B:ALA:571:O	B:LYS:572:N
0	hbbb	B:GLY:573:N	B:LYS:572:N
0	hbbb	B:ASP:569:O	B:GLY:573:N
0	hbbb	B:GLY:573:N	B:VAL:570:O
0	hbbb	B:GLY:573:N	B:LYS:572:O
0	hbbb	B:GLY:573:N	B:GLY:573:O
0	hbbb	B:GLY:573:N	B:MET:574:N
0	hbbb	B:MET:574:N	B:VAL:570:O
0	hbbb	B:ALA:571:O	B:MET:574:N
0	hbbb	B:LYS:572:O	B:MET:574:N
0	hbbb	B:GLY:573:O	B:MET:574:N
0	hbbb	B:GLU:575:N	B:MET:574:N
0	hbbb	B:ALA:571:O	B:GLU:575:N
0	hbbb	B:GLU:575:N	B:LYS:572:O
0	hbbb	B:GLU:575:N	B:GLY:573:O
0	hbbb	B:GLU:575:N	B:MET:574:O
0	hbbb	B:GLU:575:N	B:GLU:575:O
0	hbbb	B:GLU:575:N	B:TYR:576:N
0	hbbb	B:LYS:572:O	B:TYR:576:N
0	hbbb	B:GLY:573:O	B:TYR:576:N
0	hbbb	B:MET:574:O	B:TYR:576:N
0	hbbb	B:GLU:575:O	B:TYR:576:N
0	hbbb	B:TYR:576:N	B:TYR:576:O
0	hbbb	B:LEU:577:N	B:TYR:576:N
0	hbbb	B:GLY:573:O	B:LEU:577:N
0	hbbb	B:LEU:577:N	B:MET:574:O
0	hbbb	B:GLU:575:O	B:LEU:577:N
0	hbbb	B:LEU:577:N	B:TYR:576:O
0	hbbb	B:LEU:577:N	B:LEU:577:O
0	hbbb	B:HIS:578:N	B:LEU:577:N
0	hbbb	B:HIS:578:N	B:MET:574:O
0	hbbb	B:GLU:575:O	B:HIS:578:N
0	hbbb	B:HIS:578:N	B:TYR:576:O
0	hbbb	B:HIS:578:N	B:LEU:577:O
0	hbbb	B:ASN:579:N	B:HIS:578:N
0	hbbb	B:ASN:579:N	B:GLU:575:O
0	hbbb	B:ASN:579:N	B:TYR:576:O
0	hbbb	B:ASN:579:N	B:LEU:577:O
0	hbbb	B:ASN:579:N	B:HIS:578:O
0	hbbb	B:ASN:579:N	B:LEU:580:N
0	hbbb	B:LEU:580:N	B:TYR:576:O
0	hbbb	B:LEU:577:O	B:LEU:580:N
0	hbbb	B:ASN:579:O	B:LEU:580:N
0	hbbb	B:LEU:580:N	B:LEU:580:O
0	hbbb	B:LEU:580:O	B:THR:581:N
0	hbbb	B:THR:581:N	B:THR:581:O
0	hbbb	B:GLN:582:N	B:THR:581:N
0	hbbb	B:GLN:582:N	B:LEU:580:O
0	hbbb	B:GLN:582:N	B:THR:581:O
0	hbbb	B:GLN:582:N	B:GLN:582:O
0	hbbb	B:GLN:582:N	B:PRO:583:N
0	hbbb	B:ILE:584:N	B:LEU:577:O
0	hbbb	B:ILE:584:N	B:PRO:583:O
0	hbbb	B:ILE:584:N	B:ILE:584:O
0	hbbb	B:ILE:584:N	B:ILE:585:N
0	hbbb	B:ILE:584:O	B:ILE:585:N
0	hbbb	B:ILE:585:N	B:ILE:585:O
0	hbbb	B:HIS:586:N	B:ILE:585:N
0	hbbb	B:ARG:611:O	B:ILE:585:N
0	hbbb	B:HIS:586:N	B:ILE:585:O
0	hbbb	B:HIS:586:N	B:HIS:586:O
0	hbbb	B:ARG:587:N	B:HIS:586:N
0	hbbb	B:ARG:587:N	B:HIS:586:O
0	hbbb	B:ARG:587:N	B:ASP:588:N
0	hbbb	B:ASP:588:N	B:HIS:586:O
0	hbbb	B:ARG:587:O	B:ASP:588:N
0	hbbb	B:ASP:588:N	B:LEU:589:N
0	hbbb	B:ASP:588:O	B:LEU:589:N
0	hbbb	B:LEU:589:N	B:LEU:589:O
0	hbbb	B:ASN:590:N	B:LEU:589:N
0	hbbb	B:ASN:590:N	B:ASP:588:O
0	hbbb	B:ASN:590:N	B:LEU:589:O
0	hbbb	B:ASN:590:N	B:ASN:590:O
0	hbbb	B:ASN:590:O	B:SER:591:N
0	hbbb	B:HIS:592:N	B:SER:591:N
0	hbbb	B:ASN:590:O	B:HIS:592:N
0	hbbb	B:HIS:592:N	B:SER:591:O
0	hbbb	B:ASN:593:N	B:HIS:592:N
0	hbbb	B:ASN:590:O	B:ASN:593:N
0	hbbb	B:ASN:593:N	B:HIS:592:O
0	hbbb	B:ASN:593:N	B:ILE:594:N
0	hbbb	B:ASN:590:O	B:ILE:594:N
0	hbbb	B:HIS:592:O	B:ILE:594:N
0	hbbb	B:ASN:593:O	B:ILE:594:N
0	hbbb	B:ILE:594:N	B:ILE:594:O
0	hbbb	B:ILE:594:N	B:LEU:595:N
0	hbbb	B:ILE:594:O	B:LEU:595:N
0	hbbb	B:LEU:595:N	B:LEU:595:O
0	hbbb	B:LEU:595:N	B:VAL:603:O
0	hbbb	B:GLY:545:O	B:LEU:596:N
0	hbbb	B:LEU:595:O	B:LEU:596:N
0	hbbb	B:LEU:596:N	B:LEU:596:O
0	hbbb	B:LEU:596:O	B:TYR:597:N
0	hbbb	B:TYR:597:N	B:TYR:597:O
0	hbbb	B:HIS:601:O	B:TYR:597:N
0	hbbb	B:GLU:598:N	B:TYR:597:O
0	hbbb	B:ASP:599:N	B:GLU:598:N
0	hbbb	B:ASP:599:N	B:TYR:597:O
0	hbbb	B:ASP:599:N	B:GLU:598:O
0	hbbb	B:ASP:599:N	B:GLY:600:N
0	hbbb	B:GLY:600:N	B:TYR:597:O
0	hbbb	B:GLU:598:O	B:GLY:600:N
0	hbbb	B:ASP:599:O	B:GLY:600:N
0	hbbb	B:GLY:600:N	B:HIS:601:N
0	hbbb	B:GLY:600:O	B:HIS:601:N
0	hbbb	B:HIS:601:N	B:HIS:601:O
0	hbbb	B:ALA:602:N	B:HIS:601:O
0	hbbb	B:ALA:602:N	B:ALA:602:O
0	hbbb	B:LEU:595:O	B:VAL:603:N
0	hbbb	B:ALA:602:O	B:VAL:603:N
0	hbbb	B:VAL:603:N	B:VAL:603:O
0	hbbb	B:CYS:520:O	B:VAL:604:N
0	hbbb	B:VAL:603:O	B:VAL:604:N
0	hbbb	B:VAL:604:N	B:VAL:604:O
0	hbbb	B:ALA:605:N	B:VAL:604:N
0	hbbb	B:ALA:605:N	B:ASN:593:O
0	hbbb	B:ALA:605:N	B:VAL:604:O
0	hbbb	B:ALA:605:N	B:ALA:605:O
0	hbbb	B:ALA:605:O	B:ASP:606:N
0	hbbb	B:ASP:606:N	B:ASP:606:O
0	hbbb	B:ASP:606:N	B:PHE:607:N
0	hbbb	B:ASP:606:O	B:PHE:607:N
0	hbbb	B:GLY:608:N	B:PHE:607:N
0	hbbb	B:GLY:608:N	B:PHE:607:O
0	hbbb	B:GLU:609:N	B:GLY:608:N
0	hbbb	B:GLU:609:N	B:PHE:607:O
0	hbbb	B:GLU:609:N	B:GLY:608:O
0	hbbb	B:GLU:609:N	B:SER:610:N
0	hbbb	B:HIS:586:O	B:SER:610:N
0	hbbb	B:PHE:607:O	B:SER:610:N
0	hbbb	B:GLU:609:O	B:SER:610:N
0	hbbb	B:SER:610:N	B:SER:610:O
0	hbbb	B:ARG:611:N	B:ILE:585:O
0	hbbb	B:ARG:611:N	B:SER:610:O
0	hbbb	B:ARG:611:N	B:ARG:611:O
0	hbbb	B:ARG:611:O	B:PHE:612:N
0	hbbb	B:PHE:612:N	B:PHE:612:O
0	hbbb	B:LEU:613:N	B:PRO:583:O
0	hbbb	B:LEU:613:N	B:PHE:612:O
0	hbbb	B:LEU:613:N	B:LEU:613:O
0	hbbb	B:GLN:614:N	B:LEU:613:O
0	hbbb	B:GLN:614:N	B:GLN:614:O
0	hbbb	B:ASN:627:N	B:ASN:627:O
0	hbbb	B:ASN:627:O	B:LEU:628:N
0	hbbb	B:ARG:629:N	B:LEU:628:N
0	hbbb	B:ARG:629:N	B:LEU:628:O
0	hbbb	B:ARG:629:N	B:TRP:630:N
0	hbbb	B:LEU:628:O	B:TRP:630:N
0	hbbb	B:ARG:629:O	B:TRP:630:N
0	hbbb	B:MET:631:N	B:TRP:630:N
0	hbbb	B:LEU:628:O	B:MET:631:N
0	hbbb	B:MET:631:N	B:TRP:630:O
0	hbbb	B:MET:631:N	B:MET:631:O
0	hbbb	B:ALA:632:N	B:MET:631:O
0	hbbb	B:ALA:632:N	B:ALA:632:O
0	hbbb	B:ALA:632:O	B:GLU:634:N
0	hbbb	B:GLU:634:N	B:PRO:633:N
0	hbbb	B:GLU:634:N	B:PRO:633:O
0	hbbb	B:GLU:634:N	B:VAL:635:N
0	hbbb	B:ALA:632:O	B:VAL:635:N
0	hbbb	B:PRO:633:O	B:VAL:635:N
0	hbbb	B:GLU:634:O	B:VAL:635:N
0	hbbb	B:VAL:635:N	B:VAL:635:O
0	hbbb	B:PHE:636:N	B:VAL:635:N
0	hbbb	B:ALA:632:O	B:PHE:636:N
0	hbbb	B:PHE:636:N	B:PRO:633:O
0	hbbb	B:PHE:636:N	B:VAL:635:O
0	hbbb	B:PHE:636:N	B:THR:637:N
0	hbbb	B:PRO:633:O	B:THR:637:N
0	hbbb	B:THR:637:N	B:VAL:635:O
0	hbbb	B:PHE:636:O	B:THR:637:N
0	hbbb	B:GLN:638:N	B:THR:637:N
0	hbbb	B:GLN:638:N	B:GLU:634:O
0	hbbb	B:GLN:638:N	B:VAL:635:O
0	hbbb	B:GLN:638:N	B:THR:637:O
0	hbbb	B:CYS:639:N	B:GLN:638:N
0	hbbb	B:CYS:639:N	B:VAL:635:O
0	hbbb	B:CYS:639:N	B:GLN:638:O
0	hbbb	B:CYS:639:N	B:THR:640:N
0	hbbb	B:PHE:636:O	B:THR:640:N
0	hbbb	B:CYS:639:O	B:THR:640:N
0	hbbb	B:THR:640:N	B:THR:640:O
0	hbbb	B:ARG:641:N	B:THR:640:N
0	hbbb	B:ARG:641:N	B:THR:640:O
0	hbbb	B:ARG:641:N	B:ARG:641:O
0	hbbb	B:ARG:641:N	B:TYR:642:N
0	hbbb	B:THR:640:O	B:TYR:642:N
0	hbbb	B:ARG:641:O	B:TYR:642:N
0	hbbb	B:TYR:642:N	B:TYR:642:O
0	hbbb	B:THR:643:N	B:TYR:642:O
0	hbbb	B:THR:643:N	B:THR:643:O
0	hbbb	B:ILE:644:N	B:THR:643:O
0	hbbb	B:ILE:644:N	B:LYS:645:N
0	hbbb	B:LYS:645:N	B:THR:643:O
0	hbbb	B:ILE:644:O	B:LYS:645:N
0	hbbb	B:ALA:646:N	B:LYS:645:N
0	hbbb	B:ALA:646:N	B:THR:643:O
0	hbbb	B:ALA:646:N	B:ILE:644:O
0	hbbb	B:ALA:646:N	B:LYS:645:O
0	hbbb	B:ALA:646:N	B:ALA:646:O
0	hbbb	B:ALA:646:N	B:ASP:647:N
0	hbbb	B:ASP:647:N	B:ILE:644:O
0	hbbb	B:ASP:647:N	B:LYS:645:O
0	hbbb	B:ALA:646:O	B:ASP:647:N
0	hbbb	B:ASP:647:N	B:VAL:648:N
0	hbbb	B:LYS:645:O	B:VAL:648:N
0	hbbb	B:ALA:646:O	B:VAL:648:N
0	hbbb	B:ASP:647:O	B:VAL:648:N
0	hbbb	B:PHE:649:N	B:VAL:648:N
0	hbbb	B:LYS:645:O	B:PHE:649:N
0	hbbb	B:ALA:646:O	B:PHE:649:N
0	hbbb	B:ASP:647:O	B:PHE:649:N
0	hbbb	B:PHE:649:N	B:VAL:648:O
0	hbbb	B:PHE:649:N	B:PHE:649:O
0	hbbb	B:PHE:649:N	B:SER:650:N
0	hbbb	B:ALA:646:O	B:SER:650:N
0	hbbb	B:ASP:647:O	B:SER:650:N
0	hbbb	B:PHE:649:O	B:SER:650:N
0	hbbb	B:SER:650:N	B:SER:650:O
0	hbbb	B:SER:650:N	B:TYR:651:N
0	hbbb	B:ASP:647:O	B:TYR:651:N
0	hbbb	B:TYR:651:N	B:VAL:648:O
0	hbbb	B:PHE:649:O	B:TYR:651:N
0	hbbb	B:SER:650:O	B:TYR:651:N
0	hbbb	B:ALA:652:N	B:TYR:651:N
0	hbbb	B:ALA:652:N	B:VAL:648:O
0	hbbb	B:ALA:652:N	B:PHE:649:O
0	hbbb	B:ALA:652:N	B:SER:650:O
0	hbbb	B:ALA:652:N	B:TYR:651:O
0	hbbb	B:ALA:652:N	B:ALA:652:O
0	hbbb	B:ALA:652:N	B:LEU:653:N
0	hbbb	B:LEU:653:N	B:PHE:649:O
0	hbbb	B:LEU:653:N	B:SER:650:O
0	hbbb	B:LEU:653:N	B:TYR:651:O
0	hbbb	B:ALA:652:O	B:LEU:653:N
0	hbbb	B:LEU:653:N	B:LEU:653:O
0	hbbb	B:CYS:654:N	B:LEU:653:N
0	hbbb	B:CYS:654:N	B:SER:650:O
0	hbbb	B:CYS:654:N	B:TYR:651:O
0	hbbb	B:ALA:652:O	B:CYS:654:N
0	hbbb	B:CYS:654:N	B:LEU:653:O
0	hbbb	B:CYS:654:N	B:CYS:654:O
0	hbbb	B:CYS:654:N	B:LEU:655:N
0	hbbb	B:LEU:655:N	B:TYR:651:O
0	hbbb	B:ALA:652:O	B:LEU:655:N
0	hbbb	B:LEU:653:O	B:LEU:655:N
0	hbbb	B:CYS:654:O	B:LEU:655:N
0	hbbb	B:LEU:655:N	B:TRP:656:N
0	hbbb	B:ALA:652:O	B:TRP:656:N
0	hbbb	B:LEU:653:O	B:TRP:656:N
0	hbbb	B:CYS:654:O	B:TRP:656:N
0	hbbb	B:LEU:655:O	B:TRP:656:N
0	hbbb	B:TRP:656:N	B:TRP:656:O
0	hbbb	B:GLU:657:N	B:TRP:656:N
0	hbbb	B:GLU:657:N	B:LEU:653:O
0	hbbb	B:CYS:654:O	B:GLU:657:N
0	hbbb	B:GLU:657:N	B:TRP:656:O
0	hbbb	B:GLU:657:N	B:GLU:657:O
0	hbbb	B:GLU:657:N	B:ILE:658:N
0	hbbb	B:CYS:654:O	B:ILE:658:N
0	hbbb	B:ILE:658:N	B:LEU:655:O
0	hbbb	B:ILE:658:N	B:TRP:656:O
0	hbbb	B:GLU:657:O	B:ILE:658:N
0	hbbb	B:ILE:658:N	B:ILE:658:O
0	hbbb	B:ILE:658:N	B:LEU:659:N
0	hbbb	B:LEU:655:O	B:LEU:659:N
0	hbbb	B:LEU:659:N	B:TRP:656:O
0	hbbb	B:ILE:658:O	B:LEU:659:N
0	hbbb	B:LEU:659:N	B:THR:660:N
0	hbbb	B:THR:660:N	B:TRP:656:O
0	hbbb	B:ILE:658:O	B:THR:660:N
0	hbbb	B:LEU:659:O	B:THR:660:N
0	hbbb	B:GLY:661:N	B:THR:660:N
0	hbbb	B:GLU:657:O	B:GLY:661:N
0	hbbb	B:GLY:661:N	B:ILE:658:O
0	hbbb	B:GLY:661:N	B:THR:660:O
0	hbbb	B:GLU:662:N	B:GLY:661:N
0	hbbb	B:GLU:662:N	B:GLY:661:O
0	hbbb	B:GLU:662:N	B:GLU:662:O
0	hbbb	B:GLU:662:O	B:ILE:663:N
0	hbbb	B:ILE:663:N	B:ILE:663:O
0	hbbb	B:ILE:663:O	B:PHE:665:N
0	hbbb	B:PHE:665:N	B:PRO:664:O
0	hbbb	B:ALA:666:N	B:PHE:665:N
0	hbbb	B:ALA:666:N	B:ILE:663:O
0	hbbb	B:ALA:666:N	B:PRO:664:O
0	hbbb	B:ALA:666:N	B:PHE:665:O
0	hbbb	B:ALA:666:N	B:HIS:667:N
0	hbbb	B:HIS:667:N	B:PHE:665:O
0	hbbb	B:ALA:666:O	B:HIS:667:N
0	hbbb	B:HIS:667:N	B:LEU:668:N
0	hbbb	B:LEU:668:N	B:PHE:665:O
0	hbbb	B:ALA:666:O	B:LEU:668:N
0	hbbb	B:HIS:667:O	B:LEU:668:N
0	hbbb	B:LEU:668:N	B:LEU:668:O
0	hbbb	B:LEU:668:O	B:LYS:669:N
0	hbbb	B:LYS:669:N	B:LYS:669:O
0	hbbb	B:ALA:671:N	B:LYS:669:O
0	hbbb	B:ALA:671:N	B:PRO:670:N
0	hbbb	B:ALA:671:N	B:PRO:670:O
0	hbbb	B:ALA:671:N	B:ALA:672:N
0	hbbb	B:ALA:672:N	B:LYS:669:O
0	hbbb	B:ALA:672:N	B:PRO:670:O
0	hbbb	B:ALA:671:O	B:ALA:672:N
0	hbbb	B:ALA:672:N	B:ALA:672:O
0	hbbb	B:ALA:672:N	B:ALA:673:N
0	hbbb	B:ALA:673:N	B:LYS:669:O
0	hbbb	B:ALA:673:N	B:PRO:670:O
0	hbbb	B:ALA:672:O	B:ALA:673:N
0	hbbb	B:ALA:673:N	B:ALA:673:O
0	hbbb	B:ALA:673:N	B:ALA:674:N
0	hbbb	B:ALA:674:N	B:PRO:670:O
0	hbbb	B:ALA:672:O	B:ALA:674:N
0	hbbb	B:ALA:673:O	B:ALA:674:N
0	hbbb	B:ALA:674:N	B:ALA:674:O
0	hbbb	B:ALA:674:N	B:ALA:675:N
0	hbbb	B:ALA:671:O	B:ALA:675:N
0	hbbb	B:ALA:672:O	B:ALA:675:N
0	hbbb	B:ALA:673:O	B:ALA:675:N
0	hbbb	B:ALA:674:O	B:ALA:675:N
0	hbbb	B:ALA:675:N	B:ALA:675:O
0	hbbb	B:ALA:675:N	B:ASP:676:N
0	hbbb	B:ALA:672:O	B:ASP:676:N
0	hbbb	B:ALA:673:O	B:ASP:676:N
0	hbbb	B:ALA:674:O	B:ASP:676:N
0	hbbb	B:ALA:675:O	B:ASP:676:N
0	hbbb	B:ASP:676:N	B:MET:677:N
0	hbbb	B:ALA:673:O	B:MET:677:N
0	hbbb	B:ALA:674:O	B:MET:677:N
0	hbbb	B:ASP:676:O	B:MET:677:N
0	hbbb	B:MET:677:N	B:MET:677:O
0	hbbb	B:ALA:678:N	B:MET:677:N
0	hbbb	B:ALA:674:O	B:ALA:678:N
0	hbbb	B:ALA:675:O	B:ALA:678:N
0	hbbb	B:ALA:678:N	B:MET:677:O
0	hbbb	B:ALA:678:N	B:ALA:678:O
0	hbbb	B:ALA:678:N	B:TYR:679:N
0	hbbb	B:ALA:675:O	B:TYR:679:N
0	hbbb	B:ALA:678:O	B:TYR:679:N
0	hbbb	B:TYR:679:N	B:TYR:679:O
0	hbbb	B:HIS:680:N	B:TYR:679:N
0	hbbb	B:ASP:676:O	B:HIS:680:N
0	hbbb	B:HIS:680:N	B:TYR:679:O
0	hbbb	B:HIS:680:N	B:HIS:681:N
0	hbbb	B:ASP:676:O	B:HIS:681:N
0	hbbb	B:HIS:681:N	B:TYR:679:O
0	hbbb	B:HIS:680:O	B:HIS:681:N
0	hbbb	B:HIS:681:N	B:ILE:682:N
0	hbbb	B:ASP:676:O	B:ILE:682:N
0	hbbb	B:HIS:680:O	B:ILE:682:N
0	hbbb	B:HIS:681:O	B:ILE:682:N
0	hbbb	B:ILE:682:N	B:ILE:682:O
0	hbbb	B:ARG:683:N	B:ILE:682:O
0	hbbb	B:ARG:683:N	B:ARG:683:O
0	hbbb	B:ILE:686:N	B:PRO:685:N
0	hbbb	B:ILE:686:N	B:PRO:685:O
0	hbbb	B:ILE:686:N	B:ILE:686:O
0	hbbb	B:GLY:687:N	B:ILE:686:N
0	hbbb	B:GLY:687:N	B:ILE:686:O
0	hbbb	B:GLY:687:N	B:GLY:687:O
0	hbbb	B:GLY:687:O	B:TYR:688:N
0	hbbb	B:SER:689:N	B:TYR:688:N
0	hbbb	B:SER:689:N	B:TYR:688:O
0	hbbb	B:ILE:690:N	B:SER:689:N
0	hbbb	B:ILE:690:N	B:TYR:688:O
0	hbbb	B:ILE:690:N	B:SER:689:O
0	hbbb	B:ILE:690:N	B:ILE:690:O
0	hbbb	B:LYS:692:N	B:PRO:691:O
0	hbbb	B:LYS:692:N	B:LYS:692:O
0	hbbb	B:LYS:692:N	B:PRO:693:N
0	hbbb	B:ILE:694:N	B:PRO:691:O
0	hbbb	B:ILE:694:N	B:LYS:692:O
0	hbbb	B:ILE:694:N	B:PRO:693:N
0	hbbb	B:ILE:694:N	B:PRO:693:O
0	hbbb	B:ILE:694:N	B:ILE:694:O
0	hbbb	B:ILE:694:N	B:SER:695:N
0	hbbb	B:PRO:691:O	B:SER:695:N
0	hbbb	B:LYS:692:O	B:SER:695:N
0	hbbb	B:ILE:694:O	B:SER:695:N
0	hbbb	B:SER:695:N	B:SER:696:N
0	hbbb	B:LYS:692:O	B:SER:696:N
0	hbbb	B:ILE:694:O	B:SER:696:N
0	hbbb	B:SER:695:O	B:SER:696:N
0	hbbb	B:SER:696:N	B:SER:696:O
0	hbbb	B:LEU:697:N	B:SER:696:N
0	hbbb	B:LEU:697:N	B:PRO:693:O
0	hbbb	B:ILE:694:O	B:LEU:697:N
0	hbbb	B:LEU:697:N	B:SER:696:O
0	hbbb	B:LEU:697:N	B:LEU:697:O
0	hbbb	B:LEU:697:N	B:LEU:698:N
0	hbbb	B:ILE:694:O	B:LEU:698:N
0	hbbb	B:LEU:698:N	B:SER:695:O
0	hbbb	B:LEU:698:N	B:SER:696:O
0	hbbb	B:LEU:697:O	B:LEU:698:N
0	hbbb	B:LEU:698:N	B:LEU:698:O
0	hbbb	B:ILE:699:N	B:LEU:698:N
0	hbbb	B:ILE:699:N	B:SER:695:O
0	hbbb	B:ILE:699:N	B:SER:696:O
0	hbbb	B:ILE:699:N	B:LEU:698:O
0	hbbb	B:ILE:699:N	B:ILE:699:O
0	hbbb	B:ARG:700:N	B:ILE:699:N
0	hbbb	B:ARG:700:N	B:SER:696:O
0	hbbb	B:ARG:700:N	B:LEU:697:O
0	hbbb	B:ARG:700:N	B:LEU:698:O
0	hbbb	B:ARG:700:N	B:ILE:699:O
0	hbbb	B:ARG:700:N	B:ARG:700:O
0	hbbb	B:ARG:700:N	B:GLY:701:N
0	hbbb	B:GLY:701:N	B:LEU:697:O
0	hbbb	B:GLY:701:N	B:LEU:698:O
0	hbbb	B:ARG:700:O	B:GLY:701:N
0	hbbb	B:GLY:701:N	B:TRP:702:N
0	hbbb	B:LEU:698:O	B:TRP:702:N
0	hbbb	B:ARG:700:O	B:TRP:702:N
0	hbbb	B:GLY:701:O	B:TRP:702:N
0	hbbb	B:ASN:703:N	B:TRP:702:N
0	hbbb	B:ARG:700:O	B:ASN:703:N
0	hbbb	B:ASN:703:N	B:TRP:702:O
0	hbbb	B:ASN:703:N	B:ASN:703:O
0	hbbb	B:ALA:704:N	B:ASN:703:N
0	hbbb	B:ALA:704:N	B:TRP:702:O
0	hbbb	B:ALA:704:N	B:ASN:703:O
0	hbbb	B:ALA:704:N	B:CYS:705:N
0	hbbb	B:ASN:703:O	B:CYS:705:N
0	hbbb	B:ALA:704:O	B:CYS:705:N
0	hbbb	B:CYS:705:N	B:CYS:705:O
0	hbbb	B:CYS:705:N	B:PRO:706:N
0	hbbb	B:CYS:705:O	B:GLU:707:N
0	hbbb	B:GLU:707:N	B:PRO:706:N
0	hbbb	B:GLU:707:N	B:PRO:706:O
0	hbbb	B:GLU:707:N	B:GLY:708:N
0	hbbb	B:CYS:705:O	B:GLY:708:N
0	hbbb	B:GLY:708:N	B:PRO:706:O
0	hbbb	B:GLU:707:O	B:GLY:708:N
0	hbbb	B:ARG:709:N	B:GLY:708:N
0	hbbb	B:ARG:709:N	B:PRO:706:O
0	hbbb	B:ARG:709:N	B:GLU:707:O
0	hbbb	B:ARG:709:N	B:GLY:708:O
0	hbbb	B:ARG:709:N	B:ARG:709:O
0	hbbb	B:GLU:711:N	B:PRO:710:O
0	hbbb	B:GLU:711:N	B:GLU:711:O
0	hbbb	B:GLU:711:O	B:PHE:712:N
0	hbbb	B:PHE:712:N	B:SER:713:N
0	hbbb	B:GLU:711:O	B:SER:713:N
0	hbbb	B:PHE:712:O	B:SER:713:N
0	hbbb	B:GLU:714:N	B:SER:713:N
0	hbbb	B:GLU:711:O	B:GLU:714:N
0	hbbb	B:GLU:714:N	B:PHE:712:O
0	hbbb	B:GLU:714:N	B:SER:713:O
0	hbbb	B:GLU:714:N	B:VAL:715:N
0	hbbb	B:GLU:711:O	B:VAL:715:N
0	hbbb	B:PHE:712:O	B:VAL:715:N
0	hbbb	B:GLU:714:O	B:VAL:715:N
0	hbbb	B:VAL:715:N	B:VAL:715:O
0	hbbb	B:VAL:715:N	B:VAL:716:N
0	hbbb	B:PHE:712:O	B:VAL:716:N
0	hbbb	B:GLU:714:O	B:VAL:716:N
0	hbbb	B:VAL:715:O	B:VAL:716:N
0	hbbb	B:VAL:716:N	B:VAL:716:O
0	hbbb	B:MET:717:N	B:VAL:716:N
0	hbbb	B:MET:717:N	B:SER:713:O
0	hbbb	B:GLU:714:O	B:MET:717:N
0	hbbb	B:MET:717:N	B:VAL:716:O
0	hbbb	B:MET:717:N	B:MET:717:O
0	hbbb	B:LYS:718:N	B:MET:717:N
0	hbbb	B:GLU:714:O	B:LYS:718:N
0	hbbb	B:LYS:718:N	B:VAL:715:O
0	hbbb	B:LYS:718:N	B:VAL:716:O
0	hbbb	B:LYS:718:N	B:MET:717:O
0	hbbb	B:LYS:718:N	B:LYS:718:O
0	hbbb	B:LEU:719:N	B:LYS:718:N
0	hbbb	B:LEU:719:N	B:VAL:715:O
0	hbbb	B:LEU:719:N	B:VAL:716:O
0	hbbb	B:LEU:719:N	B:LYS:718:O
0	hbbb	B:GLU:720:N	B:LEU:719:N
0	hbbb	B:GLU:720:N	B:VAL:716:O
0	hbbb	B:GLU:720:N	B:LYS:718:O
0	hbbb	B:GLU:720:N	B:LEU:719:O
0	hbbb	B:GLU:720:N	B:GLU:721:N
0	hbbb	B:GLU:721:N	B:MET:717:O
0	hbbb	B:GLU:721:N	B:LYS:718:O
0	hbbb	B:GLU:721:N	B:LEU:719:O
0	hbbb	B:GLU:720:O	B:GLU:721:N
0	hbbb	B:GLU:721:N	B:GLU:721:O
0	hbbb	B:CYS:722:N	B:GLU:721:N
0	hbbb	B:CYS:722:N	B:LYS:718:O
0	hbbb	B:CYS:722:N	B:LEU:719:O
0	hbbb	B:CYS:722:N	B:GLU:720:O
0	hbbb	B:CYS:722:N	B:GLU:721:O
0	hbbb	B:CYS:722:N	B:LEU:723:N
0	hbbb	B:LEU:719:O	B:LEU:723:N
0	hbbb	B:GLU:720:O	B:LEU:723:N
0	hbbb	B:GLU:721:O	B:LEU:723:N
0	hbbb	B:CYS:722:O	B:LEU:723:N
0	hbbb	B:CYS:724:N	B:LEU:723:N
0	hbbb	B:CYS:724:N	B:GLU:720:O
0	hbbb	B:CYS:724:N	B:GLU:721:O
0	hbbb	B:CYS:722:O	B:CYS:724:N
0	hbbb	B:CYS:724:N	B:LEU:723:O
0	hbbb	B:ASN:725:N	B:CYS:724:N
0	hbbb	B:ASN:725:N	B:GLU:721:O
0	hbbb	B:ASN:725:N	B:CYS:722:O
0	hbbb	B:ASN:725:N	B:LEU:723:O
0	hbbb	B:ASN:725:N	B:CYS:724:O
0	hbbb	B:ASN:725:N	B:ILE:726:N
0	hbbb	B:CYS:722:O	B:ILE:726:N
0	hbbb	B:ILE:726:N	B:LEU:723:O
0	hbbb	B:ASN:725:O	B:ILE:726:N
0	hbbb	B:ILE:726:N	B:ILE:726:O
0	wb	B:ALA:678:O	B:ARG:683:NH1	B:HOH:902:O
0	wb	B:ALA:678:O	B:HIS:681:ND1	B:HOH:902:O
0	wb	B:ALA:678:O	B:MET:677:O	B:HOH:902:O
0	wb	B:ARG:683:NH1	B:HIS:681:ND1	B:HOH:902:O
0	wb	B:ARG:683:NH1	B:MET:677:O	B:HOH:902:O
0	wb	B:ASN:579:O	B:LEU:580:N	B:HOH:903:O
0	wb	B:ASN:579:O	B:TYR:576:O	B:HOH:903:O
0	wb	B:GLU:509:OE2	B:PHE:607:N	B:HOH:901:O
0	wb	B:HIS:518:N	B:HIS:518:O	B:HOH:904:O
0	wb	B:HIS:518:N	B:ILE:522:O	B:HOH:904:O
0	wb	B:HIS:518:N	B:LEU:516:O	B:HOH:904:O
0	wb	B:HIS:518:N	B:VAL:521:O	B:HOH:904:O
0	wb	B:HIS:518:O	B:ILE:522:O	B:HOH:904:O
0	wb	B:HIS:518:O	B:LEU:516:O	B:HOH:904:O
0	wb	B:HIS:518:O	B:VAL:521:O	B:HOH:904:O
0	wb	B:HIS:681:ND1	B:MET:677:O	B:HOH:902:O
0	wb	B:ILE:522:O	B:LEU:516:O	B:HOH:904:O
0	wb	B:ILE:522:O	B:VAL:521:O	B:HOH:904:O
0	wb	B:LEU:516:O	B:VAL:521:O	B:HOH:904:O
0	wb	B:LEU:580:N	B:TYR:576:O	B:HOH:903:O
0	hls	B:4CV:801:N03	B:THR:539:OG1
0	hlb	B:4CV:801:N22	B:ILE:542:N
0	hlb	B:4CV:801:O05	B:ASP:606:N
0	hlb	B:4CV:801:N24	B:ILE:542:O
0	lwb	B:4CV:801:O06	B:GLU:509:OE2	B:HOH:901:O
0	lwb	B:4CV:801:O06	B:PHE:607:N	B:HOH:901:O
