A:ARG:43	I_0.I:1	#2b5bc1
A:LYS:44	I_0.I:2	#2b5bc1
A:LEU:45	I_0.I:3	#2b5bc1
A:GLY:46	gl_1.g:l:4	#2b5bc1
A:ARG:47	gl_1.g:l:5	#2b5bc1
A:GLY:48	gl_1.g:l:6	#2b5bc1
A:LYS:49	gl_1.g:l:7	#2b5bc1
A:TYR:50	gl_1.g:l:8	#2b5bc1
A:SER:51	gl_1.g:l:9	#2b5bc1
A:GLU:52	II_2.II:10	#2b5bc1
A:VAL:53	II_2.II:11	#2b5bc1
A:PHE:54	II_2.II:12	#2b5bc1
A:GLU:55	II_2.II:13	#2b5bc1
A:VAL:65	III_3.III:14	#2b5bc1
A:VAL:66	III_3.III:15	#2b5bc1
A:VAL:67	III_3.III:16	#2b5bc1
A:LYS:68	III_3.III:17	#2b5bc1
A:ILE:69	III_3.III:18	#2b5bc1
A:LEU:70	III_3.III:19	#2b5bc1
A:LYS:77	_C_4._C:20	#2b5bc1
A:ILE:78	_C_4._C:21	#2b5bc1
A:LYS:79	_C_4._C:22	#2b5bc1
A:ARG:80	_C_4._C:23	#2b5bc1
A:GLU:81	_C_4._C:24	#2b5bc1
A:ILE:82	_C_4._C:25	#2b5bc1
A:LYS:83	_C_4._C:26	#2b5bc1
A:ILE:84	_C_4._C:27	#2b5bc1
A:LEU:85	_C_4._C:28	#2b5bc1
A:GLU:86	_C_4._C:29	#2b5bc1
A:ASN:87	_C_4._C:30	#2b5bc1
A:LEU:88	bl_5.b:l:31	#2b5bc1
A:ARG:89	bl_5.b:l:32	#2b5bc1
A:PRO:92	bl_5.b:l:33	#2b5bc1
A:ASN:93	bl_5.b:l:34	#2b5bc1
A:ILE:94	bl_5.b:l:35	#2b5bc1
A:ILE:95	bl_5.b:l:36	#2b5bc1
A:THR:96	bl_5.b:l:37	#2b5bc1
A:LEU:97	IV_6.IV:38	#2b5bc1
A:ALA:98	IV_6.IV:39	#2b5bc1
A:ASP:99	IV_6.IV:40	#2b5bc1
A:ILE:100	IV_6.IV:41	#2b5bc1
A:ALA:110	V_7.V:42	#2b5bc1
A:LEU:111	V_7.V:43	#2b5bc1
A:VAL:112	V_7.V:44	#2b5bc1
A:PHE:113	GK_8.GK:45	#2b5bc1
A:GLU:114	hinge_9.hinge:46	#2b5bc1
A:HIS:115	hinge_9.hinge:47	#2b5bc1
A:VAL:116	hinge_9.hinge:48	#2b5bc1
A:ASN:117	linker_10.linker:49	#2b5bc1
A:ASN:118	linker_10.linker:51	#2b5bc1
A:THR:119	linker_10.linker:52	#2b5bc1
A:ASP:120	_D_11._D:53	#2b5bc1
A:PHE:121	_D_11._D:54	#2b5bc1
A:LYS:122	_D_11._D:55	#2b5bc1
A:GLN:123	_D_11._D:56	#2b5bc1
A:LEU:124	_D_11._D:59	#2b5bc1
A:TYR:146	_E_12._E:60	#2b5bc1
A:CYS:147	_E_12._E:61	#2b5bc1
A:HIS:148	_E_12._E:62	#2b5bc1
A:SER:149	_E_12._E:63	#2b5bc1
A:MET:150	_E_12._E:64	#2b5bc1
A:GLY:151	VI_13.VI:65	#2b5bc1
A:ILE:152	VI_13.VI:66	#2b5bc1
A:MET:153	VI_13.VI:67	#2b5bc1
A:HIS:154	cl_14.c:l:68	#2b5bc1
A:ARG:155	cl_14.c:l:69	#2b5bc1
A:ASP:156	cl_14.c:l:70	#2b5bc1
A:VAL:157	cl_14.c:l:71	#2b5bc1
A:LYS:158	cl_14.c:l:72	#2b5bc1
A:PRO:159	cl_14.c:l:73	#2b5bc1
A:HIS:160	cl_14.c:l:74	#2b5bc1
A:ASN:161	cl_14.c:l:75	#2b5bc1
A:VAL:162	VII_15.VII:76	#2b5bc1
A:MET:163	VII_15.VII:77	#2b5bc1
A:ILE:164	VII_15.VII:78	#2b5bc1
A:LEU:173	VIII_16.VIII:79	#2b5bc1
A:ILE:174	xDFG_17.xDFG:80	#2b5bc1
A:ASP:175	xDFG_17.xDFG:81	#2b5bc1
A:TRP:176	xDFG_17.xDFG:82	#2b5bc1
A:GLY:177	xDFG_17.xDFG:83	#2b5bc1
A:LEU:178	al_18.a:l:84	#2b5bc1
A:ALA:179	al_18.a:l:85	#2b5bc1
A:JMB:401	Ligand
